3.6216,8.6661,-2.8073,-0.44699,0
4.5459,8.1674,-2.4586,-1.4621,0
3.866,-2.6383,1.9242,0.10645,0
3.4566,9.5228,-4.0112,-3.5944,0
0.32924,-4.4552,4.5718,-0.9888,0
4.3684,9.6718,-3.9606,-3.1625,0
3.5912,3.0129,0.72888,0.56421,0
2.0922,-6.81,8.4636,-0.60216,0
3.2032,5.7588,-0.75345,-0.61251,0
1.5356,9.1772,-2.2718,-0.73535,0
1.2247,8.7779,-2.2135,-0.80647,0
3.9899,-2.7066,2.3946,0.86291,0
1.8993,7.6625,0.15394,-3.1108,0
-1.5768,10.843,2.5462,-2.9362,0
3.404,8.7261,-2.9915,-0.57242,0
4.6765,-3.3895,3.4896,1.4771,0
2.6719,3.0646,0.37158,0.58619,0
0.80355,2.8473,4.3439,0.6017,0
1.4479,-4.8794,8.3428,-2.1086,0
5.2423,11.0272,-4.353,-4.1013,0
5.7867,7.8902,-2.6196,-0.48708,0
0.3292,-4.4552,4.5718,-0.9888,0
3.9362,10.1622,-3.8235,-4.0172,0
0.93584,8.8855,-1.6831,-1.6599,0
4.4338,9.887,-4.6795,-3.7483,0
0.7057,-5.4981,8.3368,-2.8715,0
1.1432,-3.7413,5.5777,-0.63578,0
-0.38214,8.3909,2.1624,-3.7405,0
6.5633,9.8187,-4.4113,-3.2258,0
4.8906,-3.3584,3.4202,1.0905,0
-0.24811,-0.17797,4.9068,0.15429,0
1.4884,3.6274,3.308,0.48921,0
4.2969,7.617,-2.3874,-0.96164,0
-0.96511,9.4111,1.7305,-4.8629,0
-1.6162,0.80908,8.1628,0.60817,0
2.4391,6.4417,-0.80743,-0.69139,0
2.6881,6.0195,-0.46641,-0.69268,0
3.6289,0.81322,1.6277,0.77627,0
4.5679,3.1929,-2.1055,0.29653,0
3.4805,9.7008,-3.7541,-3.4379,0
4.1711,8.722,-3.0224,-0.59699,0
-0.2062,9.2207,-3.7044,-6.8103,0
-0.0068919,9.2931,-0.41243,-1.9638,0
0.96441,5.8395,2.3235,0.066365,0
2.8561,6.9176,-0.79372,0.48403,0
-0.7869,9.5663,-3.7867,-7.5034,0
2.0843,6.6258,0.48382,-2.2134,0
-0.7869,9.5663,-3.7867,-7.5034,0
3.9102,6.065,-2.4534,-0.68234,0
1.6349,3.286,2.8753,0.087054,0
4.3239,-4.8835,3.4356,-0.5776,0
5.262,3.9834,-1.5572,1.0103,0
3.1452,5.825,-0.51439,-1.4944,0
2.549,6.1499,-1.1605,-1.2371,0
4.9264,5.496,-2.4774,-0.50648,0
4.8265,0.80287,1.6371,1.1875,0
2.5635,6.7769,-0.61979,0.38576,0
5.807,5.0097,-2.2384,0.43878,0
3.1377,-4.1096,4.5701,0.98963,0
-0.78289,11.3603,-0.37644,-7.0495,0
2.888,0.44696,4.5907,-0.24398,0
0.49665,5.527,1.7785,-0.47156,0
4.2586,11.2962,-4.0943,-4.3457,0
1.7939,-1.1174,1.5454,-0.26079,0
5.4021,3.1039,-1.1536,1.5651,0
2.5367,2.599,2.0938,0.20085,0
4.6054,-4.0765,2.7587,0.31981,0
2.4235,9.5332,-3.0789,-2.7746,0
1.0009,7.7846,-0.28219,-2.6608,0
0.12326,8.9848,-0.9351,-2.4332,0
3.9529,-2.3548,2.3792,0.48274,0
4.1373,0.49248,1.093,1.8276,0
4.7181,10.0153,-3.9486,-3.8582,0
4.1654,-3.4495,3.643,1.0879,0
4.4069,10.9072,-4.5775,-4.4271,0
2.3066,3.5364,0.57551,0.41938,0
3.7935,7.9853,-2.5477,-1.872,0
0.049175,6.1437,1.7828,-0.72113,0
0.24835,7.6439,0.9885,-0.87371,0
1.1317,3.9647,3.3979,0.84351,0
2.8033,9.0862,-3.3668,-1.0224,0
4.4682,2.2907,0.95766,0.83058,0
5.0185,8.5978,-2.9375,-1.281,0
1.8664,7.7763,-0.23849,-2.9634,0
3.245,6.63,-0.63435,0.86937,0
4.0296,2.6756,0.80685,0.71679,0
-1.1313,1.9037,7.5339,1.022,0
0.87603,6.8141,0.84198,-0.17156,0
4.1197,-2.7956,2.0707,0.67412,0
3.8027,0.81529,2.1041,1.0245,0
1.4806,7.6377,-2.7876,-1.0341,0
4.0632,3.584,0.72545,0.39481,0
4.3064,8.2068,-2.7824,-1.4336,0
2.4486,-6.3175,7.9632,0.20602,0
3.2718,1.7837,2.1161,0.61334,0
-0.64472,-4.6062,8.347,-2.7099,0
2.9543,1.076,0.64577,0.89394,0
2.1616,-6.8804,8.1517,-0.081048,0
3.82,10.9279,-4.0112,-5.0284,0
-2.7419,11.4038,2.5394,-5.5793,0
3.3669,-5.1856,3.6935,-1.1427,0
4.5597,-2.4211,2.6413,1.6168,0
5.1129,-0.49871,0.62863,1.1189,0
3.3397,-4.6145,3.9823,-0.23751,0
4.2027,0.22761,0.96108,0.97282,0
3.5438,1.2395,1.997,2.1547,0
2.3136,10.6651,-3.5288,-4.7672,0
-1.8584,7.886,-1.6643,-1.8384,0
3.106,9.5414,-4.2536,-4.003,0
2.9163,10.8306,-3.3437,-4.122,0
3.9922,-4.4676,3.7304,-0.1095,0
1.518,5.6946,0.094818,-0.026738,0
3.2351,9.647,-3.2074,-2.5948,0
4.2188,6.8162,-1.2804,0.76076,0
1.7819,6.9176,-1.2744,-1.5759,0
2.5331,2.9135,-0.822,-0.12243,0
3.8969,7.4163,-1.8245,0.14007,0
2.108,6.7955,-0.1708,0.4905,0
2.8969,0.70768,2.29,1.8663,0
0.9297,-3.7971,4.6429,-0.2957,0
3.4642,10.6878,-3.4071,-4.109,0
4.0713,10.4023,-4.1722,-4.7582,0
-1.4572,9.1214,1.7425,-5.1241,0
-1.5075,1.9224,7.1466,0.89136,0
-0.91718,9.9884,1.1804,-5.2263,0
2.994,7.2011,-1.2153,0.3211,0
-2.343,12.9516,3.3285,-5.9426,0
3.7818,-2.8846,2.2558,-0.15734,0
4.6689,1.3098,0.055404,1.909,0
3.4663,1.1112,1.7425,1.3388,0
3.2697,-4.3414,3.6884,-0.29829,0
5.1302,8.6703,-2.8913,-1.5086,0
2.0139,6.1416,0.37929,0.56938,0
0.4339,5.5395,2.033,-0.40432,0
-1.0401,9.3987,0.85998,-5.3336,0
4.1605,11.2196,-3.6136,-4.0819,0
5.438,9.4669,-4.9417,-3.9202,0
5.032,8.2026,-2.6256,-1.0341,0
5.2418,10.5388,-4.1174,-4.2797,0
-0.2062,9.2207,-3.7044,-6.8103,0
2.0911,0.94358,4.5512,1.234,0
1.7317,-0.34765,4.1905,-0.99138,0
4.1736,3.3336,-1.4244,0.60429,0
3.9232,-3.2467,3.4579,0.83705,0
3.8481,10.1539,-3.8561,-4.2228,0
0.5195,-3.2633,3.0895,-0.9849,0
3.8584,0.78425,1.1033,1.7008,0
1.7496,-0.1759,5.1827,1.2922,0
3.6277,0.9829,0.68861,0.63403,0
2.7391,7.4018,0.071684,-2.5302,0
4.5447,8.2274,-2.4166,-1.5875,0
-1.7599,11.9211,2.6756,-3.3241,0
5.0691,0.21313,0.20278,1.2095,0
-1.3971,3.3191,-1.3927,-1.9948,1
0.39012,-0.14279,-0.031994,0.35084,1
-1.6677,-7.1535,7.8929,0.96765,1
-3.8483,-12.8047,15.6824,-1.281,1
-3.5681,-8.213,10.083,0.96765,1
-2.2804,-0.30626,1.3347,1.3763,1
-1.7582,2.7397,-2.5323,-2.234,1
-0.89409,3.1991,-1.8219,-2.9452,1
0.3434,0.12415,-0.28733,0.14654,1
-0.9854,-6.661,5.8245,0.5461,1
-2.4115,-9.1359,9.3444,-0.65259,1
-1.5252,-6.2534,5.3524,0.59912,1
-0.61442,-0.091058,-0.31818,0.50214,1
-0.36506,2.8928,-3.6461,-3.0603,1
-5.9034,6.5679,0.67661,-6.6797,1
-1.8215,2.7521,-0.72261,-2.353,1
-0.77461,-1.8768,2.4023,1.1319,1
-1.8187,-9.0366,9.0162,-0.12243,1
-3.5801,-12.9309,13.1779,-2.5677,1
-1.8219,-6.8824,5.4681,0.057313,1
-0.3481,-0.38696,-0.47841,0.62627,1
0.47368,3.3605,-4.5064,-4.0431,1
-3.4083,4.8587,-0.76888,-4.8668,1
-1.6662,-0.30005,1.4238,0.024986,1
-2.0962,-7.1059,6.6188,-0.33708,1
-2.6685,-10.4519,9.1139,-1.7323,1
-0.47465,-4.3496,1.9901,0.7517,1
1.0552,1.1857,-2.6411,0.11033,1
1.1644,3.8095,-4.9408,-4.0909,1
-4.4779,7.3708,-0.31218,-6.7754,1
-2.7338,0.45523,2.4391,0.21766,1
-2.286,-5.4484,5.8039,0.88231,1
-1.6244,-6.3444,4.6575,0.16981,1
0.50813,0.47799,-1.9804,0.57714,1
1.6408,4.2503,-4.9023,-2.6621,1
0.81583,4.84,-5.2613,-6.0823,1
-5.4901,9.1048,-0.38758,-5.9763,1
-3.2238,2.7935,0.32274,-0.86078,1
-2.0631,-1.5147,1.219,0.44524,1
-0.91318,-2.0113,-0.19565,0.066365,1
0.6005,1.9327,-3.2888,-0.32415,1
0.91315,3.3377,-4.0557,-1.6741,1
-0.28015,3.0729,-3.3857,-2.9155,1
-3.6085,3.3253,-0.51954,-3.5737,1
-6.2003,8.6806,0.0091344,-3.703,1
-4.2932,3.3419,0.77258,-0.99785,1
-3.0265,-0.062088,0.68604,-0.055186,1
-1.7015,-0.010356,-0.99337,-0.53104,1
-0.64326,2.4748,-2.9452,-1.0276,1
-0.86339,1.9348,-2.3729,-1.0897,1
-2.0659,1.0512,-0.46298,-1.0974,1
-2.1333,1.5685,-0.084261,-1.7453,1
-1.2568,-1.4733,2.8718,0.44653,1
-3.1128,-6.841,10.7402,-1.0172,1
-4.8554,-5.9037,10.9818,-0.82199,1
-2.588,3.8654,-0.3336,-1.2797,1
0.24394,1.4733,-1.4192,-0.58535,1
-1.5322,-5.0966,6.6779,0.17498,1
-4.0025,-13.4979,17.6772,-3.3202,1
-4.0173,-8.3123,12.4547,-1.4375,1
-3.0731,-0.53181,2.3877,0.77627,1
-1.979,3.2301,-1.3575,-2.5819,1
-0.4294,-0.14693,0.044265,-0.15605,1
-2.234,-7.0314,7.4936,0.61334,1
-4.211,-12.4736,14.9704,-1.3884,1
-3.8073,-8.0971,10.1772,0.65084,1
-2.5912,-0.10554,1.2798,1.0414,1
-2.2482,3.0915,-2.3969,-2.6711,1
-1.4427,3.2922,-1.9702,-3.4392,1
-0.39416,-0.020702,-0.066267,-0.44699,1
-1.522,-6.6383,5.7491,-0.10691,1
-2.8267,-9.0407,9.0694,-0.98233,1
-1.7263,-6.0237,5.2419,0.29524,1
-0.94255,0.039307,-0.24192,0.31593,1
-0.89569,3.0025,-3.6067,-3.4457,1
-6.2815,6.6651,0.52581,-7.0107,1
-2.3211,3.166,-1.0002,-2.7151,1
-1.3414,-2.0776,2.8093,0.60688,1
-2.258,-9.3263,9.3727,-0.85949,1
-3.8858,-12.8461,12.7957,-3.1353,1
-1.8969,-6.7893,5.2761,-0.32544,1
-0.52645,-0.24832,-0.45613,0.41938,1
0.0096613,3.5612,-4.407,-4.4103,1
-3.8826,4.898,-0.92311,-5.0801,1
-2.1405,-0.16762,1.321,-0.20906,1
-2.4824,-7.3046,6.839,-0.59053,1
-2.9098,-10.0712,8.4156,-1.9948,1
-0.60975,-4.002,1.8471,0.6017,1
0.83625,1.1071,-2.4706,-0.062945,1
0.60731,3.9544,-4.772,-4.4853,1
-4.8861,7.0542,-0.17252,-6.959,1
-3.1366,0.42212,2.6225,-0.064238,1
-2.5754,-5.6574,6.103,0.65214,1
-1.8782,-6.5865,4.8486,-0.021566,1
0.24261,0.57318,-1.9402,0.44007,1
1.296,4.2855,-4.8457,-2.9013,1
0.25943,5.0097,-5.0394,-6.3862,1
-5.873,9.1752,-0.27448,-6.0422,1
-3.4605,2.6901,0.16165,-1.0224,1
-2.3797,-1.4402,1.1273,0.16076,1
-1.2424,-1.7175,-0.52553,-0.21036,1
0.20216,1.9182,-3.2828,-0.61768,1
0.59823,3.5012,-3.9795,-1.7841,1
-0.77995,3.2322,-3.282,-3.1004,1
-4.1409,3.4619,-0.47841,-3.8879,1
-6.5084,8.7696,0.23191,-3.937,1
-4.4996,3.4288,0.56265,-1.1672,1
-3.3125,0.10139,0.55323,-0.2957,1
-1.9423,0.3766,-1.2898,-0.82458,1
-0.75793,2.5349,-3.0464,-1.2629,1
-0.95403,1.9824,-2.3163,-1.1957,1
-2.2173,1.4671,-0.72689,-1.1724,1
-2.799,1.9679,-0.42357,-2.1125,1
-1.8629,-0.84841,2.5377,0.097399,1
-3.5916,-6.2285,10.2389,-1.1543,1
-5.1216,-5.3118,10.3846,-1.0612,1
-3.2854,4.0372,-0.45356,-1.8228,1
-0.56877,1.4174,-1.4252,-1.1246,1
-2.3518,-4.8359,6.6479,-0.060358,1
-4.4861,-13.2889,17.3087,-3.2194,1
-4.3876,-7.7267,11.9655,-1.4543,1
-3.3604,-0.32696,2.1324,0.6017,1
