3.4591,11.112,-4.2039,-5.0931,0
1.9358,8.1654,-0.023425,-2.2586,0
2.486,-0.99533,5.3404,-0.15475,0
2.4226,-4.5752,5.947,0.21507,0
3.9479,-3.7723,2.883,0.019813,0
2.2634,-4.4862,3.6558,-0.61251,0
1.3566,4.2358,2.1341,0.3211,0
5.0452,3.8964,-1.4304,0.86291,0
3.5499,8.6165,-3.2794,-1.2009,0
0.17346,7.8695,0.26876,-3.7883,0
2.4008,9.3593,-3.3565,-3.3526,0
4.8851,1.5995,-0.00029081,1.6401,0
4.1927,-3.2674,2.5839,0.21766,0
1.1166,8.6496,-0.96252,-1.8112,0
1.0235,6.901,-2.0062,-2.7125,0
-1.803,11.8818,2.0458,-5.2728,0
0.11739,6.2761,-1.5495,-2.4746,0
0.5706,-0.0248,1.2421,-0.5621,0
4.0552,-2.4583,2.2806,1.0323,0
-1.6952,1.0657,8.8294,0.94955,0
-1.1193,10.7271,2.0938,-5.6504,0
1.8799,2.4707,2.4931,0.37671,0
3.583,-3.7971,3.4391,-0.12501,0
0.19081,9.1297,-3.725,-5.8224,0
3.6582,5.6864,-1.7157,-0.23751,0
-0.13144,-1.7775,8.3316,0.35214,0
2.3925,9.798,-3.0361,-2.8224,0
1.6426,3.0149,0.22849,-0.147,0
-0.11783,-1.5789,8.03,-0.028031,0
-0.69572,8.6165,1.8419,-4.3289,0
2.9421,7.4101,-0.97709,-0.88406,0
-1.7559,11.9459,3.0946,-4.8978,0
-1.2537,10.8803,1.931,-4.3237,0
3.2585,-4.4614,3.8024,-0.15087,0
1.8314,6.3672,-0.036278,0.049554,0
4.5645,-3.6275,2.8684,0.27714,0
2.7365,-5.0325,6.6608,-0.57889,0
0.9297,-3.7971,4.6429,-0.2957,0
3.9663,10.1684,-4.1131,-4.6056,0
1.4578,-0.08485,4.1785,0.59136,0
4.8272,3.0687,0.68604,0.80731,0
-2.341,12.3784,0.70403,-7.5836,0
-1.8584,7.886,-1.6643,-1.8384,0
4.1454,7.257,-1.9153,-0.86078,0
1.9157,6.0816,0.23705,-2.0116,0
4.0215,-2.1914,2.4648,1.1409,0
5.8862,5.8747,-2.8167,-0.30087,0
-2.0897,10.8265,2.3603,-3.4198,0
4.0026,-3.5943,3.5573,0.26809,0
-0.78689,9.5663,-3.7867,-7.5034,0
4.1757,10.2615,-3.8552,-4.3056,0
0.83292,7.5404,0.65005,-0.92544,0
4.8077,2.2327,-0.26334,1.5534,0
5.3063,5.2684,-2.8904,-0.52716,0
2.5605,9.2683,-3.5913,-1.356,0
2.1059,7.6046,-0.47755,-1.8461,0
2.1721,-0.73874,5.4672,-0.72371,0
4.2899,9.1814,-4.6067,-4.3263,0
3.5156,10.1891,-4.2759,-4.978,0
2.614,8.0081,-3.7258,-1.3069,0
0.68087,2.3259,4.9085,0.54998,0
4.1962,0.74493,0.83256,0.753,0
6.0919,2.9673,-1.3267,1.4551,0
1.3234,3.2964,0.2362,-0.11984,0
1.3264,1.0326,5.6566,-0.41337,0
-0.16735,7.6274,1.2061,-3.6241,0
-1.3,10.2678,-2.953,-5.8638,0
-2.2261,12.5398,2.9438,-3.5258,0
2.4196,6.4665,-0.75688,0.228,0
1.0987,0.6394,5.989,-0.58277,0
4.6464,10.5326,-4.5852,-4.206,0
-0.36038,4.1158,3.1143,-0.37199,0
1.3562,3.2136,4.3465,0.78662,0
0.5706,-0.0248,1.2421,-0.5621,0
-2.6479,10.1374,-1.331,-5.4707,0
3.1219,-3.137,1.9259,-0.37458,0
5.4944,1.5478,0.041694,1.9284,0
-1.3389,1.552,7.0806,1.031,0
-2.3361,11.9604,3.0835,-5.4435,0
2.2596,-0.033118,4.7355,-0.2776,0
0.46901,-0.63321,7.3848,0.36507,0
2.7296,2.8701,0.51124,0.5099,0
2.0466,2.03,2.1761,-0.083634,0
-1.3274,9.498,2.4408,-5.2689,0
3.8905,-2.1521,2.6302,1.1047,0
3.9994,0.90427,1.1693,1.6892,0
2.3952,9.5083,-3.1783,-3.0086,0
3.2704,6.9321,-1.0456,0.23447,0
-1.3931,1.5664,7.5382,0.78403,0
1.6406,3.5488,1.3964,-0.36424,0
2.7744,6.8576,-1.0671,0.075416,0
2.4287,9.3821,-3.2477,-1.4543,0
4.2134,-2.806,2.0116,0.67412,0
1.6472,0.48213,4.7449,1.225,0
2.0597,-0.99326,5.2119,-0.29312,0
0.3798,0.7098,0.7572,-0.4444,0
1.0135,8.4551,-1.672,-2.0815,0
4.5691,-4.4552,3.1769,0.0042961,0
0.57461,10.1105,-1.6917,-4.3922,0
0.5734,9.1938,-0.9094,-1.872,0
5.2868,3.257,-1.3721,1.1668,0
4.0102,10.6568,-4.1388,-5.0646,0
4.1425,-3.6792,3.8281,1.6297,0
3.0934,-2.9177,2.2232,0.22283,0
2.2034,5.9947,0.53009,0.84998,0
3.744,0.79459,0.95851,1.0077,0
3.0329,2.2948,2.1135,0.35084,0
3.7731,7.2073,-1.6814,-0.94742,0
3.1557,2.8908,0.59693,0.79825,0
1.8114,7.6067,-0.9788,-2.4668,0
4.988,7.2052,-3.2846,-1.1608,0
2.483,6.6155,-0.79287,-0.90863,0
1.594,4.7055,1.3758,0.081882,0
-0.016103,9.7484,0.15394,-1.6134,0
3.8496,9.7939,-4.1508,-4.4582,0
0.9297,-3.7971,4.6429,-0.2957,0
4.9342,2.4107,-0.17594,1.6245,0
3.8417,10.0215,-4.2699,-4.9159,0
5.3915,9.9946,-3.8081,-3.3642,0
4.4072,-0.070365,2.0416,1.1319,0
2.6946,6.7976,-0.40301,0.44912,0
5.2756,0.13863,0.12138,1.1435,0
3.4312,6.2637,-1.9513,-0.36165,0
4.052,-0.16555,0.45383,0.51248,0
1.3638,-4.7759,8.4182,-1.8836,0
0.89566,7.7763,-2.7473,-1.9353,0
1.9265,7.7557,-0.16823,-3.0771,0
0.20977,-0.46146,7.7267,0.90946,0
4.068,-2.9363,2.1992,0.50084,0
2.877,-4.0599,3.6259,-0.32544,0
0.3223,-0.89808,8.0883,0.69222,0
-1.3,10.2678,-2.953,-5.8638,0
1.7747,-6.4334,8.15,-0.89828,0
1.3419,-4.4221,8.09,-1.7349,0
0.89606,10.5471,-1.4175,-4.0327,0
0.44125,2.9487,4.3225,0.7155,0
3.2422,6.2265,0.12224,-1.4466,0
2.5678,3.5136,0.61406,-0.40691,0
-2.2153,11.9625,0.078538,-7.7853,0
4.1349,6.1189,-2.4294,-0.19613,0
1.934,-9.2828e-06,4.816,-0.33967,0
2.5068,1.1588,3.9249,0.12585,0
2.1464,6.0795,-0.5778,-2.2302,0
0.051979,7.0521,-2.0541,-3.1508,0
1.2706,8.035,-0.19651,-2.1888,0
1.143,0.83391,5.4552,-0.56984,0
2.2928,9.0386,-3.2417,-1.2991,0
0.3292,-4.4552,4.5718,-0.9888,0
2.9719,6.8369,-0.2702,0.71291,0
1.6849,8.7489,-1.2641,-1.3858,0
-1.9177,11.6894,2.5454,-3.2763,0
2.3729,10.4726,-3.0087,-3.2013,0
1.0284,9.767,-1.3687,-1.7853,0
-1.0112,2.9984,-1.1664,-1.6185,1
0.030219,-1.0512,1.4024,0.77369,1
-1.6514,-8.4985,9.1122,1.2379,1
-3.2692,-12.7406,15.5573,-0.14182,1
-2.5701,-6.8452,8.9999,2.1353,1
-1.3066,0.25244,0.7623,1.7758,1
-1.6637,3.2881,-2.2701,-2.2224,1
-0.55008,2.8659,-1.6488,-2.4319,1
0.21431,-0.69529,0.87711,0.29653,1
-0.77288,-7.4473,6.492,0.36119,1
-1.8391,-9.0883,9.2416,-0.10432,1
-0.63298,-5.1277,4.5624,1.4797,1
0.0040545,0.62905,-0.64121,0.75817,1
-0.28696,3.1784,-3.5767,-3.1896,1
-5.2406,6.6258,-0.19908,-6.8607,1
-1.4446,2.1438,-0.47241,-1.6677,1
-0.65767,-2.8018,3.7115,0.99739,1
-1.5449,-10.1498,9.6152,-1.2332,1
-2.8957,-12.0205,11.9149,-2.7552,1
-0.81479,-5.7381,4.3919,0.3211,1
0.50225,0.65388,-1.1793,0.39998,1
0.74521,3.6357,-4.4044,-4.1414,1
-2.9146,4.0537,-0.45699,-4.0327,1
-1.3907,-1.3781,2.3055,-0.021566,1
-1.786,-8.1157,7.0858,-1.2112,1
-1.7322,-9.2828,7.719,-1.7168,1
0.55298,-3.4619,1.7048,1.1008,1
2.031,1.852,-3.0121,0.003003,1
1.2279,4.0309,-4.6435,-3.9125,1
-4.2249,6.2699,0.15822,-5.5457,1
-2.5346,-0.77392,3.3602,0.00171,1
-1.749,-6.332,6.0987,0.14266,1
-0.539,-5.167,3.4399,0.052141,1
1.5631,0.89599,-1.9702,0.65472,1
2.3917,4.5565,-4.9888,-2.8987,1
0.89512,4.7738,-4.8431,-5.5909,1
-5.4808,8.1819,0.27818,-5.0323,1
-2.8833,1.7713,0.68946,-0.4638,1
-1.4174,-2.2535,1.518,0.61981,1
0.4283,-0.94981,-1.0731,0.3211,1
1.5904,2.2121,-3.1183,-0.11725,1
1.7425,3.6833,-4.0129,-1.7207,1
-0.23356,3.2405,-3.0669,-2.7784,1
-3.6227,3.9958,-0.35845,-3.9047,1
-6.1536,7.9295,0.61663,-3.2646,1
-3.9172,2.6652,0.78886,-0.7819,1
-2.2214,-0.23798,0.56008,0.05602,1
-0.49241,0.89392,-1.6283,-0.56854,1
0.26517,2.4066,-2.8416,-0.59958,1
-0.10234,1.8189,-2.2169,-0.56725,1
-1.6176,1.0926,-0.35502,-0.59958,1
-1.8448,1.254,0.27218,-1.0728,1
-1.2786,-2.4087,4.5735,0.47627,1
-2.902,-7.6563,11.8318,-0.84268,1
-4.3773,-5.5167,10.939,-0.4082,1
-2.0529,3.8385,-0.79544,-1.2138,1
0.18868,0.70148,-0.51182,0.0055892,1
-1.7279,-6.841,8.9494,0.68058,1
-3.3793,-13.7731,17.9274,-2.0323,1
-3.1273,-7.1121,11.3897,-0.083634,1
-2.121,-0.05588,1.949,1.353,1
-1.7697,3.4329,-1.2144,-2.3789,1
-0.0012852,0.13863,-0.19651,0.0081754,1
-1.682,-6.8121,7.1398,1.3323,1
-3.4917,-12.1736,14.3689,-0.61639,1
-3.1158,-8.6289,10.4403,0.97153,1
-2.0891,-0.48422,1.704,1.7435,1
-1.6936,2.7852,-2.1835,-1.9276,1
-1.2846,3.2715,-1.7671,-3.2608,1
-0.092194,0.39315,-0.32846,-0.13794,1
-1.0292,-6.3879,5.5255,0.79955,1
-2.2083,-9.1069,8.9991,-0.28406,1
-1.0744,-6.3113,5.355,0.80472,1
-0.51003,-0.23591,0.020273,0.76334,1
-0.36372,3.0439,-3.4816,-2.7836,1
-6.3979,6.4479,1.0836,-6.6176,1
-2.2501,3.3129,-0.88369,-2.8974,1
-1.1859,-1.2519,2.2635,0.77239,1
-1.8076,-8.8131,8.7086,-0.21682,1
-3.3863,-12.9889,13.0545,-2.7202,1
-1.4106,-7.108,5.6454,0.31335,1
-0.21394,-0.68287,0.096532,1.1965,1
0.48797,3.5674,-4.3882,-3.8116,1
-3.8167,5.1401,-0.65063,-5.4306,1
-1.9555,0.20692,1.2473,-0.3707,1
-2.1786,-6.4479,6.0344,-0.20777,1
-2.3299,-9.9532,8.4756,-1.8733,1
0.0031201,-4.0061,1.7956,0.91722,1
1.3518,1.0595,-2.3437,0.39998,1
1.2309,3.8923,-4.8277,-4.0069,1
-5.0301,7.5032,-0.13396,-7.5034,1
-3.0799,0.60836,2.7039,-0.23751,1
-2.2987,-5.227,5.63,0.91722,1
-1.239,-6.541,4.8151,-0.033204,1
0.75896,0.29176,-1.6506,0.83834,1
1.6799,4.2068,-4.5398,-2.3931,1
0.63655,5.2022,-5.2159,-6.1211,1
-6.0598,9.2952,-0.43642,-6.3694,1
-3.518,2.8763,0.1548,-1.2086,1
-2.0336,-1.4092,1.1582,0.36507,1
-0.69745,-1.7672,-0.34474,-0.12372,1
0.75108,1.9161,-3.1098,-0.20518,1
0.84546,3.4826,-3.6307,-1.3961,1
-0.55648,3.2136,-3.3085,-2.7965,1
-3.6817,3.2239,-0.69347,-3.4004,1
-6.7526,8.8172,-0.061983,-3.725,1
-4.577,3.4515,0.66719,-0.94742,1
-2.9883,0.31245,0.45041,0.068951,1
-1.4781,0.14277,-1.1622,-0.48579,1
-0.46651,2.3383,-2.9812,-1.0431,1
-0.8734,1.6533,-2.1964,-0.78061,1
-2.1234,1.1815,-0.55552,-0.81165,1
-2.3142,2.0838,-0.46813,-1.6767,1
-1.4233,-0.98912,2.3586,0.39481,1
-3.0866,-6.6362,10.5405,-0.89182,1
-4.7331,-6.1789,11.388,-1.0741,1
-2.8829,3.8964,-0.1888,-1.1672,1
-0.036127,1.525,-1.4089,-0.76121,1
-1.7104,-4.778,6.2109,0.3974,1
-3.8203,-13.0551,16.9583,-2.3052,1
-3.7181,-8.5089,12.363,-0.95518,1
-2.899,-0.60424,2.6045,1.3776,1
