0.27451,9.2186,-3.2863,-4.8448,0
1.6032,-4.7863,8.5193,-2.1203,0
4.616,10.1788,-4.2185,-4.4245,0
4.2478,7.6956,-2.7696,-1.0767,0
4.0215,-2.7004,2.4957,0.36636,0
5.0297,-4.9704,3.5025,-0.23751,0
1.5902,2.2948,3.2403,0.18404,0
2.1274,5.1939,-1.7971,-1.1763,0
1.1811,8.3847,-2.0567,-0.90345,0
0.3292,-4.4552,4.5718,-0.9888,0
5.7353,5.2808,-2.2598,0.075416,0
2.6718,5.6574,0.72974,-1.4892,0
1.5799,-4.7076,7.9186,-1.5487,0
2.9499,2.2493,1.3458,-0.037083,0
0.5195,-3.2633,3.0895,-0.9849,0
3.7352,9.5911,-3.9032,-3.3487,0
-1.7344,2.0175,7.7618,0.93532,0
3.884,10.0277,-3.9298,-4.0819,0
3.5257,1.2829,1.9276,1.7991,0
4.4549,2.4976,1.0313,0.96894,0
-0.16108,-6.4624,8.3573,-1.5216,0
4.2164,9.4607,-4.9288,-5.2366,0
3.5152,6.8224,-0.67377,-0.46898,0
1.6988,2.9094,2.9044,0.11033,0
1.0607,2.4542,2.5188,-0.17027,0
2.0421,1.2436,4.2171,0.90429,0
3.5594,1.3078,1.291,1.6556,0
3.0009,5.8126,-2.2306,-0.66553,0
3.9294,1.4112,1.8076,0.89782,0
3.4667,-4.0724,4.2882,1.5418,0
3.966,3.9213,0.70574,0.33662,0
1.0191,2.33,4.9334,0.82929,0
0.96414,5.616,2.2138,-0.12501,0
1.8205,6.7562,0.0099913,0.39481,0
4.9923,7.8653,-2.3515,-0.71984,0
-1.1804,11.5093,0.15565,-6.8194,0
4.0329,0.23175,0.89082,1.1823,0
0.66018,10.3878,-1.4029,-3.9151,0
3.5982,7.1307,-1.3035,0.21248,0
-1.8584,7.886,-1.6643,-1.8384,0
4.0972,0.46972,1.6671,0.91593,0
3.3299,0.91254,1.5806,0.39352,0
3.1088,3.1122,0.80857,0.4336,0
-4.2859,8.5234,3.1392,-0.91639,0
-1.2528,10.2036,2.1787,-5.6038,0
0.5195,-3.2633,3.0895,-0.9849,0
0.3292,-4.4552,4.5718,-0.9888,0
0.88872,5.3449,2.045,-0.19355,0
3.5458,9.3718,-4.0351,-3.9564,0
-0.21661,8.0329,1.8848,-3.8853,0
2.7206,9.0821,-3.3111,-0.96811,0
3.2051,8.6889,-2.9033,-0.7819,0
2.6917,10.8161,-3.3,-4.2888,0
-2.3242,11.5176,1.8231,-5.375,0
2.7161,-4.2006,4.1914,0.16981,0
3.3848,3.2674,0.90967,0.25128,0
1.7452,4.8028,2.0878,0.62627,0
2.805,0.57732,1.3424,1.2133,0
5.7823,5.5788,-2.4089,-0.056479,0
3.8999,1.734,1.6011,0.96765,0
3.5189,6.332,-1.7791,-0.020273,0
3.2294,7.7391,-0.37816,-2.5405,0
3.4985,3.1639,0.22677,-0.1651,0
2.1948,1.3781,1.1582,0.85774,0
2.2526,9.9636,-3.1749,-2.9944,0
4.1529,-3.9358,2.8633,-0.017686,0
0.74307,11.17,-1.3824,-4.0728,0
1.9105,8.871,-2.3386,-0.75604,0
-1.5055,0.070346,6.8681,-0.50648,0
0.58836,10.7727,-1.3884,-4.3276,0
3.2303,7.8384,-3.5348,-1.2151,0
-1.9922,11.6542,2.6542,-5.2107,0
2.8523,9.0096,-3.761,-3.3371,0
4.2772,2.4955,0.48554,0.36119,0
1.5099,0.039307,6.2332,-0.30346,0
5.4188,10.1457,-4.084,-3.6991,0
0.86202,2.6963,4.2908,0.54739,0
3.8117,10.1457,-4.0463,-4.5629,0
0.54777,10.3754,-1.5435,-4.1633,0
2.3718,7.4908,0.015989,-1.7414,0
-2.4953,11.1472,1.9353,-3.4638,0
4.6361,-2.6611,2.8358,1.1991,0
-2.2527,11.5321,2.5899,-3.2737,0
3.7982,10.423,-4.1602,-4.9728,0
-0.36279,8.2895,-1.9213,-3.3332,0
2.1265,6.8783,0.44784,-2.2224,0
0.86736,5.5643,1.6765,-0.16769,0
3.7831,10.0526,-3.8869,-3.7366,0
-2.2623,12.1177,0.28846,-7.7581,0
1.2616,4.4303,-1.3335,-1.7517,0
2.6799,3.1349,0.34073,0.58489,0
-0.39816,5.9781,1.3912,-1.1621,0
4.3937,0.35798,2.0416,1.2004,0
2.9695,5.6222,0.27561,-1.1556,0
1.3049,-0.15521,6.4911,-0.75346,0
2.2123,-5.8395,7.7687,-0.85302,0
1.9647,6.9383,0.57722,0.66377,0
3.0864,-2.5845,2.2309,0.30947,0
0.3798,0.7098,0.7572,-0.4444,0
0.58982,7.4266,1.2353,-2.9595,0
0.14783,7.946,1.0742,-3.3409,0
-0.062025,6.1975,1.099,-1.131,0
4.223,1.1319,0.72202,0.96118,0
0.64295,7.1018,0.3493,-0.41337,0
1.941,0.46351,4.6472,1.0879,0
4.0047,0.45937,1.3621,1.6181,0
3.7767,9.7794,-3.9075,-3.5323,0
3.4769,-0.15314,2.53,2.4495,0
1.9818,9.2621,-3.521,-1.872,0
3.8023,-3.8696,4.044,0.95343,0
4.3483,11.1079,-4.0857,-4.2539,0
1.1518,1.3864,5.2727,-0.43536,0
-1.2576,1.5892,7.0078,0.42455,0
1.9572,-5.1153,8.6127,-1.4297,0
-2.484,12.1611,2.8204,-3.7418,0
-1.1497,1.2954,7.701,0.62627,0
4.8368,10.0132,-4.3239,-4.3276,0
-0.12196,8.8068,0.94566,-4.2267,0
1.9429,6.3961,0.092248,0.58102,0
1.742,-4.809,8.2142,-2.0659,0
-1.5222,10.8409,2.7827,-4.0974,0
-1.3,10.2678,-2.953,-5.8638,0
3.4246,-0.14693,0.80342,0.29136,0
2.5503,-4.9518,6.3729,-0.41596,0
1.5691,6.3465,-0.1828,-2.4099,0
1.3087,4.9228,2.0013,0.22024,0
5.1776,8.2316,-3.2511,-1.5694,0
2.229,9.6325,-3.1123,-2.7164,0
5.6272,10.0857,-4.2931,-3.8142,0
1.2138,8.7986,-2.1672,-0.74182,0
0.3798,0.7098,0.7572,-0.4444,0
0.5415,6.0319,1.6825,-0.46122,0
4.0524,5.6802,-1.9693,0.026279,0
4.7285,2.1065,-0.28305,1.5625,0
3.4359,0.66216,2.1041,1.8922,0
0.86816,10.2429,-1.4912,-4.0082,0
3.359,9.8022,-3.8209,-3.7133,0
3.6702,2.9942,0.85141,0.30688,0
1.3349,6.1189,0.46497,0.49826,0
3.1887,-3.4143,2.7742,-0.2026,0
2.4527,2.9653,0.20021,-0.056479,0
3.9121,2.9735,0.92852,0.60558,0
3.9364,10.5885,-3.725,-4.3133,0
3.9414,-3.2902,3.1674,1.0866,0
3.6922,-3.9585,4.3439,1.3517,0
5.681,7.795,-2.6848,-0.92544,0
0.77124,9.0862,-1.2281,-1.4996,0
3.5761,9.7753,-3.9795,-3.4638,0
1.602,6.1251,0.52924,0.47886,0
2.6682,10.216,-3.4414,-4.0069,0
2.0007,1.8644,2.6491,0.47369,0
0.64215,3.1287,4.2933,0.64696,0
-0.98193,2.7956,-1.2341,-1.5668,1
-0.17296,-1.1816,1.3818,0.7336,1
-1.9409,-8.6848,9.155,0.94049,1
-3.5713,-12.4922,14.8881,-0.47027,1
-2.9915,-6.6258,8.6521,1.8198,1
-1.8483,0.31038,0.77344,1.4189,1
-2.2677,3.2964,-2.2563,-2.4642,1
-0.50816,2.868,-1.8108,-2.2612,1
0.14329,-1.0885,1.0039,0.48791,1
-0.90784,-7.9026,6.7807,0.34179,1
-2.0042,-9.3676,9.3333,-0.10303,1
-0.93587,-5.1008,4.5367,1.3866,1
-0.40804,0.54214,-0.52725,0.6586,1
-0.8172,3.3812,-3.6684,-3.456,1
-4.8392,6.6755,-0.24278,-6.5775,1
-1.2792,2.1376,-0.47584,-1.3974,1
-0.66008,-3.226,3.8058,1.1836,1
-1.7713,-10.7665,10.2184,-1.0043,1
-3.0061,-12.2377,11.9552,-2.1603,1
-1.1022,-5.8395,4.5641,0.68705,1
0.11806,0.39108,-0.98223,0.42843,1
0.11686,3.735,-4.4379,-4.3741,1
-2.7264,3.9213,-0.49212,-3.6371,1
-1.2369,-1.6906,2.518,0.51636,1
-1.8439,-8.6475,7.6796,-0.66682,1
-1.8554,-9.6035,7.7764,-0.97716,1
0.16358,-3.3584,1.3749,1.3569,1
1.5077,1.9596,-3.0584,-0.12243,1
0.67886,4.1199,-4.569,-4.1414,1
-3.9934,5.8333,0.54723,-4.9379,1
-2.3898,-0.78427,3.0141,0.76205,1
-1.7976,-6.7686,6.6753,0.89912,1
-0.70867,-5.5602,4.0483,0.903,1
1.0194,1.1029,-2.3,0.59395,1
1.7875,4.78,-5.1362,-3.2362,1
0.27331,4.8773,-4.9194,-5.8198,1
-5.1661,8.0433,0.044265,-4.4983,1
-2.7028,1.6327,0.83598,-0.091393,1
-1.4904,-2.2183,1.6054,0.89394,1
-0.014902,-1.0243,-0.94024,0.64955,1
0.88992,2.2638,-3.1046,-0.11855,1
1.0637,3.6957,-4.1594,-1.9379,1
-0.8471,3.1329,-3.0112,-2.9388,1
-3.9594,4.0289,-0.35845,-3.8957,1
-5.8818,7.6584,0.5558,-2.9155,1
-3.7747,2.5162,0.83341,-0.30993,1
-2.4198,-0.24418,0.70146,0.41809,1
-0.83535,0.80494,-1.6411,-0.19225,1
-0.30432,2.6528,-2.7756,-0.65647,1
-0.60254,1.7237,-2.1501,-0.77027,1
-2.1059,1.1815,-0.53324,-0.82716,1
-2.0441,1.2271,0.18564,-1.091,1
-1.5621,-2.2121,4.2591,0.27972,1
-3.2305,-7.2135,11.6433,-0.94613,1
-4.8426,-4.9932,10.4052,-0.53104,1
-2.3147,3.6668,-0.6969,-1.2474,1
-0.11716,0.60422,-0.38587,-0.059065,1
-2.0066,-6.719,9.0162,0.099985,1
-3.6961,-13.6779,17.5795,-2.6181,1
-3.6012,-6.5389,10.5234,-0.48967,1
-2.6286,0.18002,1.7956,0.97282,1
-0.82601,2.9611,-1.2864,-1.4647,1
0.31803,-0.99326,1.0947,0.88619,1
-1.4454,-8.4385,8.8483,0.96894,1
-3.1423,-13.0365,15.6773,-0.66165,1
-2.5373,-6.959,8.8054,1.5289,1
-1.366,0.18416,0.90539,1.5806,1
-1.7064,3.3088,-2.2829,-2.1978,1
-0.41965,2.9094,-1.7859,-2.2069,1
0.37637,-0.82358,0.78543,0.74524,1
-0.55355,-7.9233,6.7156,0.74394,1
-1.6001,-9.5828,9.4044,0.081882,1
-0.37013,-5.554,4.7749,1.547,1
0.12126,0.22347,-0.47327,0.97024,1
-0.27068,3.2674,-3.5562,-3.0888,1
-5.119,6.6486,-0.049987,-6.5206,1
-1.3946,2.3134,-0.44499,-1.4905,1
-0.69879,-3.3771,4.1211,1.5043,1
-1.48,-10.5244,9.9176,-0.5026,1
-2.6649,-12.813,12.6689,-1.9082,1
-0.62684,-6.301,4.7843,1.106,1
0.518,0.25865,-0.84085,0.96118,1
0.64376,3.764,-4.4738,-4.0483,1
-2.9821,4.1986,-0.5898,-3.9642,1
-1.4628,-1.5706,2.4357,0.49826,1
-1.7101,-8.7903,7.9735,-0.45475,1
-1.5572,-9.8808,8.1088,-1.0806,1
0.74428,-3.7723,1.6131,1.5754,1
2.0177,1.7982,-2.9581,0.2099,1
1.164,3.913,-4.5544,-3.8672,1
-4.3667,6.0692,0.57208,-5.4668,1
-2.5919,-1.0553,3.8949,0.77757,1
-1.8046,-6.8141,6.7019,1.1681,1
-0.71868,-5.7154,3.8298,1.0233,1
1.4378,0.66837,-2.0267,1.0271,1
2.1943,4.5503,-4.976,-2.7254,1
0.7376,4.8525,-4.7986,-5.6659,1
-5.637,8.1261,0.13081,-5.0142,1
-3.0193,1.7775,0.73745,-0.45346,1
-1.6706,-2.09,1.584,0.71162,1
-0.1269,-1.1505,-0.95138,0.57843,1
1.2198,2.0982,-3.1954,0.12843,1
1.4501,3.6067,-4.0557,-1.5966,1
-0.40857,3.0977,-2.9607,-2.6892,1
-3.8952,3.8157,-0.31304,-3.8194,1
-6.3679,8.0102,0.4247,-3.2207,1
-4.1429,2.7749,0.68261,-0.71984,1
-2.6864,-0.097265,0.61663,0.061192,1
-1.0555,0.79459,-1.6968,-0.46768,1
-0.29858,2.4769,-2.9512,-0.66165,1
-0.49948,1.7734,-2.2469,-0.68104,1
-1.9881,0.99945,-0.28562,-0.70044,1
-1.9389,1.5706,0.045979,-1.122,1
-1.4375,-1.8624,4.026,0.55127,1
-3.1875,-7.5756,11.8678,-0.57889,1
-4.6765,-5.6636,10.969,-0.33449,1
-2.0285,3.8468,-0.63435,-1.175,1
0.26637,0.73252,-0.67891,0.03533,1
-1.7589,-6.4624,8.4773,0.31981,1
-3.5985,-13.6593,17.6052,-2.4927,1
-3.3582,-7.2404,11.4419,-0.57113,1
-2.3629,-0.10554,1.9336,1.1358,1
