4.675,1.7703,0,0,2,0,0,33.3,0,0,4,0,3.343,0,9.971,0,0.967,1.141,0,0,0,1.185,2,0,0,0,2.236,0.001,0,0,2.829,0,0,4,1,3.269,1.551,1,7.764,0,0,1
4.645,1.7575,1,0,0,0,3,45.7,0,3,0,0,4.173,0,10.642,12,0.993,1.107,0,0,0,1.297,3,0,0,0,2.236,0,0,0,3.604,0,0,0,0,3.957,2.043,0,9.309,0,0,1
4.679,3.1788,0,0,0,0,2,44.4,0,2,0,0,3.233,1.261,9.715,4,1.011,1.116,0,0,0,1.246,1,0,0,0,2.222,0.014,0,10.219,1.695,0,1,0,0,3.67,2.583,0,8.192,0,0,1
4.863,2.4397,1,0,0,0,3,54.5,0,0,0,0,4.043,0.569,10.135,0,0.984,1.087,0,0,0,1.381,2,1,0,0,2.3,0.001,1,0,2.241,0,1,0,0,6.879,1.981,0,11.612,0,1,1
4.481,2.7716,0,0,0,0,0,33.3,0,2,0,-0.065,2.566,0.929,9.053,1,1.047,1.139,0,0,0,1.127,1,0,0,0,2.136,-0.239,0,9.677,0.964,0,0,0,0,3.454,3.033,0,7.487,0,0,1
4.414,3.0463,0,0,0,0,0,38.5,1,2,0,0,2.895,1.203,9.209,1,1.023,1.128,0,0,0,1.241,1,0,0,0,2.152,-0.083,0,0,1.496,0,0,0,1,3.637,2.667,0,7.872,0,0,1
4.303,2.6696,0,0,0,0,0,33.3,0,2,0,-0.046,2.709,0.862,9.067,2,1.025,1.139,0,0,0,1.166,1,0,0,0,2.115,0.137,0,10.021,0.956,0,0,0,0,3.416,2.778,0,7.481,0,0,1
4.875,2.757,0,0,0,0,0,35.3,1,3,0,-0.444,3.12,1.233,9.856,6,1.03,1.135,0,0,0,1.19,1,0,0,0,2.288,-0.026,0,21.128,1.585,1,0,0,0,3.588,3.019,0,8.043,0,0,1
4.414,2.9065,0,0,0,0,0,30.8,1,3,0,-0.549,2.875,0.917,9.459,3,1.049,1.144,0,0,0,1.119,1,0,0,0,2.199,-0.085,0,10.009,1.101,0,0,0,0,3.512,2.929,0,7.713,0,0,1
4.882,3.3902,0,0,0,0,0,41.2,0,4,1,-2.476,3.459,1.258,10.136,4,1.069,1.127,0,0,0,1.179,1,0,0,0,2.288,0.005,0,20.641,2.011,0,0,4,2,3.785,3.472,1,8.553,0,0,1
4.17,3.1898,0,0,0,0,0,20,1,2,0,-0.968,2.533,0.971,8.597,0,1.052,1.175,0,0,0,1.032,0,0,0,0,1.848,0.441,0,9.243,1.542,0,0,1,3,3.326,4.033,1,7.273,0,0,1
4.414,2.9195,0,0,0,0,0,27.3,0,2,0,-0.657,2.915,0.917,9.459,3,1.067,1.166,0,0,0,1.127,1,0,0,0,2.199,-0.087,0,20.069,1.101,0,0,2,2,3.556,3.405,2,7.873,0,0,1
5.076,3.5506,0,0,1,0,0,38.1,2,3,2,0,3.418,1.258,10.189,7,1.029,1.133,0,0,0,1.204,1,0,0,0,2.352,0.004,0,10.46,1.244,0,1,3,2,3.821,3.014,1,8.441,0,0,1
4.655,3.6465,0,0,2,0,0,25,0,3,2,-1.641,3.198,1.761,9.723,3,1.036,1.164,0,0,0,1.1,0,0,0,0,2.107,-0.028,0,20.135,2.989,0,0,3,5,3.445,3.567,2,8.044,0,0,1
3.414,2.4441,1,0,0,0,0,33.3,1,0,0,0,2.631,1,7.408,0,0.997,1.132,0,0,0,1.291,0,0,1,0,1.618,-0.575,0,0,1.707,0,0,0,0,3.567,2.653,0,7.775,0,1,1
4.303,3.0634,0,0,0,0,0,21.4,2,3,0,0,2.648,1.459,8.815,2,1.037,1.164,0,0,0,0.995,0,0,0,0,1.932,-0.253,0,0,1.745,0,0,0,3,3.102,3.722,0,6.978,0,0,1
4.303,3.0468,1,0,0,0,0,23.1,2,2,0,0,2.913,1.459,8.815,1,1.039,1.156,0,0,0,1.09,0,0,1,0,1.932,-0.244,0,0,1.745,0,0,0,2,3.579,3.407,0,7.899,0,1,1
4.214,2.9483,0,0,0,0,0,23.5,1,1,0,0,2.587,1.459,8.755,0,0.991,1.164,0,0,0,1.127,0,0,0,0,1.902,-0.223,0,0,2.052,0,0,1,1,3.077,2.5,1,6.954,0,0,1
3.732,2.6724,0,0,0,0,0,20,1,2,0,0,2.616,1.585,8.16,1,1.019,1.172,0,0,0,1.024,0,0,0,0,1.802,-0.247,0,0,2.488,0,0,1,3,2.938,3.167,1,6.799,0,0,1
3.414,2.956,0,0,0,0,0,33.3,0,2,0,0,2.39,1,7.408,0,1.09,1.139,0,0,0,1.171,0,0,0,0,1.618,-0.723,0,17.611,1.707,0,0,0,0,3.218,4.5,0,7.145,0,0,1
4.236,2.9854,0,0,0,0,0,32.1,2,2,0,-0.654,3.751,3.122,10.004,2,0.974,1.141,0,0,0,1.193,0,0,0,0,2,0,0,10.334,8.008,0,0,0,1,3.329,2.05,0,8.216,0,0,1
4.462,3.3098,0,0,0,0,0,32.3,2,4,0,-0.287,3.997,3.524,10.224,5,0.984,1.141,0,0,0,1.173,0,0,0,0,2.088,0,0,11.373,9.6,0,0,0,2,3.384,2.22,0,8.492,0,0,1
4,3.078,0,0,0,0,0,22.2,1,1,0,-0.333,2.306,0.811,8.318,0,1.022,1.171,0,0,0,1.113,0,0,0,0,1.732,-0.65,0,9.222,1,0,0,1,2,3.281,3.667,1,7.135,0,0,1
4.372,3.5554,0,0,0,0,0,29.2,2,3,0,-0.233,3.138,1.922,9.494,3,1.007,1.147,0,0,0,1.136,0,0,0,0,2.031,-0.026,0,10.251,3.412,0,0,0,0,3.355,2.6,0,7.811,0,0,1
4.382,3.2243,0,0,0,0,0,33.3,2,2,0,-0.013,3.935,3.554,10.06,4,0.973,1.138,0,0,0,1.203,0,0,0,0,2.051,0,0,11.42,9.36,0,0,0,0,3.366,1.903,0,8.397,0,0,1
4.17,3.5122,0,0,0,0,0,33.3,0,2,0,-0.981,2.57,0.971,8.597,2,1.047,1.139,0,0,0,1.147,0,0,0,0,1.848,0.444,0,9.25,1.542,0,0,0,1,3.396,3.933,0,7.436,0,0,1
4.346,3.4572,0,0,0,0,0,33.3,1,2,0,-0.33,3.048,1.975,9.16,4,0.998,1.139,0,0,0,1.181,0,0,0,0,2,0.046,0,10.346,3.165,0,0,0,0,3.423,2.63,0,7.73,0,0,1
4.644,3.9848,0,0,0,0,0,36.8,1,2,0,0.048,3.09,1.837,9.467,6,1.004,1.131,0,0,0,1.223,0,0,0,0,2.084,0.048,0,10.532,2.732,0,0,0,0,3.529,2.815,0,7.958,0,0,1
4.645,3.6462,0,0,4,0,0,23.1,0,2,4,-0.987,3.347,2.117,9.828,2,1.018,1.173,0,0,0,1.104,0,0,0,0,2.098,-0.008,0,10.217,4.049,0,0,3,7,3.432,3.097,4,8.143,0,0,1
4.645,0.8039,0,0,0,0,0,34.1,3,12,0,-0.966,5.043,1.182,11.662,23,0.989,1.137,0,0,0,1.173,6,0,0,0,2.475,0,0,38.399,11.072,0,0,0,0,3.58,1.998,0,9.841,0,0,1
3.902,2.7284,0,0,1,0,0,33.3,1,0,1,0,3.092,2.322,8.881,0,0.969,1.141,0,0,0,1.233,0,0,0,0,1.919,-0.022,0,0,4.086,0,0,1,0,3.24,2.1,1,7.617,0,0,1
3,2.5124,0,0,0,0,0,33.3,1,0,0,0,2.081,0.918,6.594,0,0.998,1.152,0,0,0,1.303,0,0,0,0,1.414,0.917,0,0,1.333,0,0,1,0,3.201,3.5,1,6.984,0,0,1
4.362,3.6459,0,0,0,0,0,33.3,1,2,1,-0.449,2.997,1.906,9.059,3,1.027,1.144,0,0,0,1.205,0,0,0,0,2,-0.089,0,10.198,2.524,0,0,1,0,3.441,3.208,1,7.868,0,0,1
4.5,4.1188,1,0,0,0,0,32,3,3,0,0,4.808,4.3,10.919,9,0.967,1.14,0,0,0,1.211,0,0,0,0,2.121,0,0,0,10.634,0,0,0,0,3.939,1.622,0,9.326,0,0,1
4.593,2.8754,0,0,1,0,1,42.1,1,1,2,-0.036,3.222,1.461,9.665,1,0.998,1.125,0,0,0,1.264,1,0,0,0,2.175,0.014,0,10.502,2.298,0,1,3,1,3.599,2.483,1,8.187,0,0,1
4.499,2.8728,0,0,2,0,1,41.2,1,0,2,0,2.976,1.125,9.311,0,0.979,1.127,0,0,0,1.257,1,0,0,0,2.136,0.043,0,0,1.481,0,0,1,2,3.554,2.146,1,7.83,0,0,1
4.596,3.2643,0,0,0,0,2,42.9,0,2,0,0,3.025,0.875,9.54,4,1.022,1.119,0,0,0,1.223,1,0,0,0,2.175,0.047,0,0,1.069,0,2,0,2,3.651,2.917,0,8.003,0,0,1
4.517,2.898,0,0,0,0,1,42.1,1,1,0,0,3.086,1.409,9.391,2,0.987,1.12,0,0,0,1.252,1,0,0,0,2.149,-0.025,0,0,2.036,0,1,0,0,3.574,2.074,0,7.928,0,0,1
4.607,3.1199,0,0,1,0,2,38.9,0,1,2,0,3.105,1.187,9.631,2,0.998,1.132,0,0,0,1.227,1,0,0,0,2.194,-0.025,0,0,1.544,0,2,2,2,3.643,2.315,1,8.042,0,0,1
4.499,3.0314,0,0,0,0,1,50,0,1,0,0,3.027,1.125,9.311,2,0.998,1.104,0,0,0,1.291,1,0,0,0,2.136,0.045,0,10.006,1.481,0,0,0,0,3.592,2.583,0,7.979,0,0,1
4.732,3.015,0,0,0,0,1,47.1,1,1,0,0.121,3.127,1.187,9.642,2,0.992,1.11,0,0,0,1.286,1,0,0,0,2.194,-0.025,0,10.645,1.659,0,0,0,0,3.652,2.481,0,8.132,0,0,1
5.072,2.9677,0,0,0,0,2,38.1,2,4,0,-0.942,3.863,2.341,10.435,12,1.001,1.129,0,0,0,1.206,1,0,0,0,2.351,0,0,23.889,4.023,0,0,0,0,3.794,2.433,0,8.737,2,0,1
5.075,2.9203,0,0,0,0,2,36.4,4,4,0,-0.888,4.159,2.681,10.794,14,0.986,1.132,0,0,0,1.21,1,0,0,0,2.357,0,0,25.14,5.828,0,0,0,0,3.795,2.19,0,8.941,2,0,1
4.842,3.2871,0,0,1,0,2,41.2,0,4,2,-1.093,3.483,1.258,10.136,8,1.069,1.127,0,1,0,1.199,1,0,0,0,2.278,0.005,0,30.593,2.113,0,1,2,1,3.849,3.5,1,8.704,0,0,1
5.021,3.5325,0,0,0,0,4,38.9,0,5,0,-1.291,3.45,1.124,10.277,10,1.072,1.127,0,0,0,1.147,1,0,0,0,2.343,0.005,0,10.313,1.623,0,3,0,4,3.834,3.611,0,8.537,0,0,1
4.499,3.0645,0,0,2,0,1,53.8,0,0,2,0,3.047,1.125,9.311,0,0.99,1.102,0,0,0,1.337,1,0,0,0,2.136,0.046,0,0,1.481,0,0,1,0,3.636,2.521,1,8.094,0,0,1
4.414,2.1543,0,0,1,0,0,30,0,0,2,0,2.736,0.802,9.183,0,0.97,1.149,0,0,0,1.165,1,0,0,0,2.101,-0.064,0,0,0.975,0,0,2,2,3.143,1.833,1,7.083,0,0,1
5.099,2.2523,0,0,0,1,0,35.1,2,2,0,1.47,3.533,1.938,10.469,3,0.983,1.135,0,0,0,1.209,1,0,0,0,2.236,-0.001,0,10.55,3.879,1,0,0,1,3.429,2.283,0,8.257,0,0,1
4.791,2.9639,0,0,0,0,2,45,0,1,0,0,3.211,1.461,9.725,3,0.987,1.114,0,0,0,1.29,1,0,0,0,2.231,0.014,0,0,1.917,0,1,0,1,3.661,2.383,0,8.14,0,0,1
4.842,2.4571,0,0,0,0,2,54.5,0,0,0,0,3.414,0,9.955,0,0.974,1.094,0,0,0,1.336,2,0,0,0,2.278,-0.002,0,0,2.113,0,0,0,0,3.711,1.944,0,8.428,0,0,1
4.303,2.9763,0,0,0,0,0,30,0,3,0,-0.546,2.745,0.862,9.067,2,1.075,1.146,0,0,0,1.101,1,0,0,0,2.115,0.153,0,9.799,0.956,0,0,0,0,3.464,3.111,0,7.565,0,0,1
4.414,2.8688,0,0,0,0,0,41.7,0,1,1,-0.053,2.898,0.802,9.183,2,1.016,1.128,0,0,0,1.25,1,0,0,0,2.101,-0.082,0,10.214,0.975,0,0,2,1,3.523,2.738,1,7.808,0,0,1
4,2.1142,0,0,0,0,0,29.4,0,0,1,0,2.585,0,8.623,0,0.972,1.151,0,0,0,1.138,1,0,0,0,2,0.112,0,0,0.667,0,0,2,1,3.033,1.667,1,6.823,0,0,1
4.918,2.3933,0,2,6,0,0,21.7,0,2,10,0,3.482,1.116,10.266,4,1.045,1.184,0,0,0,1.136,3,0,0,0,2.376,0.001,0,20.532,1.651,0,0,4,0,3.535,2.731,6,8.314,0,0,1
4.983,4.2631,0,0,0,0,0,23.1,2,6,0,0,3.342,1.792,10.074,8,1.044,1.16,0,0,0,1.011,0,0,0,0,2.247,-0.008,0,0,2.666,0,0,0,6,3.397,3.694,0,7.88,0,0,1
4.383,3.2291,0,0,0,0,0,32.6,2,2,0,0.022,4.136,3.882,10.272,4,0.97,1.14,0,0,0,1.199,0,0,0,0,2.058,0,0,11.783,11.382,0,0,0,0,3.366,1.789,0,8.51,0,0,1
3.956,2.8079,0,0,0,0,0,31.9,2,0,0,0,3.413,2.974,9.377,0,0.96,1.141,0,0,0,1.208,0,0,0,0,1.962,0.001,0,0,6.102,0,0,0,0,2.976,1.567,0,7.59,0,0,1
3.848,2.5749,0,0,2,0,0,25,2,0,2,0,2.824,2,8.584,0,0.975,1.163,0,0,0,1.134,0,0,0,0,1.879,-0.07,0,0,3.284,0,0,2,4,2.918,2.125,2,6.954,0,0,1
3.802,2.7308,0,0,0,0,0,22.2,2,2,0,0,2.753,1.95,8.394,0,1.01,1.166,0,0,0,1.058,0,0,0,0,1.848,0.141,0,0,2.885,0,0,2,3,2.955,2.929,1,6.944,0,0,1
4.399,3.3815,1,0,0,0,0,32.6,2,4,0,-0.214,4.632,4.491,10.776,8,0.974,1.138,0,0,0,1.206,0,0,0,0,2.08,0,0,23.914,17.537,0,0,0,0,3.646,1.855,0,9.204,0,0,1
4.334,3.6944,0,0,0,0,0,33.3,1,2,0,-0.359,2.838,1.557,8.944,3,1.013,1.139,0,0,0,1.178,0,0,0,0,1.97,0.15,0,10.072,2.195,0,0,0,0,3.421,2.952,0,7.598,0,0,1
4.347,3.1896,0,0,0,0,0,33.3,1,2,0,-0.312,3.371,2.565,9.489,4,0.985,1.139,0,0,0,1.195,0,0,0,0,2.015,0.004,0,10.607,4.993,0,0,0,0,3.423,2.282,0,7.952,0,0,1
4.414,3.2075,0,0,0,0,0,44.4,0,3,0,-1.157,2.954,0.917,9.459,4,1.096,1.116,0,0,0,1.183,1,0,0,0,2.199,-0.091,0,19.847,1.101,0,0,0,0,3.658,3.548,0,8.015,0,0,1
4.17,2.9651,0,0,0,0,0,33.3,2,0,2,0,2.499,0.971,8.597,0,0.979,1.145,0,0,0,1.271,0,0,0,0,1.848,0.368,0,0,1.542,0,0,1,0,3.33,2.767,1,7.322,0,0,1
4,3,0,0,0,0,0,50,0,0,0,0,2.72,0,8.623,0,0.971,1.104,0,0,0,1.316,1,0,0,0,2,0.13,0,0,0.667,0,0,0,0,3.452,2,0,7.573,0,0,1
4.499,3.0778,0,0,0,0,1,43.8,0,1,0,0,2.99,1.125,9.311,2,0.991,1.117,0,0,0,1.253,1,0,0,0,2.136,0.045,0,0,1.481,0,1,0,0,3.573,2.146,0,7.878,0,0,1
4.783,3.2726,0,0,2,0,2,38.9,0,1,2,0,3.105,1.187,9.668,2,0.998,1.132,0,0,0,1.23,1,0,0,0,2.222,-0.025,0,0,1.358,0,2,2,2,3.666,2.315,1,8.046,0,0,1
5.31,2.3715,0,0,0,0,4,58.3,0,2,0,-0.128,3.745,0.625,10.681,8,1.008,1.087,0,0,0,1.312,6,0,0,0,2.499,0,0,24.203,1.262,0,0,0,0,3.942,2.5,0,8.901,0,0,1
4.977,1.9452,0,0,0,0,0,32.4,1,6,0,-0.347,4.201,3.866,10.735,9,0.992,1.14,0,0,0,1.166,1,0,0,0,2.361,0,0,11.747,10.593,0,0,0,3,3.497,2.3,0,8.778,0,0,1
4.977,1.9472,0,0,0,0,0,31.4,1,6,0,-0.338,4.127,3.706,10.694,9,0.993,1.143,0,0,0,1.153,1,0,0,0,2.361,0,0,11.724,9.639,0,0,0,3,3.497,2.321,0,8.68,0,0,1
5.286,3.4839,0,0,6,0,0,36.4,0,3,12,-1.986,3.805,1.622,10.617,12,1.018,1.14,0,0,0,1.224,1,0,0,0,2.458,0,0,35.814,1.615,0,0,3,0,3.789,2.861,3,8.759,0,0,0
5.022,1.587,2,2,14,0,10,44.7,4,4,22,-2.162,4.825,0.795,11.593,6,1.014,1.12,0,0,0,1.291,4,0,1,0,2.393,0,0,49.914,8.322,0,6,18,2,4.006,2.505,6,10.017,0,2,0
5.067,1.5353,0,0,2,0,4,51.2,0,4,4,-1.375,4.252,0.584,11.145,12,1.02,1.105,0,0,0,1.286,4,0,0,0,2.419,0,0,46.841,4.947,0,2,8,0,3.833,2.623,2,9.377,0,0,0
5.31,2.7525,2,1,6,1,4,37.5,5,3,8,-0.278,4.14,1.251,11.115,8,1.02,1.131,0,0,0,1.26,2,0,1,0,2.473,0,0,12.059,3.069,0,4,6,0,4.063,2.446,2,9.397,0,2,0
5.302,3.576,5,0,0,0,0,31,2,3,1,0,4.172,1.928,10.762,8,1.045,1.121,0,0,0,1.316,1,0,1,0,2.377,0,0,0,2.989,0,2,2,0,4.701,2.554,1,9.944,0,3,0
4.596,2.3621,0,0,0,0,0,30.4,2,0,1,0,2.867,0.875,9.54,0,0.969,1.148,0,0,0,1.2,1,0,0,0,2.175,0.037,0,0,1.069,0,0,4,1,3.247,1.708,1,7.325,0,0,0
4.799,3.2436,1,0,4,0,0,28,2,0,11,0,3.579,1.604,10.026,0,1.015,1.164,0,0,0,1.211,1,0,1,0,2.283,-0.002,0,0,2.211,0,0,2,2,3.949,2.316,5,8.723,0,1,0
4.816,3.2336,1,0,6,0,0,28.6,3,0,11,0,3.637,1.59,10.18,0,1.009,1.161,0,0,0,1.221,1,0,1,0,2.294,0.001,0,0,2.457,0,0,3,2,3.951,2.282,5,8.773,0,1,0
5.219,2.2204,0,0,0,1,0,39.6,5,3,0,2.753,3.964,1.362,11.07,11,0.989,1.126,0,0,0,1.257,2,0,0,0,2.616,0,0,24.463,4.097,2,0,0,0,3.791,2.322,0,9.014,0,0,0
5.065,3.2439,0,0,2,0,2,40.6,3,1,4,0.036,3.587,1.938,10.289,3,0.984,1.126,0,0,0,1.276,1,0,0,0,2.337,-0.001,0,11.766,2.563,0,1,4,0,3.728,2.233,1,8.541,0,0,0
5.216,1.781,0,0,3,1,0,38.8,4,4,3,1.53,4.066,1.092,11.197,15,1,1.129,0,0,0,1.225,4,0,0,0,2.613,0,0,37.047,4.681,2,0,2,0,3.848,2.413,1,9.13,0,0,0
4.992,2.5242,0,0,2,0,6,43.8,2,0,6,0,3.677,0.75,10.568,0,0.981,1.122,0,0,0,1.298,2,0,0,0,2.368,0,0,0,2.478,0,2,4,4,3.822,2.125,2,8.764,0,0,0
4.85,2.209,3,0,6,0,5,46.4,0,1,6,-0.374,4.117,0.697,10.609,2,1.033,1.111,0,0,0,1.318,2,0,1,0,2.299,0,0,11.732,4.266,0,5,4,2,4.051,2.544,2,9.469,0,3,0
4.593,2.9033,0,0,3,0,1,38.9,0,1,3,-0.536,3.232,1.461,9.665,1,1.01,1.136,0,0,0,1.231,1,0,0,0,2.175,0.015,0,10.28,2.298,0,1,2,3,3.601,2.683,2,8.2,0,0,0
5.014,2.7382,0,0,0,0,4,57.1,0,1,0,0,3.556,0,10.384,4,0.993,1.089,0,0,0,1.356,6,0,0,0,2.469,-0.001,0,0,1.305,0,0,0,0,4.066,2.013,0,8.83,0,0,0
3.932,3.2848,0,0,0,0,0,40,1,0,0,0,3.303,2.585,9.11,0,0.965,1.125,0,0,0,1.304,0,0,0,0,1.942,-0.007,0,0,4.891,0,0,0,0,3.244,1.958,0,7.937,0,0,0
3,1.9808,2,0,0,0,0,20,1,0,0,0,2.771,0.918,6.594,0,1.083,1.144,0,0,0,1.306,0,0,0,0,1.414,0.87,0,0,1.333,0,0,0,0,3.813,3.241,0,8.225,0,2,0
3,1.9184,2,0,0,0,0,20,1,0,0,0,3.572,0.918,6.594,0,1.064,1.123,0,0,0,1.439,0,1,0,0,1.414,0.803,0,0,1.333,0,0,0,0,6.87,2.787,0,11.578,0,2,0
3.618,2.2995,2,0,0,0,0,27.3,2,0,0,0,4.081,1.522,7.853,0,0.999,1.122,0,0,0,1.43,0,1,0,0,1.732,0.319,0,0,2.094,0,0,0,0,6.873,2,0,12.253,0,2,0
3.732,2.4553,2,0,0,0,0,28.6,2,0,0,0,3.09,1.585,8.16,0,1.005,1.14,0,0,0,1.258,0,0,1,0,1.802,-0.211,0,0,2.488,0,0,0,0,3.578,2.37,0,8.315,0,2,0
3.732,2.3783,1,0,0,0,0,29.4,2,0,0,0,3.605,1.585,8.16,0,0.972,1.137,0,0,0,1.297,0,1,0,0,1.802,-0.187,1,0,2.488,0,0,0,0,6.866,1.792,0,11.564,0,1,0
3.932,2.7496,2,0,0,0,0,31.3,2,0,0,0,4.294,2.585,9.11,0,0.974,1.133,0,0,0,1.306,0,1,0,0,1.942,-0.006,1,0,4.891,0,0,0,0,6.867,1.708,0,12.258,0,2,0
5.303,4.0011,4,0,0,1,0,29.4,4,0,0,0,4.758,1.392,10.053,0,1.013,1.109,0,0,0,1.461,0,1,0,0,2.236,0.038,0,0,1.164,0,0,0,0,6.89,2.028,0,12.947,0,4,0
5.646,4.7601,4,0,0,2,0,25,2,0,0,0,3.647,0.811,10.505,0,1.246,1.213,0,0,2,1.216,0,0,0,0,2.303,-0.094,0,0,1.411,0,0,0,0,4.281,4.368,0,9.233,0,6,0
4.562,4.3417,4,0,0,0,0,33.3,0,0,0,-0.198,3.486,0.918,9.184,0,1.177,1.101,0,0,0,1.384,0,0,0,0,2,-0.257,0,0,1.521,0,0,0,0,4.265,3.296,0,9.146,0,4,0
4.947,5.2014,6,0,0,0,0,40,0,0,0,-0.481,3.939,1.371,9.956,0,1.159,1.091,0,0,0,1.396,0,0,1,0,2.214,-0.028,0,0,2.232,0,0,0,0,4.288,3.133,0,9.591,0,6,0
5.13,3.5144,0,0,0,1,0,30,5,1,0,0,3.061,1.761,10.106,1,0.972,1.145,0,0,0,1.2,0,0,0,0,2.175,-0.021,0,0,2.729,0,0,0,1,3.292,2.108,0,7.587,0,0,0
5.311,3.9327,0,0,0,1,0,29,4,2,0,0,3.168,1.823,10.13,6,0.984,1.147,0,0,0,1.137,0,0,0,0,2.255,0.012,0,0,2.301,0,0,0,2,3.316,2.386,0,7.569,0,0,0
5.236,3.8422,0,0,0,1,0,25,4,3,0,0,2.906,1.406,9.967,9,1.014,1.156,0,0,0,1.063,0,0,0,0,2.189,-0.08,0,0,1.309,0,0,0,3,3.306,3.219,0,7.385,0,0,0
5.303,4.1328,0,0,0,1,0,23.8,4,4,0,0,3.037,1.392,10.053,12,1.029,1.159,0,0,0,1.044,0,0,0,0,2.236,0.047,0,0,1.164,0,0,0,4,3.331,3.472,0,7.491,0,0,0
6.177,6.591,0,0,0,5,0,29.2,2,1,0,0,4.01,1.617,11.591,1,1.231,1.317,0,0,0,0.908,0,0,0,0,2.605,0,0,0,2.885,0,0,0,1,3.896,5.554,0,8.943,0,12,0
4.362,3.2686,0,0,0,0,0,23.8,2,2,0,0,2.882,1.906,9.059,0,1.003,1.162,0,0,0,1.1,0,0,0,0,2,-0.079,0,0,2.524,0,0,2,2,3.13,2.75,1,7.228,0,0,0
4.347,3.0603,0,0,0,0,0,31,1,2,0,-0.082,3.192,2.3,9.338,3,0.986,1.143,0,0,0,1.167,0,0,0,0,2.011,0.013,0,10.622,4.098,0,0,0,0,3.357,2.288,0,7.732,0,0,0
4.471,3.5147,0,0,0,0,0,32.3,2,1,0,0,3.169,2.231,9.373,2,0.973,1.141,0,0,0,1.193,0,0,0,0,2.074,0.012,0,0,3.015,0,0,0,0,3.178,1.939,0,7.58,0,0,0
4.243,1.4085,0,0,0,0,0,31.3,0,4,0,0,3.474,0,9.8,4,1.008,1.143,0,0,0,1.099,2,0,0,0,2.24,-0.001,0,0,5.475,0,0,0,0,3.347,2.048,0,8.242,0,0,0
3.902,3.1373,2,0,0,0,0,27.3,2,2,0,0,3.437,2.322,8.881,0,1.022,1.146,0,0,0,1.168,0,0,0,0,1.919,-0.026,0,0,4.086,0,0,0,0,3.553,2.422,0,8.497,0,2,0
3.98,2.974,2,0,0,0,0,31.3,2,0,0,0,3.955,3.459,9.814,0,0.964,1.134,0,0,0,1.254,0,0,0,0,1.981,0,0,0,8.931,0,0,0,0,4.047,1.576,0,8.864,0,0,0
5.197,3.9762,0,0,0,1,0,30.4,3,2,0,0.168,3.027,1.436,10.091,2,0.993,1.145,0,0,0,1.177,0,0,0,0,2.194,0.044,0,10.538,2.176,0,0,0,0,3.434,2.546,0,7.817,0,0,0
4.17,3.2655,0,0,0,0,0,25,0,1,0,0,2.488,0.971,8.597,2,1.007,1.163,0,0,0,1.161,0,0,0,0,1.848,0.397,0,9.431,1.542,0,0,0,0,3.232,3,1,7.151,0,0,0
5.334,5.7899,0,0,0,1,0,36,4,6,0,-0.95,4.052,2.273,10.952,24,1.009,1.133,0,0,0,1.204,0,0,0,0,2.328,0,0,34.898,3.178,0,0,0,0,3.593,2.74,0,8.991,0,0,0
4.236,2.9329,0,0,1,0,0,31.4,1,1,1,-0.155,3.64,3.128,9.766,1,0.972,1.144,0,0,0,1.192,0,0,0,0,1.991,0,0,10.523,7.244,0,0,1,2,3.309,1.981,1,8.07,0,0,0
4.724,1.7824,0,0,0,0,0,34.9,1,3,0,-0.779,4.016,3.711,10.425,6,0.98,1.135,0,0,0,1.212,1,0,0,0,2.31,0,0,22.241,9.474,1,0,0,0,3.637,2.087,0,8.645,0,0,0
5.332,5.554,0,0,0,1,0,36.6,1,6,0,-1.839,3.932,2.396,10.694,18,1.02,1.132,0,0,0,1.184,0,0,0,0,2.315,0,0,33.525,2.891,0,0,0,0,3.527,2.893,0,8.803,0,0,0
5.332,5.581,0,0,0,1,0,35.9,1,7,0,-2.172,3.942,2.396,10.694,21,1.032,1.133,0,0,0,1.169,0,0,0,0,2.315,0,0,33.28,2.891,0,0,0,1,3.529,3.083,0,8.813,0,0,0
5.145,4.4958,0,0,0,1,0,33.3,4,2,0,0.113,3.159,1.371,10.236,5,0.993,1.139,0,0,0,1.22,0,0,0,0,2.205,-0.025,0,10.837,2.499,0,0,0,0,3.578,2.608,0,8.085,0,0,0
4.414,3.81,1,0,0,0,0,28.6,2,2,0,-0.741,3.059,1.379,9.222,1,1.037,1.145,0,0,0,1.195,0,0,1,0,2,0.149,0,9.797,2.133,0,0,0,0,3.822,3.087,0,8.259,0,1,0
5.262,4.373,3,0,0,1,0,25,1,2,0,-1.461,3.438,0.863,10.026,0,1.174,1.135,0,0,1,1.244,0,0,0,0,2.175,0.161,0,9.625,1.435,0,0,0,1,4.263,4.036,0,9,0,3,0
5.35,4.5704,0,0,0,2,0,29.4,6,4,0,-0.443,3.468,1.975,10.725,16,1.004,1.147,0,0,0,1.132,0,0,0,0,2.288,-0.002,0,11.395,3.488,0,0,0,2,3.56,2.798,0,8.234,0,0,0
5.342,5.7766,4,0,0,1,0,32.3,4,8,0,-1.429,5.191,4.189,11.504,24,0.979,1.135,0,0,0,1.218,0,0,0,0,2.338,0,0,53.149,7.261,0,0,0,0,3.663,1.938,0,9.972,0,0,0
5.291,4.2076,0,0,0,1,0,32,3,3,0,-0.561,3.262,1.686,10.308,7,1.007,1.141,0,0,0,1.185,0,0,0,0,2.244,0.014,0,21.759,2.733,0,0,0,0,3.567,2.871,0,8.163,0,0,0
4,3.0897,1,0,0,0,0,20,0,1,0,0,2.615,0.811,8.318,0,1.005,1.138,0,0,0,1.288,0,0,0,0,1.732,-0.557,0,9.556,1,0,0,0,0,4.218,3.056,0,8.637,0,0,0
5.103,4.6435,0,0,0,1,0,28.6,5,4,0,-0.806,3.329,1.792,10.281,5,1.014,1.149,0,0,0,1.135,0,0,0,0,2.165,-0.008,0,10.731,3.506,0,0,0,0,3.496,2.646,0,8.131,0,0,0
4.343,4.0038,1,1,1,0,0,23.5,2,0,2,1.101,3.126,1.5,9.309,0,1.002,1.157,0,0,0,1.25,0,0,0,0,2,-0.083,0,0,2.682,0,0,4,3,3.859,2.563,3,8.427,0,0,0
4.414,4.3883,0,1,0,0,0,9.1,0,2,0,-0.662,2.946,1.379,9.222,2,1.097,1.219,0,0,0,1.074,0,0,0,0,2,0.171,0,18.567,2.133,0,0,1,4,3.689,4.167,4,8.139,0,0,0
4.17,3.1822,2,0,0,0,0,20,0,0,0,0.532,2.959,0.971,8.597,0,1.002,1.117,0,0,0,1.408,0,0,0,0,1.848,0.387,0,0,1.542,0,0,0,1,4.016,2.611,1,8.452,0,0,0
5.262,4.7497,4,0,0,0,0,23.1,3,4,0,0,3.907,2.217,10.2,9,1.051,1.143,0,0,0,1.207,0,0,0,0,2.25,-0.002,0,11.647,2.369,0,0,0,0,4.416,2.831,0,9.522,0,3,0
5.284,5.2824,3,0,0,0,0,26.3,2,6,0,-1.009,4.028,2.187,10.651,10,1.024,1.131,0,0,0,1.244,0,0,0,0,2.314,0,0,23.28,2.965,0,0,0,0,4.823,2.709,0,9.752,0,0,0
5.192,4.4911,1,0,0,0,0,28.6,4,4,0,0,3.904,2.797,10.588,10,0.986,1.143,0,0,0,1.181,0,0,0,0,2.242,0,0,11.913,5.313,0,0,0,1,4.433,2.213,0,9.217,0,0,0
5.646,4.4339,3,0,0,2,0,26.7,3,1,0,0,3.465,0.811,10.505,0,1.048,1.141,0,0,1,1.264,0,0,1,0,2.303,-0.08,0,0,1.411,0,0,0,1,4.26,3.104,0,8.986,0,3,0
5.27,5.6107,1,0,0,0,0,27.7,6,3,6,2.593,3.885,2.388,10.649,6,0.993,1.145,0,0,0,1.235,0,0,0,0,2.284,0,0,0,3.036,0,0,6,0,4.075,2.185,3,9.047,0,0,0
5.331,4.3397,1,0,0,0,0,24.3,4,3,1,0,3.511,1.95,10.236,9,0.989,1.146,0,0,0,1.225,0,0,0,0,2.292,-0.002,0,0,2.105,0,0,1,2,4.023,2.157,1,8.583,0,0,0
5.303,4.066,2,0,0,1,0,26.3,4,2,0,0,4.229,1.392,10.053,6,1.022,1.136,0,0,0,1.25,0,1,0,0,2.236,0.043,0,0,1.164,0,0,0,2,6.874,2.75,0,12.258,0,2,0
4.461,3.5378,0,0,0,0,0,25,3,2,0,0,2.988,1.891,9.202,0,0.998,1.159,0,0,0,1.101,0,0,0,0,2.053,0.044,0,0,2.244,0,0,3,2,3.155,2.611,1,7.315,0,0,0
5.098,3.6085,0,0,0,1,0,27.3,4,2,0,0,2.876,1.5,9.872,0,0.993,1.151,0,0,0,1.122,0,0,0,0,2.112,-0.077,0,0,2.472,0,0,0,1,3.304,2.469,0,7.433,0,0,0
5.384,4.1685,0,0,0,1,0,28.6,5,2,0,0,3.094,1.371,10.315,8,0.986,1.148,0,0,0,1.138,0,0,0,0,2.288,-0.023,0,0,1.985,0,0,0,2,3.426,2.542,0,7.704,0,0,0
5.102,4.3332,0,0,0,1,0,28.6,4,3,0,-0.426,3.054,1.436,10.05,4,1.014,1.149,0,0,0,1.138,0,0,0,0,2.136,0.047,0,10.143,2.695,0,0,0,0,3.446,2.769,0,7.893,0,0,0
5.351,4.2358,1,0,0,0,0,31.2,4,2,0,0.15,4.697,3.066,10.673,5,0.969,1.136,0,0,0,1.294,0,0,0,0,2.328,0,0,12.585,6.801,0,0,0,0,10.323,1.818,0,14.009,0,0,0
5.311,4.467,1,0,2,0,0,24.4,0,3,11,0.953,3.766,2.1,10.646,9,0.993,1.152,0,0,0,1.239,0,0,0,0,2.267,0,0,0,4.692,0,0,1,0,4.029,2.131,3,8.883,0,0,0
5.365,2.9284,0,0,0,1,1,40.7,3,0,0,0,3.245,1.455,10.315,0,0.966,1.123,0,0,0,1.279,1,0,0,0,2.315,-0.007,0,0,1.897,0,0,0,0,3.641,1.856,0,8.128,0,0,0
4.923,3.303,1,0,0,0,2,46.7,0,2,0,-0.995,3.413,1.185,9.911,4,1.042,1.107,0,0,0,1.268,1,0,1,0,2.267,0.015,0,10.337,1.563,0,1,0,1,3.933,3.011,0,8.671,0,1,0
4.745,1.8876,0,0,4,0,3,40,2,0,7,0,3.937,1.936,10.509,0,0.974,1.128,0,0,0,1.269,2,0,0,1,2.283,0,0,0,5.249,0,3,8,2,3.689,1.856,2,8.783,0,0,0
4.732,3.1875,0,0,1,0,2,41.2,1,0,3,0,2.984,0.875,9.579,0,0.979,1.127,0,0,0,1.287,1,0,0,0,2.194,0.043,0,0,0.854,0,1,2,2,3.648,2.167,1,7.959,0,0,0
4.562,3.0804,0,0,1,0,2,41.2,1,0,2,0,2.984,0.875,9.54,0,0.979,1.127,0,0,0,1.282,1,0,0,0,2.17,0.043,0,0,1.14,0,1,2,2,3.627,2.167,1,7.954,0,0,0
4.835,2.8214,0,0,2,0,2,40.7,2,2,4,-0.386,3.547,1.876,10.186,3,1.002,1.126,0,0,0,1.261,1,0,0,0,2.263,0.001,0,21.912,3.249,0,1,3,1,3.681,2.619,1,8.55,0,0,0
4.843,3.0136,2,0,1,0,3,40.9,1,1,3,-0.043,3.715,1.662,10.166,2,1.022,1.121,0,0,0,1.285,1,0,1,0,2.283,-0.002,0,10.99,2.652,0,3,3,1,4.05,2.607,1,9.03,0,2,0
4.883,2.8874,0,0,2,0,3,40,3,2,4,-0.383,3.607,1.831,10.332,3,0.998,1.127,0,0,0,1.264,1,0,0,0,2.297,-0.001,0,22.051,3.288,0,1,3,1,3.726,2.556,1,8.63,0,0,0
4.522,2.3963,0,0,3,0,1,36,1,0,2,0,3.253,1.887,9.535,0,0.98,1.14,0,0,0,1.231,1,0,0,0,2.157,-0.007,0,0,3.141,0,0,3,3,3.555,2.061,2,8.005,0,0,0
5.006,3.7647,0,0,3,0,3,33.3,0,4,6,0,3.583,1.23,10.309,8,1.083,1.153,0,2,0,1.194,1,0,0,0,2.338,-0.003,0,41.057,1.873,0,3,6,2,3.938,3.615,3,8.92,0,0,0
5.386,4.1216,0,0,9,1,4,33.3,3,4,8,0,4.091,1.708,11.059,8,1.057,1.171,0,2,1,1.142,1,0,0,0,2.479,0,0,44.711,2.168,0,3,8,0,4.004,3.475,3,9.257,0,3,0
4.732,3.3706,0,0,1,0,1,42.9,0,2,2,0,3.193,1.187,9.642,4,1.037,1.125,0,1,0,1.241,1,0,0,0,2.194,-0.027,0,20.013,1.659,0,1,2,0,3.813,3.074,1,8.405,0,0,0
5.029,3.701,2,0,1,0,3,42.9,0,2,2,0,3.647,1.16,10.122,4,1.084,1.117,0,1,0,1.297,1,0,1,0,2.318,-0.008,0,20.473,1.572,0,3,2,0,4.106,3.202,1,9.12,0,2,0
4.965,3.6476,2,0,1,0,3,42.9,0,2,2,0,3.647,1.16,10.099,4,1.084,1.117,0,1,0,1.295,1,0,1,0,2.305,-0.008,0,20.473,1.553,0,3,2,0,4.054,3.202,1,9.118,0,2,0
4.675,2.4203,0,0,0,0,2,52.2,0,1,0,0,3.495,0,9.971,4,0.989,1.099,0,0,0,1.306,2,0,0,0,2.236,0.001,0,0,2.829,0,2,0,0,3.664,2.064,0,8.488,0,0,0
4.562,3.17,0,0,1,0,2,40,0,1,2,0,3.011,0.875,9.54,2,1.005,1.13,0,0,0,1.226,1,0,0,0,2.17,0.046,0,0,1.14,0,2,2,3,3.639,2.667,1,7.986,0,0,0
4.687,2.9071,0,0,1,0,2,38.5,2,2,2,-0.066,3.459,1.604,10.007,3,1.002,1.131,0,0,0,1.229,1,0,0,0,2.242,-0.002,0,10.681,2.731,0,2,3,1,3.666,2.423,1,8.395,0,0,0
4.77,3.3837,0,0,1,0,2,40,0,3,2,0,3.299,1.185,9.882,6,1.057,1.13,0,1,0,1.212,1,0,0,0,2.236,0.015,0,20.072,1.74,0,2,2,1,3.834,3.333,1,8.516,0,0,0
5.163,4.1935,0,0,3,0,4,31.6,0,7,6,0,3.817,1.225,10.607,14,1.137,1.156,0,3,0,1.167,1,0,0,0,2.411,0,0,62.168,1.526,0,4,6,1,4.018,4.042,3,9.217,0,0,0
4.807,3.3877,2,0,0,0,3,46.2,0,1,0,0,3.462,0.881,9.833,2,1.048,1.103,0,0,0,1.321,1,0,1,0,2.246,-0.026,0,0,1.06,0,3,0,1,3.999,2.802,0,8.87,0,2,0
5.019,3.2862,1,0,3,0,4,37.5,1,4,3,-0.627,3.891,1.886,10.548,7,1.029,1.131,0,0,0,1.23,1,0,1,0,2.366,0,0,22.352,3.188,0,4,3,1,3.96,2.728,1,9.042,0,1,0
5.119,3.7467,4,0,0,0,5,46.2,0,1,0,0,3.825,0.832,10.265,2,1.098,1.095,0,0,0,1.344,1,0,1,0,2.365,-0.008,0,0,0.952,0,5,0,1,4.216,2.98,0,9.376,0,4,0
5.26,2.4916,5,0,0,0,6,37.5,1,2,0,-0.416,4.387,2.929,10.814,5,1.013,1.124,0,0,0,1.281,1,0,1,0,2.438,0,0,11.973,6.971,0,6,0,0,4.295,2.389,0,9.725,0,5,0
4.783,3.2512,1,0,0,0,2,50,0,1,0,0,3.319,1.187,9.668,2,1.022,1.1,0,0,0,1.321,1,0,1,0,2.222,-0.026,0,10.143,1.358,0,1,0,0,3.911,2.716,0,8.565,0,1,0
4.543,2.7404,0,0,0,0,1,47.6,1,1,0,0.078,3.315,1.705,9.722,1,0.988,1.109,0,0,0,1.296,1,0,0,0,2.166,-0.008,0,10.53,2.905,0,0,0,0,3.611,2.394,0,8.295,0,0,0
5.072,2.2317,0,0,0,0,2,35.4,2,4,0,-0.862,4.429,3.61,10.833,12,0.978,1.134,0,0,0,1.212,1,0,0,0,2.351,0,0,25.194,10.844,0,0,0,0,3.794,1.991,0,9.08,2,0,0
5.315,3.0581,0,0,0,1,2,40.7,3,2,0,-0.875,3.461,1.23,10.548,4,0.994,1.123,0,0,0,1.243,1,0,0,0,2.334,-0.002,0,10.562,2.215,0,0,0,1,3.743,2.558,0,8.485,0,0,0
5.107,2.9658,0,0,0,1,1,39.3,3,3,0,-0.472,3.533,1.876,10.447,8,1.006,1.126,0,0,0,1.217,1,0,0,0,2.248,0.001,0,11.344,3.439,0,0,0,0,3.678,2.47,0,8.491,0,0,0
4.882,3.4294,0,0,2,0,2,41.2,0,4,2,-1.168,3.483,1.258,10.136,8,1.069,1.127,0,1,0,1.199,1,0,0,0,2.288,0.005,0,30.73,2.011,0,1,2,1,3.857,3.5,1,8.704,0,0,0
5.489,2.1976,0,0,0,2,4,35,7,3,0,-0.117,4.423,3.682,11.345,8,0.974,1.135,0,0,0,1.225,1,0,0,0,2.466,0,0,12.336,11.779,0,1,0,1,3.854,1.943,0,9.163,0,0,0
4.828,3.3085,0,0,6,0,2,57.1,0,0,4,0,3.292,1.261,9.749,0,1.006,1.101,0,0,0,1.35,1,0,0,0,2.247,0.015,0,0,1.436,0,0,2,0,3.761,2.833,2,8.437,0,0,0
4.914,2.2884,0,0,4,0,3,40.5,2,3,6,-0.173,3.986,1.426,10.632,3,1.003,1.128,0,0,0,1.232,2,0,0,0,2.328,0,0,12.142,4.181,0,2,7,3,3.733,2.462,2,8.913,0,0,0
4,2,0,0,0,0,0,33.3,0,0,0,0,3.22,0,9.314,0,0.961,1.138,0,0,0,1.205,1,0,0,0,2,0.003,0,0,1.244,0,0,0,0,3.009,1.5,0,7.439,0,0,0
4.732,2.8489,3,0,0,0,1,42.9,0,0,0,0,3.549,1.187,9.642,0,1.011,1.091,0,0,0,1.421,1,0,1,0,2.194,-0.024,0,0,1.659,0,1,0,0,4.523,2.329,0,9.314,0,2,0
4.733,1.7208,1,0,0,0,2,37.9,1,3,0,0,4.248,2.513,10.593,11,0.981,1.125,0,0,0,1.261,2,0,0,0,2.259,0,0,0,7.746,0,2,0,0,3.999,1.893,0,9.225,0,0,0
5.272,3.2017,2,0,2,0,2,36,0,3,2,0,3.817,1.754,10.523,8,1.022,1.114,0,0,0,1.321,1,0,0,0,2.307,-0.001,0,0,2.952,0,1,1,0,4.702,2.587,1,9.602,0,0,0
4.872,3.1623,0,0,3,0,3,36,1,2,4,-0.121,3.472,1.508,10.166,3,1.011,1.14,0,0,0,1.215,1,0,0,0,2.296,-0.002,0,10.696,2.373,0,3,5,3,3.736,2.59,2,8.47,0,0,0
5.096,2.7457,6,0,0,0,8,52.2,0,1,0,0,5.261,0.749,10.806,4,1.049,1.058,0,0,0,1.513,2,1,0,0,2.396,0,1,0,3.141,0,8,0,0,6.954,2.175,0,13.369,0,6,0
4.782,3.0562,0,0,1,0,2,40,0,2,2,-0.896,3.324,1.273,9.947,4,1.015,1.129,0,0,0,1.215,1,0,0,0,2.251,-0.008,0,10.38,1.951,0,1,2,2,3.708,2.773,1,8.322,0,0,0
4.892,3.2952,0,0,2,0,2,36.7,2,3,1,-0.505,3.598,1.805,10.235,7,1.009,1.134,0,0,0,1.205,1,0,0,0,2.295,-0.001,0,11.03,2.809,0,2,0,1,3.712,2.456,1,8.522,0,0,0
5.451,2.5976,4,0,0,0,4,42.4,1,2,0,0,4.191,1.113,10.865,8,1.013,1.099,0,0,0,1.36,2,0,1,0,2.409,0,0,0,3.05,0,4,0,0,4.72,2.293,0,9.912,0,2,0
5.106,2.5769,0,0,0,0,4,47.1,2,0,0,0,3.656,1,10.411,0,0.969,1.11,0,0,0,1.311,2,0,0,0,2.384,0,0,0,2.266,0,0,0,0,3.798,1.854,0,8.644,0,0,0
4.928,1.7361,0,0,0,0,2,45,0,0,0,0,3.753,0,10.506,0,0.968,1.114,0,0,0,1.29,3,0,0,0,2.348,0,0,0,3.091,2,0,0,0,3.685,1.722,0,8.6,0,0,0
5.075,2.4622,0,0,0,0,4,48.3,0,3,0,-0.203,3.768,0.922,10.518,9,1.01,1.108,0,0,0,1.263,2,0,0,0,2.369,0,0,12.066,2.847,0,2,0,1,3.827,2.52,0,8.828,0,0,0
5.459,3.1356,1,0,2,0,4,41.7,0,3,2,0,3.784,1.029,10.764,6,1.029,1.113,0,0,0,1.28,3,0,0,0,2.462,0,0,22.286,1.583,0,2,2,3,4.748,2.906,1,9.674,0,0,0
5.35,2.9948,1,0,2,0,5,40,0,4,2,0,3.843,1.024,10.837,9,1.041,1.117,0,0,0,1.254,3,0,0,0,2.442,0,0,21.854,1.865,0,3,2,4,4.738,3.078,1,9.706,0,0,0
5.35,2.9783,1,0,2,0,5,40,0,4,2,0,3.843,1.024,10.837,9,1.041,1.117,0,0,0,1.251,3,0,0,0,2.443,0,0,21.831,1.871,0,3,2,4,4.738,3.078,1,9.706,0,0,0
5.161,2.5397,0,0,0,0,6,46.4,0,5,0,-0.525,3.844,0.745,10.717,13,1.038,1.112,0,0,0,1.222,2,0,0,0,2.404,0,0,12.008,2.924,0,4,0,4,3.881,3.037,0,8.952,0,0,0
5.164,2.9809,1,0,0,0,0,26.7,0,2,0,0,3.083,0.917,9.968,4,1.018,1.133,0,0,0,1.245,1,0,0,0,2.256,-0.072,0,20.861,0.939,0,0,0,0,4.66,2.988,0,9.26,0,0,0
4.802,1.7802,2,0,5,0,2,39.4,0,0,4,0,3.892,0,10.46,0,0.986,1.113,0,0,0,1.339,4,0,0,0,2.384,0,0,0,3.735,0,0,5,1,4.341,1.824,2,9.301,0,0,0
4.562,2.931,0,1,0,0,0,33.3,0,2,2,-0.603,3.052,0.875,9.54,2,1.062,1.153,1,0,0,1.166,1,0,0,0,2.17,0.05,0,20.392,1.14,0,0,4,2,3.587,3.292,2,8.026,0,0,0
5.062,4.0287,0,0,0,0,0,26.3,0,6,27,0,4.146,1.975,10.792,12,1.021,1.162,0,0,0,1.137,1,0,0,0,2.404,0,0,0,2.398,0,0,0,0,3.83,2.296,6,8.939,0,0,0
4.807,2.7734,2,0,0,0,0,26.3,0,0,4,1.008,3.352,0.881,9.833,0,0.994,1.131,0,0,0,1.334,1,0,0,0,2.246,-0.023,0,0,1.06,0,0,0,0,4.094,2.019,2,8.76,0,0,0
5.092,2.0631,0,0,3,0,5,51.5,0,2,4,-0.32,3.945,0.548,10.725,6,1.002,1.103,0,0,0,1.304,4,0,0,0,2.412,0,0,12.207,3.461,0,2,3,2,3.924,2.375,1,9.072,0,0,0
5.051,1.6237,4,2,16,0,14,41.9,2,8,20,-2.695,5.032,0.964,11.786,14,1.032,1.124,0,0,0,1.265,4,0,1,0,2.399,0,0,50.918,9.592,0,12,18,2,4.016,2.595,6,10.274,0,4,0
3.618,3.4245,0,0,0,0,0,44.4,0,1,0,0,2.593,0,8.412,0,1.011,1.116,0,0,0,1.332,1,0,0,0,2,-0.237,0,0,0.579,0,0,0,0,3.526,2.3,0,7.6,0,0,0
5.389,2.7726,1,0,3,0,2,41.7,0,3,3,0.144,3.772,1.506,10.698,9,1.029,1.113,0,0,0,1.278,3,0,0,0,2.504,0,0,23.066,2.22,0,1,2,0,4.757,2.728,1,9.614,0,0,0
5.318,2.6699,2,0,0,0,2,36.4,0,3,0,0,3.7,0.985,10.545,9,1.02,1.107,0,0,0,1.317,3,0,0,0,2.402,0.001,0,0,1.511,0,1,0,0,4.706,2.293,0,9.538,0,0,0
5.306,2.2373,0,0,11,0,4,36.2,3,6,11,-1.722,4.217,1.577,11.222,9,1.031,1.14,0,0,0,1.191,6,0,0,0,2.527,0,0,23.86,3.172,0,2,10,5,3.942,2.846,4,9.248,0,0,0
4.843,2.7944,0,0,1,0,2,34.4,0,5,1,-0.929,3.729,2.297,10.299,7,1.029,1.139,0,0,0,1.153,1,0,0,0,2.268,0,0,10.307,4.371,0,2,0,3,3.681,2.755,1,8.613,0,0,0
3.618,2.3247,2,0,0,0,0,27.3,2,0,0,0,3.679,1.522,7.853,0,1.008,1.131,0,0,0,1.338,0,1,1,0,1.732,0.336,0,0,2.094,0,0,0,0,6.866,2.272,0,11.578,0,2,0
3,1.7389,1,0,0,0,0,25,2,0,0,0,3.426,0.918,6.594,0,0.985,1.136,0,0,0,1.383,0,1,0,0,1.414,0.691,0,0,1.333,0,0,0,0,6.867,2.083,0,11.561,0,1,0
5.051,3.532,0,0,2,0,0,30,2,6,2,-0.794,4.214,3.546,10.717,9,0.991,1.146,0,0,0,1.141,0,0,0,0,2.291,0,0,11.784,10.986,0,0,2,6,3.519,2.435,1,8.71,0,0,0
4.876,2.8477,0,0,2,0,0,30,2,2,3,-0.608,3.21,1.193,10.053,4,1.02,1.154,0,0,0,1.174,1,0,0,0,2.336,0.014,0,21.357,1.586,0,0,3,2,3.631,2.9,2,8.126,0,0,0
4.953,3.4085,0,0,2,0,2,40,1,2,3,0,3.351,1.273,9.975,4,1.015,1.129,0,1,0,1.241,1,0,0,0,2.288,-0.008,0,20.772,1.602,0,1,2,0,3.853,2.803,1,8.521,0,0,0
5.418,3.1768,10,0,0,0,12,54.5,0,0,0,0,4.608,0.72,11.151,0,1.121,1.069,0,0,0,1.413,2,0,1,0,2.532,0,0,0,2.359,0,10,0,0,4.361,2.778,0,10.237,0,10,0
3.802,2.4475,0,0,0,0,0,30.4,2,0,0,0,2.661,1.95,8.394,0,0.96,1.144,0,0,0,1.195,0,0,0,0,1.848,0.108,0,0,2.885,0,0,0,0,2.881,1.643,0,6.741,0,0,1
6.496,4.6405,0,0,0,8,0,33.3,2,0,0,0,4.224,0.88,12.028,0,1.303,1.365,0,0,2,0.898,1,0,0,0,2.798,0,0,0,1.166,2,0,0,0,4.055,5.75,0,9.257,0,16,0
5.998,1.8789,6,0,0,3,0,44.4,0,1,0,0.642,4.308,0.749,11.637,3,1.054,1.103,0,0,0,1.332,15,0,1,0,2.859,0,0,0,1.117,6,0,0,0,4.405,2.355,0,9.843,0,6,0
5.437,2.538,5,0,0,1,4,50,1,0,0,0,4.239,0.954,10.89,0,1.029,1.094,0,0,1,1.375,2,0,1,0,2.424,0,0,0,2.444,0,2,0,0,4.252,2.411,0,9.708,0,5,0
5.462,2.4473,0,2,11,2,6,40.8,6,1,12,0,4.083,1.008,11.343,3,0.987,1.128,0,0,0,1.289,4,0,0,1,2.506,0,0,0,2.666,0,2,10,1,4.02,2.104,3,9.254,0,0,0
5.462,2.4518,1,2,11,2,7,40.8,6,1,12,0,4.195,1.003,11.392,3,0.993,1.127,0,0,0,1.298,4,0,1,1,2.51,0,0,0,2.826,0,3,10,1,4.068,2.171,3,9.454,0,1,0
5.994,2.4353,7,0,0,3,0,45.5,0,0,0,0.425,4.296,0.768,11.48,0,1.071,1.095,0,0,0,1.384,6,0,1,0,2.799,0,0,0,0.955,4,0,0,0,4.407,2.58,0,9.865,0,7,0
