4.752,3.995,0,0,0,0,0,31,4,6,0,-0.307,3.987,3.022,10.465,10,1,1.143,0,0,0,1.149,0,0,0,0,2.161,0,0,23.23,8.486,0,0,0,0,3.451,2.375,0,8.618,0,0,1
4.618,4.7233,0,0,0,0,0,33.3,2,4,0,-1.035,3.305,1.79,9.768,6,1.035,1.139,0,0,0,1.163,0,0,0,0,2.136,0.016,0,20.666,2.612,0,0,0,0,3.493,3.152,0,8.202,0,0,1
4.562,4.1592,1,0,0,0,0,10,0,2,0,-0.713,2.978,0.918,9.184,0,1.082,1.175,0,0,0,1.152,0,0,0,0,2,-0.274,0,9.461,1.521,0,0,0,4,4.307,4.148,2,8.83,0,0,1
4.77,2.8938,0,0,0,0,2,41.7,3,0,0,0,3.164,1.185,9.882,0,0.966,1.121,0,0,0,1.299,1,0,0,0,2.236,0.012,0,0,1.74,0,0,0,0,3.646,1.867,0,8.083,0,0,1
4.517,2.6422,0,0,2,0,1,40,1,0,1,0,3.073,1.409,9.391,0,0.976,1.129,0,0,0,1.266,1,0,0,0,2.149,-0.024,0,0,2.036,0,0,1,2,3.553,2.074,1,7.884,0,0,1
4.414,3.135,0,0,0,0,1,46.2,0,1,0,0,2.884,0.802,9.183,2,0.998,1.112,0,0,0,1.264,1,0,0,0,2.101,-0.08,0,0,0.975,0,1,0,1,3.566,2.524,0,7.811,0,0,1
4.732,3.3319,0,0,0,0,2,42.9,0,2,0,0,3.025,0.875,9.579,4,1.022,1.119,0,0,0,1.219,1,0,0,0,2.194,0.047,0,0,0.854,0,2,0,2,3.67,2.917,0,8.008,0,0,1
4.607,3.1517,0,0,0,0,2,41.2,0,2,0,0,3.118,1.187,9.631,4,1.011,1.122,0,0,0,1.214,1,0,0,0,2.194,-0.026,0,0,1.544,0,2,0,1,3.649,2.537,0,8.058,0,0,1
4.898,3.1976,0,0,0,0,3,40.7,0,2,0,0,3.451,1.546,10.067,4,0.994,1.123,0,0,0,1.248,1,0,0,0,2.305,-0.002,0,0,2,0,2,0,0,3.729,2.192,0,8.364,0,0,1
4.97,3.567,3,0,0,0,4,46.2,0,1,0,0,3.66,0.861,10.06,2,1.073,1.099,0,0,0,1.334,1,0,1,0,2.307,0.015,0,0,0.962,0,4,0,1,4.106,2.9,0,9.154,0,3,1
4.782,2.9304,0,0,0,0,2,43.5,2,1,0,0,3.294,1.273,9.947,2,0.984,1.117,0,0,0,1.28,1,0,0,0,2.251,-0.007,0,10.288,1.951,0,0,0,0,3.671,2.333,0,8.238,0,0,1
4.869,3.2685,0,0,0,0,3,40.9,1,3,0,0,3.404,1.528,10.009,6,1.018,1.123,0,0,0,1.22,1,0,0,0,2.29,0.004,0,10.337,1.945,0,2,0,1,3.743,2.75,0,8.362,0,0,1
5.156,2.4524,0,0,0,0,4,55.6,0,6,0,-3.296,3.788,0.75,10.813,16,1.103,1.093,0,0,0,1.225,6,0,0,0,2.532,0,0,44.736,1.508,0,0,0,0,3.986,3.271,0,9.007,4,0,1
5.072,3.2754,0,0,0,0,2,40,2,4,0,-1.016,3.678,1.875,10.32,10,1.016,1.125,0,0,0,1.21,1,0,0,0,2.349,0,0,23.088,2.707,0,0,0,0,3.793,2.667,0,8.642,2,0,1
5.074,2.2282,0,0,0,0,3,44.2,1,4,0,-1.025,4.037,1.563,10.658,13,1.003,1.116,0,0,0,1.243,2,0,0,0,2.355,0,0,24.332,4.684,0,0,0,0,3.798,2.406,0,9.005,2,0,1
5.072,3.1939,0,0,0,0,2,43.8,0,4,0,-1.165,3.808,2.123,10.379,12,1.015,1.117,0,0,0,1.235,1,0,0,0,2.351,0,0,23.409,3.342,0,0,0,0,3.795,2.704,0,8.776,2,0,1
4.876,3.0864,0,0,0,0,2,41.7,0,4,0,-0.858,3.571,1.59,10.236,10,1.03,1.121,0,0,0,1.203,1,0,0,0,2.297,0.001,0,22.051,2.573,0,0,0,0,3.755,2.833,0,8.591,2,0,1
4.842,2.9844,0,0,0,0,2,41.7,2,2,0,-0.87,3.39,1.258,10.136,4,0.998,1.121,0,0,0,1.238,1,0,0,0,2.278,0.004,0,10.482,2.113,0,0,0,1,3.718,2.611,0,8.382,0,0,1
4.982,2.8539,0,0,0,0,2,53.3,0,3,0,-1.101,3.39,0.762,10.226,8,1.05,1.097,0,0,0,1.249,3,0,0,0,2.424,0.004,0,21.666,1.027,0,0,0,0,3.866,2.924,0,8.527,2,0,1
4.828,2.2467,0,0,0,0,2,50,0,4,0,-1.417,3.838,0.584,10.424,10,1.026,1.104,0,0,0,1.248,2,0,0,0,2.265,0,0,22.962,4.401,0,0,0,0,3.715,2.648,0,8.88,0,0,1
5.12,3.2785,0,0,0,0,3,36.8,3,6,0,-1.775,4.156,2.419,10.778,18,1.004,1.131,0,0,0,1.195,1,0,0,0,2.4,0,0,36.905,3.368,0,0,0,0,3.852,2.481,0,9.032,3,0,1
4.732,3.0836,0,0,0,0,1,46.7,0,2,0,-0.879,3.151,1.187,9.642,4,1.02,1.111,0,0,0,1.235,1,0,0,0,2.194,-0.026,0,10.201,1.659,0,0,0,1,3.663,2.926,0,8.161,0,0,1
4.77,3.1187,0,0,1,0,2,41.2,0,2,2,-0.931,3.249,1.185,9.882,4,1.024,1.127,0,0,0,1.219,1,0,0,0,2.236,0.015,0,10.271,1.74,0,1,2,3,3.707,3,1,8.288,0,0,1
4.951,2.7402,0,0,0,0,2,38.7,2,3,0,-0.464,3.59,2.071,10.241,9,1.002,1.127,0,0,0,1.223,1,0,0,0,2.29,-0.001,0,11.465,3.744,0,1,0,1,3.743,2.522,0,8.502,1,0,1
4.923,3.3133,0,0,0,0,2,43.8,0,3,0,-1.113,3.261,1.185,9.911,7,1.04,1.117,0,0,0,1.207,1,0,0,0,2.267,0.015,0,10.262,1.563,0,1,0,2,3.741,3.2,0,8.303,0,0,1
4.972,3.3935,0,0,0,0,2,42.9,1,4,0,-1.648,3.513,1.508,10.173,8,1.04,1.119,0,0,0,1.211,1,0,0,0,2.307,-0.002,0,21.185,2.228,0,1,0,1,3.761,3.09,0,8.567,0,0,1
4.845,2.7876,0,0,0,0,2,40,1,4,0,-0.746,3.678,2.125,10.281,8,1.016,1.125,0,0,0,1.217,1,0,0,0,2.282,0,0,22.67,3.549,0,1,0,0,3.718,2.667,0,8.635,0,0,1
5.31,3.4619,1,0,0,0,1,37.5,0,3,0,0,3.425,1.185,10.25,6,1.044,1.112,0,0,0,1.246,1,0,0,0,2.288,0.015,0,20.777,1.726,0,1,0,1,4.734,3.258,0,9.474,0,0,1
4.414,2.2808,0,0,0,0,0,35.3,0,1,0,0.464,2.801,0.802,9.183,2,0.985,1.134,0,0,0,1.197,1,0,0,0,2.101,-0.069,0,10.463,0.975,0,0,0,0,3.344,2.31,0,7.446,0,0,1
4.963,2.736,0,0,0,0,3,52.4,0,2,0,-0.884,3.532,0.985,10.277,4,1.009,1.099,0,0,0,1.296,3,0,0,0,2.359,0.001,0,10.645,1.762,0,0,0,1,3.881,2.59,0,8.68,0,0,1
4.877,2.6955,0,0,0,0,3,47.1,0,3,0,0,3.359,0.943,10.07,6,1.037,1.11,0,0,0,1.243,3,0,0,0,2.36,0.004,0,10.31,1.496,0,2,0,0,3.775,2.591,0,8.386,0,0,1
4.414,2.8449,0,0,0,0,0,41.7,0,1,1,0.041,2.898,0.802,9.183,2,1.016,1.128,0,0,0,1.254,1,0,0,0,2.101,-0.082,0,10.249,0.975,0,0,2,1,3.535,2.738,1,7.809,0,0,1
4.963,2.8471,0,0,1,0,2,50,0,2,3,-0.995,3.539,0.985,10.277,2,1.02,1.108,0,0,0,1.277,3,0,0,0,2.359,0.001,0,10.582,1.762,0,0,4,1,3.899,2.667,1,8.702,0,0,1
4.789,2.8739,0,0,0,0,0,30.8,3,4,0,-0.318,3.354,1.425,10.091,6,1.019,1.144,0,0,0,1.149,1,0,0,0,2.274,0.004,0,10.582,2.257,0,0,0,0,3.477,2.556,0,8.121,0,0,1
4.362,2.3925,0,0,0,0,0,31.6,0,1,2,0.225,2.93,0.75,9.272,2,0.992,1.147,0,0,0,1.177,1,0,0,0,2.091,0.041,0,10.572,1.017,0,0,2,1,3.355,2.333,1,7.556,0,0,1
4.983,4.2631,0,0,0,0,0,23.1,2,6,0,0,3.342,1.792,10.074,8,1.044,1.16,0,0,0,1.011,0,0,0,0,2.247,-0.008,0,0,2.666,0,0,0,6,3.397,3.694,0,7.88,0,0,1
4.977,1.8975,0,0,0,0,0,31.6,1,6,0,-0.336,4.19,3.866,10.735,9,0.991,1.142,0,0,0,1.157,1,0,0,0,2.361,0,0,11.756,10.593,0,0,0,3,3.497,2.267,0,8.727,0,0,1
5.164,3.0492,0,0,1,0,0,26.7,2,6,1,-0.462,3.592,1.437,10.493,9,1.042,1.155,0,0,0,1.083,1,0,0,0,2.402,-0.001,0,10.741,2.081,0,0,3,5,3.551,3.256,1,8.338,0,0,1
3.732,2.4945,0,0,0,0,0,22.2,1,0,2,0,2.553,1.585,8.16,0,0.979,1.171,0,0,0,1.119,0,0,0,0,1.802,-0.212,0,0,2.488,0,0,2,3,2.89,2.167,2,6.675,0,0,1
3.966,2.9244,0,0,2,0,0,30.8,2,0,2,0,3.545,3.146,9.522,0,0.964,1.145,0,0,0,1.194,0,0,0,0,1.97,0,0,0,6.909,0,0,2,1,3.005,1.618,1,7.749,0,0,1
3.986,2.958,0,0,0,0,0,32.1,2,1,0,0,4.008,3.792,10.039,1,0.965,1.141,0,0,0,1.198,0,0,0,0,1.987,0,0,0,10.955,0,0,0,1,3.01,1.685,0,8.228,0,0,1
4.235,2.7848,0,0,0,0,0,29.6,2,1,0,0,2.946,1.975,9.118,1,0.973,1.146,0,0,0,1.168,0,0,0,0,1.962,0.039,0,0,3.449,0,0,0,1,3.064,2.093,0,7.229,0,0,1
4.236,1.599,0,0,0,0,0,32.8,1,1,0,0,3.78,3.974,9.949,1,0.967,1.14,0,0,0,1.189,1,0,0,0,2.236,0,0,0,8.475,0,0,0,0,3.322,1.611,0,8.211,0,0,1
4.362,3.0285,0,0,0,0,0,27.3,3,2,0,0,2.867,1.906,9.059,2,0.993,1.151,0,0,0,1.123,0,0,0,0,2,-0.074,0,0,2.524,0,0,0,2,3.076,2.667,0,7.149,0,0,1
4.414,3.7375,0,0,0,0,0,35.3,3,1,0,1.188,2.812,1.379,9.222,1,0.985,1.134,0,0,0,1.258,0,0,0,0,2,0.135,0,10.178,2.133,0,0,0,0,3.467,2.619,0,7.714,0,0,1
4,3.2163,0,0,0,0,0,25,1,2,0,-0.833,2.334,0.811,8.318,0,1.053,1.156,0,0,0,1.076,0,0,0,0,1.732,-0.687,0,9,1,0,0,0,1,3.304,4.167,0,7.178,0,0,1
4.412,3.402,0,0,0,0,0,32.8,2,4,0,-0.327,4.486,4.297,10.675,6,0.974,1.14,0,0,0,1.193,0,0,0,0,2.086,0,0,23.775,15.507,0,0,0,0,3.405,1.889,0,8.926,0,0,1
4.534,4.002,0,0,0,0,0,32.4,4,4,0,-0.28,4.039,3.181,10.485,10,0.983,1.141,0,0,0,1.18,0,0,0,0,2.14,0,0,23.596,8.016,0,0,0,0,3.408,2.154,0,8.619,0,0,1
4.386,3.408,0,0,0,0,0,32.5,2,4,0,-0.09,4.167,3.774,10.379,8,0.98,1.14,0,0,0,1.186,0,0,0,0,2.068,0,0,23.377,10.97,0,0,0,0,3.376,2.044,0,8.67,0,0,1
4.263,3.1913,1,0,0,0,0,28.6,0,4,0,-1.68,3.41,2.187,9.533,4,1.038,1.135,0,0,0,1.159,0,0,0,0,2,0.015,0,19.933,4.143,0,0,0,2,3.643,3.379,0,8.478,0,0,1
4.17,3.4143,0,0,0,0,0,30,0,1,1,-0.481,2.548,0.971,8.597,1,1.02,1.154,0,0,0,1.174,0,0,0,0,1.848,0.425,0,9.472,1.542,0,0,1,2,3.379,3.533,1,7.404,0,0,1
4.65,4.0313,0,0,1,0,0,31.3,3,2,0,0.159,3.39,2.134,9.916,5,0.991,1.145,0,0,0,1.184,0,0,0,0,2.122,0.004,0,10.961,3.936,0,0,3,0,3.527,2.372,1,8.131,0,0,1
4.347,3.4478,0,0,1,0,0,30.8,1,2,2,-0.193,3.233,2.3,9.338,4,0.998,1.147,0,0,0,1.169,0,0,0,0,2.011,0.014,0,10.535,4.098,0,0,1,1,3.405,2.515,1,7.864,0,0,1
4.343,3.9399,0,0,0,0,0,33.3,0,4,0,-2.514,3.047,1.5,9.309,4,1.09,1.139,0,0,0,1.108,0,0,0,0,2,-0.097,0,19.107,2.682,0,0,0,2,3.519,4.167,0,8.016,0,0,1
4.562,3.6148,0,0,0,0,0,25,1,3,0,-1.185,2.71,0.918,9.184,2,1.053,1.156,0,0,0,1.066,0,0,0,0,2,-0.265,0,9.449,1.521,0,0,0,2,3.424,4,0,7.507,0,0,1
4.691,3.9139,0,0,0,0,0,26.7,0,5,0,-2.845,3.138,1.436,9.666,5,1.086,1.153,0,0,0,1.066,0,0,0,0,2.117,0.053,0,19.412,2.428,0,0,0,3,3.49,4.241,0,8.03,0,0,1
4.476,3.72,0,0,0,0,0,31.3,1,3,0,-0.644,2.985,1.5,9.345,4,1.032,1.143,0,0,0,1.156,0,0,0,0,2.042,-0.088,0,20.291,2.34,0,0,0,0,3.458,3.292,0,7.864,0,0,1
4.385,3.9908,0,0,0,0,0,32.4,0,7,0,-1.569,3.819,3.09,9.999,10,1.034,1.141,0,0,0,1.135,0,0,0,0,2.061,0,0,21.678,6.884,0,0,0,0,3.432,2.833,0,8.562,0,0,1
4.791,4.5316,0,0,2,0,0,23.1,2,2,8,-1.384,3.354,1.73,9.99,2,1.018,1.173,0,0,0,1.117,0,0,0,0,2.194,-0.008,0,20.829,2.395,0,0,2,6,3.467,3.083,4,8.19,0,0,1
4.303,3.3317,0,0,0,0,0,34.8,3,1,0,1.559,3.027,1.837,9.389,1,0.979,1.135,0,0,0,1.236,0,0,0,0,2,0.042,0,10.396,3.193,0,0,0,0,3.349,2.37,0,7.827,0,0,1
4.499,2.8945,1,0,0,0,1,46.7,1,0,0,0,3.185,1.125,9.311,0,0.991,1.107,0,0,0,1.323,1,0,1,0,2.136,0.043,0,0,1.481,0,0,0,0,3.692,2.16,0,8.337,0,1,1
4.651,2.6738,0,0,2,0,1,41.7,1,2,3,-0.396,3.482,1.911,9.989,3,1.007,1.125,0,0,0,1.256,1,0,0,0,2.202,-0.002,0,21.674,3.267,0,1,3,1,3.611,2.692,1,8.461,0,0,1
4.692,2.7215,0,0,2,0,2,40.7,2,2,3,-0.393,3.547,1.876,10.164,3,1.002,1.126,0,0,0,1.259,1,0,0,0,2.236,0.001,0,21.814,3.356,0,1,3,1,3.659,2.619,1,8.548,0,0,1
4.543,2.5935,0,0,2,0,1,40.9,1,1,2,0.008,3.298,1.705,9.722,1,0.993,1.127,0,0,0,1.253,1,0,0,0,2.166,-0.008,0,10.506,2.905,0,0,2,1,3.567,2.394,1,8.223,0,0,1
4.653,1.8048,0,0,0,0,2,36.2,1,1,0,0,3.874,3.355,10.213,2,0.97,1.132,0,0,0,1.236,1,0,0,0,2.214,0,0,0,8.143,0,1,0,1,3.64,1.833,0,8.486,0,0,1
4.562,3.2113,0,0,0,0,2,42.9,0,2,0,0,3.025,0.875,9.54,4,1.022,1.119,0,0,0,1.209,1,0,0,0,2.17,0.047,0,0,1.14,0,2,0,2,3.646,2.917,0,8.003,0,0,1
4.77,3.031,0,0,0,0,2,45,2,1,0,0.125,3.217,1.185,9.882,2,0.987,1.114,0,0,0,1.294,1,0,0,0,2.236,0.014,0,10.757,1.74,0,0,0,0,3.695,2.4,0,8.251,0,0,1
5.072,2.4853,0,0,0,0,2,36.1,4,4,0,-0.892,4.22,2.972,10.799,12,0.984,1.133,0,0,0,1.22,1,0,0,0,2.351,0,0,24.843,7.668,0,0,0,0,3.794,2.144,0,8.984,2,0,1
4.882,3.2502,0,0,0,0,2,44.4,0,4,0,-2.254,3.451,1.258,10.136,8,1.053,1.116,0,0,0,1.194,1,0,0,0,2.288,0.005,0,20.766,2.011,0,0,0,2,3.762,3.389,0,8.529,0,0,1
4.844,2.3785,0,0,0,0,3,50,0,3,0,-0.439,3.716,0.625,10.35,9,1.015,1.104,0,0,0,1.266,2,0,0,0,2.286,0,0,11.622,3.405,0,2,0,1,3.736,2.573,0,8.765,1,0,1
4.77,2.6687,0,0,0,0,0,38.5,3,0,0,4.722,3.131,1.185,9.882,0,0.964,1.128,0,0,0,1.264,1,0,0,0,2.236,0.012,0,0,1.74,0,0,0,0,3.533,1.75,0,7.981,0,0,1
5.016,2.2586,0,0,0,0,0,37.5,1,3,0,-0.589,3.389,0.799,10.366,8,1.012,1.13,0,0,0,1.195,3,0,0,0,2.441,-0.002,0,22.204,1.197,3,0,0,0,3.686,2.611,0,8.289,0,0,0
4.694,1.7937,1,0,6,0,0,32.5,0,0,6,0.902,3.673,0.5,10.219,0,0.975,1.137,0,0,0,1.228,2,0,0,0,2.236,0,0,0,3.872,0,0,4,2,3.856,1.75,2,8.614,0,0,0
5.665,1.9758,2,0,0,0,3,51.4,0,0,0,0,4.052,0.432,10.89,0,0.976,1.085,0,0,0,1.424,3,0,1,0,2.49,0,0,0,1.839,0,3,0,0,4.433,1.99,0,9.487,0,1,0
5.307,3.0431,10,0,0,0,12,52.2,0,1,0,0,5.701,0.719,11.156,4,1.089,1.03,0,0,0,1.583,2,1,0,0,2.485,0,1,0,3.176,0,12,0,0,6.99,2.217,0,13.877,0,10,0
5.493,2.107,0,0,0,6,18,40,21,3,0,0,4.889,0.97,12.308,12,0.974,1.125,0,0,0,1.283,4,0,0,0,2.525,0,0,0,3.898,0,3,0,3,3.956,2,0,9.962,0,0,0
5.511,1.5321,0,0,2,2,6,48.4,4,0,4,0,4.328,0.541,11.432,0,0.973,1.108,0,0,0,1.315,4,0,0,1,2.431,0,0,0,5.586,0,2,4,1,3.805,1.903,1,9.379,0,0,0
5.645,2.6483,0,0,0,1,2,48.3,0,3,0,-1.283,3.768,0.922,10.779,8,1.01,1.108,0,0,0,1.253,2,0,0,0,2.461,0,0,11.372,2.163,0,0,0,2,3.815,2.662,0,8.81,0,0,0
5.392,2.6779,2,0,2,0,6,36.8,0,6,4,0,4.264,1.018,11.255,12,1.043,1.121,0,0,0,1.244,2,0,0,0,2.416,0,0,45.607,4.149,0,4,4,6,4.747,3.16,2,10.25,0,0,0
5.35,2.0188,4,0,0,0,12,53.3,0,7,0,-5.135,4.7,0.899,11.524,18,1.062,1.092,0,0,0,1.297,6,0,1,0,2.522,0,0,49.639,5.027,0,4,0,2,4.18,2.932,0,10.094,2,4,0
5.995,3.0045,6,0,0,3,0,39.1,0,4,0,-3.753,4.318,1.053,11.51,8,1.116,1.112,0,0,0,1.278,3,0,1,0,2.789,0,0,22.691,1.075,4,0,0,2,4.405,3.355,0,9.839,0,6,0
5.38,2.1089,0,0,0,0,0,40,3,3,0,0.787,3.73,1,10.919,8,0.998,1.125,0,0,0,1.237,6,0,0,0,2.596,0,0,23.572,1.434,5,0,0,0,3.795,2.353,0,8.688,0,0,0
5.119,2.5804,0,0,0,0,4,54.5,0,0,0,0,3.434,0,10.355,0,0.974,1.094,0,0,0,1.369,7,0,0,0,2.471,0.001,0,0,0.751,0,0,0,0,3.941,1.806,0,8.592,0,0,0
5.423,2.9683,4,0,2,0,8,35.3,0,6,4,0,4.386,1.016,11.356,12,1.07,1.119,0,0,0,1.262,2,0,1,0,2.477,0,0,45.487,3.03,0,6,4,6,4.751,3.308,2,10.384,0,2,0
5.039,2.6275,0,0,0,0,3,50,0,2,0,-0.79,3.589,1.217,10.309,2,1.003,1.104,0,0,0,1.29,3,0,0,0,2.376,-0.001,0,10.612,2.131,0,0,0,1,3.879,2.512,0,8.701,0,0,0
5.369,2.3752,5,0,2,1,0,37,1,2,3,-0.557,4.187,1.455,10.969,6,1.053,1.115,0,0,0,1.299,3,0,0,0,2.504,0,0,24.195,2.749,2,0,3,0,4.311,2.77,1,9.635,0,4,0
4.303,3.5568,0,1,0,0,0,20,0,0,1,0,2.774,0.862,9.067,0,1.041,1.199,0,0,0,1.194,1,0,0,1,2.115,0.15,0,0,0.956,0,0,2,3,3.662,2.694,4,7.859,0,0,0
5.431,2.8292,0,0,0,2,0,30,4,1,1,0,3.203,0.832,10.681,2,0.979,1.148,0,0,0,1.202,1,0,0,0,2.394,-0.007,0,0,1.055,2,0,6,2,3.509,2.121,1,7.93,0,0,0
4.792,1.7397,6,0,0,0,0,30,0,0,2,2.068,4.217,0.548,10.477,0,0.99,1.106,0,0,0,1.364,2,0,0,0,2.242,0,0,0,5.633,0,0,4,0,4.476,1.85,2,9.806,0,0,0
4,2.368,0,0,0,0,0,28.6,0,2,0,0,2.647,0,8.623,0,1.014,1.149,0,0,0,1.083,1,0,0,0,2,0.135,0,0,0.667,0,0,0,0,3.122,2.167,0,7.015,0,0,0
4.732,3.6508,0,0,0,0,0,20,0,0,9,0,3.146,0.881,9.803,0,1.041,1.199,0,0,0,1.146,1,0,0,0,2.236,-0.028,0,0,0.95,0,0,0,6,3.775,2.889,6,8.228,0,0,0
4.732,3.09,0,0,0,0,0,25,0,3,3,-2.406,3.185,0.881,9.803,6,1.107,1.177,0,0,0,1.126,1,0,0,0,2.236,-0.029,0,30.54,0.95,0,0,0,3,3.632,3.722,3,8.205,0,0,0
5.493,2.0841,0,0,12,6,12,38.1,18,6,15,-2.283,4.908,0.97,12.308,24,0.988,1.131,0,0,0,1.248,4,0,0,0,2.525,0,0,44.045,3.898,0,3,3,3,3.918,2.281,3,9.972,0,0,0
4.838,2.2234,0,0,2,0,0,33.3,0,0,6,1.397,3.229,0,9.909,0,0.977,1.145,0,0,0,1.22,3,0,0,0,2.291,0.004,0,0,1.145,0,0,5,0,3.502,1.697,2,7.886,0,0,0
4.732,2.2384,0,0,0,0,0,30,0,0,0,0,2.92,0,9.728,0,0.981,1.154,0,0,0,1.156,3,0,0,0,2.303,-0.021,0,0,0.5,0,0,6,0,3.369,1.625,2,7.49,0,0,0
5.02,2.2627,0,0,4,0,6,42.3,4,4,8,-1.023,4.241,1.776,11.051,6,1.004,1.123,0,0,0,1.267,2,0,0,0,2.392,0,0,45.646,4.905,0,2,6,2,3.834,2.595,2,9.307,0,0,0
5.013,1.8267,2,1,16,0,7,42.4,2,5,14,-1.123,4.692,1.541,11.371,5,1.019,1.121,0,0,0,1.277,5,0,1,0,2.415,0,0,35.613,4.374,0,4,13,1,4.304,2.444,5,9.956,0,1,0
5.02,1.5772,2,2,14,0,8,45.7,2,4,20,-2.182,4.79,0.774,11.501,6,1.018,1.118,0,0,0,1.289,4,0,1,0,2.393,0,0,49.391,7.983,0,6,18,2,4.005,2.543,6,9.977,0,2,0
5.126,2.3232,0,1,11,0,7,47.2,1,3,11,0,4.103,0.832,10.931,6,1.02,1.117,0,1,0,1.282,4,0,0,0,2.418,0,0,22.238,3.982,0,4,8,1,3.956,2.594,3,9.333,0,0,0
5.325,3.1038,4,0,2,0,6,50,0,2,2,-1.249,4.049,0.789,10.761,6,1.114,1.095,0,0,0,1.331,3,0,1,0,2.534,0,0,22.671,1.13,0,4,2,1,4.274,3.085,1,9.567,0,4,0
4.923,2.4754,1,0,0,0,2,47.1,0,1,0,0,3.392,0.664,9.946,2,1.011,1.107,0,0,0,1.271,2,0,1,0,2.387,-0.007,0,0,1.563,0,1,0,0,3.922,2.178,0,8.669,0,1,0
4.782,2.3537,0,0,2,0,0,30.8,1,2,2,-0.638,3.243,1.273,9.947,4,0.998,1.147,0,0,0,1.141,1,0,0,0,2.251,-0.007,0,10.518,1.951,2,0,1,3,3.446,2.621,1,7.915,0,0,0
2,1.1349,0,1,0,0,0,0,0,0,0,0,1.544,0,4.174,0,1.015,1.235,1,0,0,0.863,0,0,0,0,1,-1.099,0,0,1,0,0,0,4,2.267,4,2,4.917,0,0,0
4.214,2.8141,0,0,0,0,0,33.3,2,0,0,0,2.582,1.459,8.755,0,0.961,1.138,0,0,0,1.27,0,0,0,0,1.902,-0.197,0,0,2.052,0,0,0,0,3.09,1.972,0,7.038,0,0,0
3.902,2.6931,2,0,0,0,0,30.8,2,0,0,0,3.401,2.322,8.881,0,0.985,1.139,0,0,0,1.241,0,0,1,0,1.919,-0.022,0,0,4.086,0,0,0,0,3.547,2.022,0,8.444,0,2,0
5.164,3.7343,4,0,0,1,0,27.3,2,0,0,0,3.525,1.379,9.874,0,1.075,1.131,0,0,0,1.305,0,0,1,0,2.136,0.138,0,0,1.496,0,0,0,0,4.099,2.956,0,9.051,0,4,0
5.646,4.8224,3,0,0,2,0,25,2,0,0,0,3.543,0.811,10.505,0,1.27,1.262,0,0,2,1.119,0,0,0,0,2.303,-0.099,0,0,1.411,0,0,0,0,4.196,4.854,0,9.044,0,6,0
4.17,3.6942,3,0,0,0,0,33.3,0,0,0,0.09,3.245,0.971,8.597,0,1.123,1.11,0,0,0,1.38,0,0,0,0,1.848,0.414,0,0,1.542,0,0,0,0,4.098,3.2,0,8.832,0,3,0
4.496,3.6686,0,0,3,0,0,30,3,0,3,0,3.287,2.237,9.519,0,0.965,1.147,0,0,0,1.197,0,0,0,0,2.101,0.003,0,0,2.551,0,0,3,0,3.165,1.654,1,7.567,0,0,0
4.253,3.0445,0,0,2,0,0,27.8,0,0,2,0,3.226,2.252,9.598,0,0.97,1.155,0,0,0,1.191,0,0,0,0,2,-0.007,0,0,4.596,0,0,2,0,3.112,1.75,2,7.652,0,0,0
4.303,3.1413,0,0,0,0,0,23.5,2,1,0,0,2.587,1.459,8.815,2,0.991,1.164,0,0,0,1.072,0,0,0,0,1.932,-0.222,0,0,1.745,0,0,2,1,3.128,2.5,1,6.959,0,0,0
5.164,3.5612,0,0,0,1,0,26.3,4,2,0,0,2.756,1.379,9.874,6,0.998,1.153,0,0,0,1.091,0,0,0,0,2.136,0.131,0,0,1.496,0,0,0,2,3.278,2.893,0,7.268,0,0,0
5.303,4.0516,0,0,0,1,0,26.1,4,3,0,0,3.01,1.392,10.053,9,1.007,1.154,0,0,0,1.079,0,0,0,0,2.236,0.044,0,0,1.164,0,0,0,3,3.32,3.028,0,7.453,0,0,0
5.098,3.4015,0,0,0,1,0,26.1,4,1,0,0,2.859,1.5,9.872,0,0.983,1.157,0,0,0,1.138,0,0,0,0,2.112,-0.073,0,0,2.472,0,0,4,2,3.271,2.344,1,7.383,0,0,0
4.438,3.4065,0,0,0,0,0,26.1,3,1,0,0,2.85,1.561,9.104,0,0.983,1.157,0,0,0,1.122,0,0,0,0,2.029,-0.073,0,0,2.054,0,0,3,1,3.137,2.25,1,7.167,0,0,0
5.236,3.8074,0,0,0,1,0,23.8,3,2,1,0,2.89,1.406,9.967,4,1.003,1.162,0,0,0,1.066,0,0,0,0,2.189,-0.078,0,0,1.309,0,0,3,4,3.311,2.969,1,7.37,0,0,0
4.491,3.6384,0,0,2,0,0,28.6,3,1,2,0,3.231,2.23,9.449,0,0.976,1.151,0,0,0,1.166,0,0,0,0,2.093,-0.007,0,0,2.764,0,0,3,1,3.167,2,1,7.528,0,0,0
3.879,2.8492,0,0,0,0,0,29.6,2,1,0,0,2.938,2.281,8.743,2,0.973,1.146,0,0,0,1.169,0,0,0,0,1.902,0.04,0,0,3.685,0,0,0,0,2.997,1.833,0,7.135,0,0,0
5.283,4.9583,0,0,0,4,0,29.6,10,4,0,0,3.781,2.161,11.219,14,0.988,1.146,0,0,0,1.164,0,0,0,0,2.298,0,0,0,5.013,0,0,0,0,3.48,2.1,0,8.553,0,0,0
5.333,4.7687,0,0,0,2,0,25.6,6,7,0,0,3.66,2.027,10.771,24,1.026,1.155,0,0,0,1.068,0,0,0,0,2.303,0,0,0,3.918,0,0,0,6,3.394,3.176,0,8.181,0,0,0
4.482,3.906,0,0,0,0,0,27.3,4,4,0,0,3.368,2.192,9.868,3,1.004,1.151,0,0,0,1.107,0,0,0,0,2.098,0.004,0,0,4.063,0,0,0,2,3.248,2.577,0,7.861,0,0,0
4.412,3.3381,0,0,4,0,0,32.2,2,2,2,0.253,4.479,4.297,10.675,4,0.971,1.142,0,0,0,1.198,0,0,0,0,2.086,0,0,24.053,15.507,0,0,4,2,3.374,1.841,2,8.904,0,0,0
4.38,3.3651,0,2,4,0,0,23.1,0,2,4,-0.439,3.343,2.252,9.65,2,1.018,1.173,2,0,0,1.115,0,0,0,0,2.047,-0.008,0,21.129,4.178,0,0,4,6,3.366,3.028,4,8.066,0,0,0
4.947,4.3619,2,0,0,0,0,28.6,0,4,0,-2.409,4.298,1.371,9.956,4,1.101,1.126,0,0,0,1.246,0,1,0,0,2.214,-0.028,0,20.21,2.232,0,0,0,2,6.911,3.75,0,12.27,0,2,0
4.675,4.5744,0,0,0,0,0,27.3,0,6,0,-3.785,3.49,1.776,10.007,0,1.073,1.155,0,0,0,1.099,0,0,0,0,2.175,0.005,0,30.436,2.211,0,0,3,3,3.488,3.885,1,8.405,0,0,0
5.182,4.1948,3,0,0,0,0,21.1,2,2,0,0,3.463,1.837,9.966,2,1.007,1.119,0,0,0,1.35,0,0,0,0,2.175,0.045,0,0,2.244,0,0,0,0,4.828,2.46,0,9.521,0,0,0
5.602,5.159,1,0,0,0,0,20.7,0,1,12,0,3.361,1.241,10.509,6,0.989,1.164,0,0,0,1.231,0,0,0,0,2.376,0.013,0,12.09,1.357,0,0,0,0,4.468,2.346,3,9.077,0,0,0
5.27,5.1487,7,0,0,0,0,25.7,3,4,0,0,5.27,2.388,10.649,12,1.039,1.119,0,0,0,1.379,0,1,0,0,2.284,0,0,12.499,3.036,0,0,0,0,6.912,2.39,0,13.367,0,6,0
5.184,3.9866,1,0,0,0,0,25,2,4,0,0,3.503,2.47,10.126,8,1.004,1.147,0,0,0,1.158,0,0,0,0,2.194,0.004,0,11.075,3.798,0,0,0,1,4.432,2.6,0,9.066,0,0,0
5.509,5.4486,2,0,0,0,0,29.6,6,1,0,0,5.083,2.383,10.95,6,0.961,1.132,0,0,0,1.397,0,0,0,0,2.414,0,0,0,3.022,0,0,0,0,10.428,1.604,0,14.7,0,0,0
5.349,4.4437,1,0,0,0,0,29.8,4,2,0,-0.024,4.494,2.184,10.42,3,0.973,1.134,0,0,0,1.343,0,0,0,0,2.318,0,0,11.379,1.951,0,0,0,0,10.323,2.005,0,14.008,0,0,0
5.333,4.5365,1,0,0,0,0,31.7,4,0,0,0,4.785,3.105,10.724,0,0.959,1.136,0,0,0,1.292,0,0,0,0,2.309,0,0,0,3.559,0,0,0,0,10.319,1.528,0,14.007,0,0,0
4.481,3.8606,0,0,0,0,0,36,0,0,3,0,3.135,1.895,9.292,0,0.971,1.136,0,0,0,1.285,0,0,0,0,2.074,-0.024,0,0,2.02,0,0,3,0,3.257,2.15,1,7.746,0,0,0
5.333,4.7127,0,0,0,2,0,27.9,6,5,0,0,3.631,2.027,10.771,18,1.003,1.15,0,0,0,1.107,0,0,0,0,2.303,0,0,0,3.918,0,0,0,4,3.386,2.706,0,8.143,0,0,0
5.511,2.626,3,0,0,0,4,48,0,2,0,0,4.046,0.732,10.806,8,1.032,1.092,0,0,0,1.347,2,0,1,0,2.42,0,0,24.34,2.731,0,4,0,0,4.738,2.694,0,9.875,0,2,0
5.138,3.6483,3,0,0,0,4,46.7,0,2,0,-1.188,3.792,1.124,10.297,4,1.085,1.1,0,0,0,1.31,1,0,1,0,2.368,0.004,0,10.567,1.45,0,3,0,1,4.147,3.139,0,9.259,0,3,0
4.732,3.0271,0,0,1,0,1,40,0,0,2,0,3.08,1.187,9.642,0,0.976,1.129,0,0,0,1.27,1,0,0,0,2.194,-0.024,0,0,1.659,0,1,2,0,3.601,1.963,1,7.982,0,0,0
4.912,3.2927,0,0,2,0,3,40,2,0,3,0,3.087,0.881,9.863,0,0.976,1.129,0,0,0,1.286,1,0,0,0,2.264,-0.024,0,0,0.95,0,1,2,2,3.719,2.111,1,8.103,0,0,0
4.732,3.2078,0,0,3,0,3,40,2,0,2,0,3.087,0.881,9.803,0,0.976,1.129,0,0,0,1.298,1,0,0,0,2.236,-0.024,0,0,0.95,0,1,2,2,3.695,2.111,1,8.095,0,0,0
4.616,2.8239,0,0,1,0,2,39.1,2,0,2,0,3.168,1.461,9.69,0,0.974,1.13,0,0,0,1.27,1,0,0,0,2.203,0.013,0,0,2.063,0,1,3,1,3.63,1.933,1,8.047,0,0,0
4.783,3.1257,0,0,1,0,2,40,1,0,3,0,3.08,1.187,9.668,0,0.976,1.129,0,0,0,1.273,1,0,0,0,2.222,-0.024,0,0,1.358,0,1,2,1,3.65,1.981,1,8.005,0,0,0
4.75,2.0515,0,0,5,0,3,40.9,3,0,7,0,3.859,1.491,10.536,0,0.976,1.126,0,0,0,1.282,2,0,0,1,2.285,0,0,0,4.361,0,3,8,2,3.689,1.908,2,8.765,0,0,0
4.739,2.1754,0,0,3,0,3,42.9,2,0,6,0,3.72,1.085,10.361,0,0.979,1.123,0,0,0,1.288,2,0,0,1,2.279,0,0,0,3.551,0,3,8,2,3.688,1.961,2,8.671,0,0,0
4.88,1.8312,0,0,1,0,1,40,0,2,4,0,3.6,0,10.272,0,0.998,1.127,0,0,0,1.195,3,0,0,0,2.375,0,0,0,2.221,0,1,4,0,3.627,1.956,1,8.602,0,0,0
4.596,3.1791,0,0,2,0,2,37.5,0,0,4,0,2.997,0.875,9.54,0,0.991,1.14,0,0,0,1.254,1,0,0,0,2.175,0.045,0,0,1.069,0,2,4,4,3.638,2.417,2,7.969,0,0,0
4.596,3.2067,1,0,1,0,2,42.9,0,0,2,0,3.202,0.875,9.54,0,1.005,1.121,0,0,0,1.316,1,0,1,0,2.175,0.045,0,0,1.069,0,2,2,2,3.876,2.431,1,8.463,0,1,0
4.732,3.271,1,0,1,0,2,42.9,0,0,2,0,3.202,0.875,9.579,0,1.005,1.121,0,0,0,1.312,1,0,1,0,2.194,0.045,0,0,0.854,0,2,2,2,3.903,2.431,1,8.466,0,1,0
4.77,2.9221,0,0,1,0,2,39.1,2,0,2,0,3.175,1.185,9.882,0,0.974,1.13,0,0,0,1.27,1,0,0,0,2.236,0.013,0,0,1.74,0,1,2,2,3.651,2.067,1,8.096,0,0,0
5.005,1.8996,0,0,1,0,2,39.4,1,2,5,0,3.657,0.5,10.424,0,0.995,1.128,0,0,0,1.204,3,0,0,0,2.396,0,0,0,2.271,0,1,4,0,3.697,1.938,1,8.68,0,0,0
4.796,3.4006,0,0,2,0,2,41.2,1,2,2,0,3.278,1.185,9.882,4,1.024,1.127,0,1,0,1.253,1,0,0,0,2.243,0.015,0,20.317,1.686,0,1,2,0,3.835,2.933,1,8.497,0,0,0
4.923,3.5053,0,0,1,0,2,41.2,1,2,3,0,3.278,1.185,9.911,4,1.024,1.127,0,1,0,1.254,1,0,0,0,2.267,0.015,0,20.455,1.563,0,1,2,0,3.854,2.933,1,8.499,0,0,0
4.77,3.3176,0,0,1,0,2,41.2,1,2,2,0,3.278,1.185,9.882,4,1.024,1.127,0,1,0,1.253,1,0,0,0,2.236,0.015,0,20.236,1.74,0,1,2,0,3.83,2.933,1,8.497,0,0,0
4.912,3.3307,0,0,0,0,3,42.1,2,1,0,0,3.1,0.881,9.863,4,0.987,1.12,0,0,0,1.271,1,0,0,0,2.264,-0.024,0,0,0.95,0,1,0,1,3.728,2.333,0,8.118,0,0,0
5.027,3.4136,0,0,0,0,4,40.9,3,1,0,0,3.193,0.861,10.084,4,0.983,1.123,0,0,0,1.269,1,0,0,0,2.318,0.013,0,0,0.984,0,1,0,1,3.784,2.267,0,8.242,0,0,0
4.845,3.2928,0,0,3,0,3,38.1,1,1,2,0,3.198,1.185,9.902,2,0.993,1.133,0,0,0,1.241,1,0,0,0,2.267,0.014,0,0,1.393,0,2,2,2,3.718,2.25,1,8.175,0,0,0
4.732,2.4398,0,0,0,0,3,50,1,1,0,0,3.558,0.544,10.15,4,0.986,1.104,0,0,0,1.31,2,0,0,0,2.264,-0.001,0,0,2.919,0,2,0,0,3.699,2.036,0,8.573,0,0,0
5.979,2.4858,0,0,5,5,6,37.5,8,4,6,-3.631,4.672,1.621,11.98,10,1.033,1.162,0,0,1,1.152,2,0,0,0,2.508,0,0,24.703,7.425,0,4,6,3,3.867,3.161,2,9.671,0,7,0
5.369,2.4228,2,2,8,0,4,32.4,0,5,6,0,4.22,1.315,11.166,12,1.044,1.134,0,0,0,1.236,2,0,0,0,2.374,0,0,45.922,4.369,0,4,2,6,4.714,3,4,10.183,0,0,0
4.856,3.0549,1,0,0,0,3,40.9,1,3,0,-0.991,3.613,1.662,10.15,3,1.033,1.12,0,0,0,1.234,1,0,1,0,2.281,-0.002,0,10.2,2.83,0,2,0,1,3.904,2.829,0,8.804,0,1,0
5.395,2.6091,1,0,0,2,8,40,8,2,0,0,4.144,1.006,11.361,6,0.982,1.119,0,0,0,1.301,2,0,0,0,2.449,0,0,0,3.714,0,4,0,2,4.055,2.147,0,9.332,0,0,0
4.849,3.0066,0,0,1,0,2,39.3,2,1,2,0,3.442,1.546,10.067,2,0.986,1.129,0,0,0,1.246,1,0,0,0,2.278,-0.002,0,10.413,2.303,0,1,4,0,3.682,2.256,1,8.33,0,0,0
5.268,3.9791,4,0,6,0,6,57.1,0,0,4,0,4.005,1.197,10.51,0,1.099,1.085,0,0,0,1.399,1,0,1,0,2.439,0.001,0,0,1.098,0,4,2,0,4.262,3.103,2,9.544,0,4,0
5.313,3.3759,1,0,2,0,2,35,1,2,2,0,3.484,1.16,10.388,4,1.018,1.125,0,0,0,1.27,1,0,0,0,2.311,-0.008,0,21.444,1.833,0,1,1,2,4.725,2.932,1,9.496,0,0,0
5.38,3.8121,1,0,1,0,3,33.3,1,5,2,0,3.739,1.197,10.666,10,1.07,1.129,0,1,0,1.221,1,0,0,0,2.389,0.001,0,42.164,1.962,0,2,2,1,4.74,3.565,1,9.679,0,0,0
4.876,2.3994,0,0,10,0,4,42.9,2,0,10,0.401,3.793,0.662,10.516,0,0.985,1.126,0,0,0,1.289,2,0,0,0,2.298,0,0,0,4.008,0,2,4,3,3.742,2.102,3,8.832,0,0,0
4.795,3.1901,0,0,2,0,3,38.5,2,2,1,-0.44,3.464,1.662,10.144,5,1.002,1.131,0,0,0,1.237,1,0,0,0,2.278,-0.002,0,10.87,2.609,0,1,0,1,3.724,2.436,1,8.46,0,0,0
4.814,2.6622,6,0,0,0,0,33.3,0,0,0,0,5.219,0.76,10.54,0,0.999,1.112,0,0,0,1.452,1,1,0,0,2.247,0,1,0,1.366,0,0,0,0,6.918,1.861,0,13.359,0,6,0
4.821,1.7046,0,0,0,0,0,36.4,0,2,0,0,3.183,0,10.081,4,0.998,1.132,0,0,0,1.147,4,0,0,0,2.487,0.004,0,0,1.669,1,0,0,0,3.552,1.833,0,8.16,0,0,0
5.256,2.8227,0,0,0,1,0,37.5,3,1,0,1.509,3.163,0.861,10.335,2,0.98,1.13,0,0,0,1.277,1,0,0,0,2.327,0.012,0,11.013,1.037,0,0,0,0,3.597,2.258,0,8.072,0,0,0
5.105,2.1775,0,0,0,0,0,35.6,0,7,0,-3.756,4.024,1.009,10.889,18,1.022,1.134,0,0,0,1.153,2,0,0,0,2.381,0,0,46.833,4.315,4,0,0,2,3.644,2.935,0,8.901,0,0,0
5.312,2.3744,1,0,0,0,2,38.5,2,4,0,0,4.151,1.773,10.862,15,0.993,1.123,0,0,0,1.258,2,0,0,0,2.351,0,0,13.18,3.749,0,2,0,0,4.432,2.179,0,9.497,0,0,0
5.718,2.1601,3,0,3,0,3,45.7,0,0,0,0.951,4.802,1.11,11.097,0,0.977,1.09,0,0,0,1.471,3,0,0,0,2.527,0,0,0,1.942,0,0,0,0,10.349,1.943,1,14.03,0,0,0
5.301,3.2179,3,0,0,0,1,33.3,1,4,0,-0.331,4.046,2.058,10.721,7,1.011,1.115,0,0,0,1.309,1,0,0,0,2.36,0,0,12.071,2.598,0,0,0,0,4.824,2.42,0,9.789,0,0,0
5.446,2.5224,2,0,1,0,3,40,1,4,2,0,4.116,1.197,10.882,12,1.018,1.111,0,1,0,1.308,2,0,0,0,2.397,0,0,21.296,3.431,0,3,2,0,4.719,2.57,1,9.801,0,0,0
4.65,2.596,0,0,0,0,2,42.3,1,1,0,0,3.361,1.758,9.82,2,0.981,1.12,0,0,0,1.276,1,0,0,0,2.224,0.004,0,10.332,2.705,0,0,0,0,3.652,2.236,0,8.227,0,0,0
5.236,3.9253,5,0,0,0,6,46.2,0,1,0,0,3.967,0.799,10.434,2,1.123,1.09,0,0,0,1.352,1,0,1,0,2.414,0.004,0,0,0.873,0,6,0,1,4.295,3.046,0,9.557,0,5,0
5.188,3.1467,5,0,0,1,4,40,2,1,0,0,5.069,1.781,10.7,4,1.026,1.093,0,0,0,1.461,1,1,0,0,2.35,0,1,0,3.228,0,4,0,0,6.914,2.135,0,13.183,0,5,0
4.985,2.0546,0,0,0,0,0,38.7,0,1,0,1.982,3.408,0.569,10.158,3,0.977,1.127,0,0,0,1.236,2,0,0,0,2.327,0.001,0,11.653,2.096,1,0,0,0,3.547,1.974,0,8.148,0,0,0
5.512,2.2581,0,0,0,1,4,40.4,4,4,0,0,4.013,1.555,10.927,4,0.998,1.124,0,0,0,1.227,2,0,0,0,2.426,0,0,0,4.054,0,2,0,2,3.787,2.301,0,8.93,0,0,0
5.349,1.9393,0,0,0,0,7,49.2,3,1,0,0,4.332,0.541,11.225,3,0.977,1.106,0,0,0,1.312,4,0,0,0,2.5,0,0,0,2.737,0,1,0,1,3.882,1.989,0,9.367,0,0,0
5.535,2.4918,8,0,0,1,8,41.2,4,2,0,0,5.587,1.707,11.349,6,1.017,1.097,0,0,0,1.429,2,1,0,0,2.484,0,1,0,4.711,0,6,0,0,6.912,2.073,0,13.654,0,8,0
5.131,2.5259,0,0,0,0,3,50,0,3,0,-0.688,3.829,1.126,10.558,9,1.009,1.104,0,0,0,1.269,2,0,0,0,2.384,0,0,23.875,2.895,0,0,0,0,3.833,2.546,0,8.899,1,0,0
5.095,1.9952,0,0,1,0,0,34.9,2,4,1,-0.437,3.866,0.737,10.802,11,1.003,1.137,0,0,0,1.207,2,0,0,0,2.383,0,0,34.836,3.664,4,0,2,2,3.58,2.633,1,8.709,0,0,0
5.993,1.665,12,0,0,6,0,42.9,0,0,0,0.765,4.84,0.692,12.114,0,1.059,1.103,0,0,0,1.366,15,0,1,0,2.804,0,0,0,2.191,8,0,0,0,4.416,2.494,0,10.41,0,12,0
5.775,1.9708,0,0,8,2,0,36.7,5,2,4,0.232,4.057,1.81,11.419,8,0.98,1.133,0,0,0,1.234,6,0,0,0,2.678,0,0,26.695,3.151,2,0,3,0,3.855,2.067,1,8.917,0,0,0
5.029,2.7083,0,0,3,0,3,46.2,1,0,3,0,3.479,1.139,10.174,0,0.977,1.115,0,0,0,1.312,3,0,0,0,2.369,0.001,0,0,1.808,0,1,3,1,3.875,1.923,1,8.536,0,0,0
5.092,2.3662,0,0,0,0,2,41.9,2,0,0,0,3.418,0.985,10.296,0,0.966,1.121,0,0,0,1.293,3,0,0,0,2.387,0.001,0,0,1.554,1,0,0,0,3.696,1.731,0,8.28,0,0,0
5.493,2.3368,0,0,0,1,0,38.5,2,0,0,1.531,3.145,0.853,10.592,0,0.964,1.128,0,0,0,1.288,3,0,0,0,2.53,-0.006,0,0,0.818,2,0,0,0,3.662,1.708,0,8.011,0,0,0
5.352,2.412,1,0,0,0,5,58.3,0,2,0,-0.321,3.898,0.682,10.784,8,1.021,1.084,0,0,0,1.327,6,0,1,0,2.518,0,0,24.433,1.322,0,1,0,0,4.041,2.575,0,9.177,0,1,0
5.416,2.4805,1,0,3,0,7,51.9,0,3,3,-0.735,4.305,0.73,10.964,11,1.031,1.097,0,0,0,1.309,6,1,0,0,2.551,0,1,24.769,1.407,0,3,2,3,6.88,2.724,1,11.646,0,1,0
5.352,2.415,0,0,0,0,5,56,0,3,0,-0.514,3.807,0.682,10.784,11,1.021,1.092,0,0,0,1.291,6,0,0,0,2.518,0,0,24.305,1.322,0,1,0,1,3.968,2.686,0,8.971,0,0,0
5.386,2.1526,0,0,0,0,6,60,0,2,0,-0.132,3.973,0.548,10.964,8,1.002,1.083,0,0,0,1.336,10,0,0,0,2.548,0,0,25.26,1.599,0,0,0,0,4.029,2.367,0,9.184,0,0,0
5.418,3.1295,10,0,0,0,12,54.5,0,0,0,0,5.692,0.72,11.151,0,1.078,1.022,0,0,0,1.617,2,1,0,0,2.532,0,1,0,2.359,0,10,0,0,6.991,2.159,0,13.877,0,10,0
4.992,2.5599,2,0,2,0,6,46.2,0,0,4,0,3.896,0.75,10.568,0,1.01,1.114,0,0,0,1.323,2,0,1,0,2.368,0,0,0,2.478,0,4,4,4,3.989,2.389,2,9.228,0,2,0
4.89,1.9828,0,0,2,0,4,46.3,1,0,2,0,3.88,1.745,10.484,0,0.974,1.113,0,0,0,1.311,2,0,0,0,2.33,0,0,0,4.222,0,0,1,0,3.779,2.033,1,8.855,0,0,0
4.893,2.2807,0,0,0,0,4,48.4,2,0,0,0,3.603,0.648,10.32,0,0.97,1.107,0,0,0,1.334,2,0,0,0,2.312,0,0,0,2.866,0,0,0,0,3.728,1.878,0,8.623,0,0,0
4.644,1.6696,0,0,2,0,0,31.8,1,1,4,0.135,3.937,4.12,10.222,3,0.973,1.144,0,0,0,1.175,1,0,0,0,2.306,0,0,11.381,9.52,0,0,1,1,3.532,1.819,2,8.485,0,0,0
4.303,3.1007,1,0,0,0,0,41.7,1,0,0,0,2.938,0.862,9.067,0,0.977,1.097,0,0,0,1.439,1,0,0,0,2.115,0.125,0,0,0.956,0,0,0,0,4.069,1.917,0,8.506,0,0,0
4.802,2.6499,2,0,1,0,2,46.7,0,0,2,0.848,3.501,0.664,10.012,0,1.001,1.078,0,0,0,1.428,3,0,0,0,2.364,-0.007,0,0,1.146,0,2,2,1,4.177,2.1,1,8.992,0,0,0
4.802,1.7012,4,0,4,0,4,50,0,0,4,0,4.212,0,10.767,0,1.006,1.069,0,0,0,1.455,6,0,0,0,2.406,0,0,0,4.164,0,0,4,0,4.462,1.967,2,9.901,0,0,0
5.199,2.2119,0,3,10,0,5,46.4,1,1,12,0,3.826,0.604,10.853,2,1.006,1.12,0,0,0,1.301,7,0,0,3,2.726,0,0,0,2.47,0,2,10,1,4.403,2.137,3,9.363,0,0,0
4.414,3.1806,0,0,0,0,0,42.9,1,0,1,0,2.868,0.802,9.183,0,0.982,1.125,0,0,0,1.295,1,0,0,0,2.101,-0.077,0,0,0.975,0,0,3,0,3.579,2.095,1,7.821,0,0,0
4.414,3.1554,0,0,0,0,0,42.9,1,0,2,0,2.868,0.802,9.183,0,0.982,1.125,0,0,0,1.298,1,0,0,0,2.101,-0.077,0,0,0.975,0,0,2,0,3.573,2.095,1,7.817,0,0,0
4.414,3.2871,1,0,0,0,0,45.5,0,0,1,0,3.11,0.802,9.183,0,1.018,1.116,0,0,0,1.323,1,0,1,0,2.101,-0.081,0,0,0.975,0,0,2,0,3.867,2.397,1,8.386,0,1,0
4.499,3.1749,0,0,1,0,0,50,0,0,4,0,3.059,1.125,9.311,0,1.007,1.118,0,0,0,1.315,1,0,0,0,2.136,0.047,0,0,1.481,0,0,3,0,3.653,2.646,2,8.126,0,0,0
4.414,2.2803,0,0,0,0,0,30,0,0,1,0,2.736,0.802,9.183,0,0.97,1.149,0,0,0,1.178,1,0,0,0,2.101,-0.065,0,0,0.975,0,0,2,0,3.178,1.643,1,7.138,0,0,0
4.861,2.9856,0,0,1,0,2,52.9,0,0,3,0,3.268,0,9.863,0,0.985,1.103,0,0,0,1.338,3,0,0,0,2.303,-0.007,0,0,1.047,0,0,3,0,3.842,2.033,1,8.4,0,0,0
5.325,2.5675,0,0,2,1,3,40,4,1,3,1.306,3.647,1.25,10.764,2,0.982,1.127,0,0,0,1.265,3,0,0,0,2.447,0,0,0,1.996,1,2,5,1,3.826,1.964,1,8.634,0,0,0
4.599,1.8586,2,0,4,0,0,26.7,0,2,0,0,3.676,0,10.013,0,1.007,1.139,0,0,0,1.215,2,0,0,0,2.211,-0.001,0,0,3.499,0,0,4,0,4.125,1.905,2,8.885,0,0,0
4,2.1902,0,0,0,0,0,25,0,0,0,0,2.605,0,8.623,0,0.984,1.166,0,0,0,1.107,1,0,0,0,2,0.121,0,0,0.667,0,0,4,2,3.061,1.833,2,6.883,0,0,0
4.93,2.6974,0,0,7,0,1,39.1,0,0,11,0,3.584,0.673,10.289,0,1.012,1.144,0,0,0,1.242,2,0,0,0,2.334,-0.001,0,0,2.214,0,0,2,4,3.835,2.405,5,8.682,0,0,0
