1,6,4,12,5,5,3,4,1,67,3,2,1,2,1,0,0,1,0,0,1,0,0,1,1
2,48,2,60,1,3,2,2,1,22,3,1,1,1,1,0,0,1,0,0,1,0,0,1,2
4,12,4,21,1,4,3,3,1,49,3,1,2,1,1,0,0,1,0,0,1,0,1,0,1
1,42,2,79,1,4,3,4,2,45,3,1,2,1,1,0,0,0,0,0,0,0,0,1,1
1,24,3,49,1,3,3,4,4,53,3,2,2,1,1,1,0,1,0,0,0,0,0,1,2
4,36,2,91,5,3,3,4,4,35,3,1,2,2,1,0,0,1,0,0,0,0,1,0,1
4,24,2,28,3,5,3,4,2,53,3,1,1,1,1,0,0,1,0,0,1,0,0,1,1
2,36,2,69,1,3,3,2,3,35,3,1,1,2,1,0,1,1,0,1,0,0,0,0,1
4,12,2,31,4,4,1,4,1,61,3,1,1,1,1,0,0,1,0,0,1,0,1,0,1
2,30,4,52,1,1,4,2,3,28,3,2,1,1,1,1,0,1,0,0,1,0,0,0,2
2,12,2,13,1,2,2,1,3,25,3,1,1,1,1,1,0,1,0,1,0,0,0,1,2
1,48,2,43,1,2,2,4,2,24,3,1,1,1,1,0,0,1,0,1,0,0,0,1,2
2,12,2,16,1,3,2,1,3,22,3,1,1,2,1,0,0,1,0,0,1,0,0,1,1
1,24,4,12,1,5,3,4,3,60,3,2,1,1,1,1,0,1,0,0,1,0,1,0,2
1,15,2,14,1,3,2,4,3,28,3,1,1,1,1,1,0,1,0,1,0,0,0,1,1
1,24,2,13,2,3,2,2,3,32,3,1,1,1,1,0,0,1,0,0,1,0,1,0,2
4,24,4,24,5,5,3,4,2,53,3,2,1,1,1,0,0,1,0,0,1,0,0,1,1
1,30,0,81,5,2,3,3,3,25,1,3,1,1,1,0,0,1,0,0,1,0,0,1,1
2,24,2,126,1,5,2,2,4,44,3,1,1,2,1,0,1,1,0,0,0,0,0,0,2
4,24,2,34,3,5,3,2,3,31,3,1,2,2,1,0,0,1,0,0,1,0,0,1,1
4,9,4,21,1,3,3,4,3,48,3,3,1,2,1,1,0,1,0,0,1,0,0,1,1
1,6,2,26,3,3,3,3,1,44,3,1,2,1,1,0,0,1,0,1,0,0,0,1,1
1,10,4,22,1,2,3,3,1,48,3,2,2,1,2,1,0,1,0,1,0,0,1,0,1
2,12,4,18,2,2,3,4,2,44,3,1,1,1,1,0,1,1,0,0,1,0,0,1,1
4,10,4,21,5,3,4,1,3,26,3,2,1,1,2,0,0,1,0,0,1,0,0,1,1
1,6,2,14,1,3,3,2,1,36,1,1,1,2,1,0,0,1,0,0,1,0,1,0,1
4,6,0,4,1,5,4,4,3,39,3,1,1,1,1,0,0,1,0,0,1,0,1,0,1
3,12,1,4,4,3,2,3,1,42,3,2,1,1,1,0,0,1,0,1,0,0,0,1,1
2,7,2,24,1,3,3,2,1,34,3,1,1,1,1,0,0,0,0,0,1,0,0,1,1
1,60,3,68,1,5,3,4,4,63,3,2,1,2,1,0,0,1,0,0,1,0,0,1,2
2,18,2,19,4,2,4,3,1,36,1,1,1,2,1,0,0,1,0,0,1,0,0,1,1
1,24,2,40,1,3,3,2,3,27,2,1,1,1,1,0,0,1,0,0,1,0,0,1,1
2,18,2,59,2,3,3,2,3,30,3,2,1,2,1,1,0,1,0,0,1,0,0,1,1
4,12,4,13,5,5,3,4,4,57,3,1,1,1,1,0,0,1,0,1,0,0,1,0,1
3,12,2,15,1,2,2,1,2,33,1,1,1,2,1,0,0,1,0,0,1,0,0,0,1
2,45,4,47,1,2,3,2,2,25,3,2,1,1,1,0,0,1,0,0,1,0,1,0,2
4,48,4,61,1,3,3,3,4,31,1,1,1,2,1,0,0,1,0,0,0,0,0,1,1
3,18,2,21,1,3,3,2,1,37,2,1,1,1,1,0,0,0,1,0,1,0,0,1,2
3,10,2,12,1,3,3,2,3,37,3,1,1,2,1,0,0,1,0,0,1,0,0,1,1
2,9,2,5,1,3,3,3,1,24,3,1,1,1,1,0,0,1,0,0,1,0,0,1,1
4,30,2,23,3,5,3,2,3,30,1,1,1,1,1,0,0,1,0,0,1,0,0,0,1
2,12,2,12,3,3,1,1,3,26,3,1,1,2,1,0,0,1,0,0,1,0,0,1,1
2,18,3,62,1,3,3,4,1,44,3,1,2,2,1,0,0,1,0,0,1,0,1,0,1
1,30,4,62,2,4,4,4,3,24,3,2,1,1,1,0,1,1,0,1,0,0,0,1,1
1,48,4,61,1,5,2,4,4,58,2,2,1,1,1,0,1,1,0,0,0,0,1,0,2
4,11,4,14,1,2,2,4,3,35,3,2,1,1,1,1,0,1,0,0,1,0,0,0,1
4,36,2,23,3,5,3,4,3,39,3,1,1,1,1,0,0,1,0,0,1,0,0,1,1
1,6,2,14,3,1,2,2,2,23,3,1,1,2,1,0,1,1,0,1,0,1,0,0,1
4,11,4,72,1,3,3,4,2,39,3,2,1,1,1,1,0,1,0,0,1,0,1,0,1
4,12,2,21,2,3,2,2,1,28,3,1,1,1,1,0,0,0,1,0,1,0,0,1,1
2,24,3,23,5,2,3,2,2,29,1,1,1,1,1,0,0,1,0,0,1,0,1,0,1
2,27,3,60,1,5,3,2,3,30,3,2,1,2,1,0,1,1,0,0,1,0,0,0,1
4,12,2,13,1,3,3,2,3,25,3,1,1,1,1,0,0,1,0,0,1,0,0,1,1
4,18,2,34,5,3,3,1,2,31,3,1,1,2,1,0,1,1,0,0,1,0,0,1,1
2,36,3,22,1,5,3,4,4,57,1,2,1,2,1,1,0,1,0,0,0,0,0,1,2
4,6,1,8,5,3,3,2,1,26,2,1,2,1,1,1,0,0,0,0,1,0,1,0,1
2,12,2,65,5,1,3,1,4,52,3,1,1,2,1,0,0,1,0,0,1,0,0,0,2
4,36,4,96,1,3,2,2,3,31,2,2,1,1,1,0,0,1,0,0,1,0,0,1,1
3,18,2,20,1,5,2,2,3,23,3,1,1,1,1,1,0,1,0,0,1,0,0,0,1
1,36,4,62,1,2,2,4,4,23,3,2,1,2,1,0,0,0,1,1,0,0,1,0,2
2,9,2,14,1,3,4,1,1,27,1,1,1,2,1,0,0,1,0,0,1,0,0,1,1
2,15,4,15,5,5,3,4,1,50,3,2,1,2,1,0,0,0,0,0,1,0,0,1,1
2,36,0,20,1,5,3,4,4,61,3,1,1,2,1,0,0,1,0,0,0,0,0,0,2
2,48,0,144,1,3,3,2,3,25,3,1,1,2,1,0,0,1,0,0,1,0,0,1,2
4,24,2,32,1,2,2,4,2,26,3,1,1,2,1,0,0,1,0,0,1,0,0,1,1
4,27,2,52,5,5,3,4,2,48,3,4,2,2,1,0,0,1,0,0,1,0,0,1,1
4,12,2,22,1,2,2,2,3,29,1,1,1,1,1,0,0,1,0,0,1,0,0,1,1
2,12,2,10,4,3,4,1,1,22,3,1,1,1,1,1,0,1,0,0,1,0,0,1,1
4,36,2,18,1,3,3,4,4,37,2,1,1,2,1,0,0,1,0,0,0,0,0,1,2
4,36,2,24,5,3,2,4,3,25,3,1,1,1,1,0,0,1,0,0,1,0,0,1,1
4,36,2,81,1,3,2,2,2,30,1,1,1,1,1,0,1,1,0,0,1,0,0,1,1
4,7,4,7,5,5,3,2,2,46,3,2,1,2,1,0,0,1,0,1,0,0,1,0,1
1,8,4,12,1,5,3,4,4,51,1,2,2,2,1,0,0,1,0,0,0,0,0,0,1
2,42,4,60,1,4,2,1,1,41,1,2,1,1,1,0,0,1,0,0,1,0,1,0,1
1,36,2,20,5,5,3,4,4,40,3,1,1,2,1,0,0,1,0,0,1,0,0,0,2
1,12,4,15,1,5,3,4,4,66,3,2,1,1,1,0,1,1,0,0,0,0,0,0,1
1,42,2,40,1,2,3,3,3,34,3,1,1,1,1,0,0,1,0,0,1,0,0,1,2
2,11,3,48,1,4,3,4,2,51,3,1,1,1,1,0,0,1,0,0,1,0,0,1,1
4,54,0,94,5,3,3,2,2,39,3,1,2,1,1,0,1,1,0,0,1,0,1,0,1
2,30,2,38,1,2,4,1,2,22,3,1,1,1,1,0,0,1,0,0,1,0,0,1,1
4,24,2,59,5,2,2,1,3,44,3,2,1,2,1,0,0,1,0,0,1,0,0,1,2
4,15,2,12,3,5,3,3,2,47,2,1,1,2,1,0,0,1,0,0,1,0,0,1,1
4,18,2,16,2,3,2,4,2,24,3,1,1,1,1,0,0,1,0,1,0,0,1,0,1
1,24,2,18,1,5,2,4,1,58,3,1,1,2,1,0,0,0,0,0,1,0,1,0,1
1,10,2,23,1,5,3,4,1,52,3,1,1,1,1,0,0,1,0,0,1,0,1,0,1
4,12,4,14,1,3,2,2,1,29,3,2,1,2,1,0,0,0,0,0,1,0,0,0,1
2,18,4,13,1,2,2,1,2,27,3,2,1,1,1,0,0,1,0,0,1,0,0,1,1
2,36,2,126,2,3,3,4,4,47,3,1,2,2,1,0,0,1,0,0,0,0,0,1,2
1,18,2,22,2,4,3,3,3,30,3,1,2,2,1,1,0,1,0,0,1,0,0,0,1
1,12,0,11,1,4,3,3,1,28,3,2,1,1,1,0,0,1,0,0,1,0,0,1,2
4,12,4,6,1,5,3,4,1,56,3,1,1,1,1,0,0,1,0,0,1,0,0,1,1
1,12,4,14,1,5,3,3,1,54,3,1,1,1,1,0,1,1,0,0,1,0,0,1,1
4,12,4,8,5,5,2,3,2,33,1,1,2,1,1,0,0,1,0,0,1,0,1,0,2
3,24,4,36,5,5,3,4,4,20,3,2,1,1,1,0,0,0,1,1,0,0,0,1,1
2,12,2,13,4,5,3,4,1,54,3,1,1,2,1,1,0,1,0,0,1,0,0,1,1
2,54,0,159,1,2,3,4,4,58,3,1,1,2,1,0,0,1,0,1,0,0,0,1,2
4,12,4,20,5,4,2,2,3,61,3,1,1,1,1,0,0,1,0,0,1,0,0,1,1
2,18,2,26,2,3,3,4,3,34,3,1,1,1,1,0,0,1,0,0,1,0,0,1,1
2,36,4,23,1,5,3,4,1,36,3,1,1,1,1,0,0,1,0,0,1,0,0,1,1
2,20,3,71,5,4,3,4,2,36,1,2,2,2,1,0,1,1,0,1,0,0,0,0,1
4,24,2,15,2,5,4,4,1,41,3,1,1,1,1,1,0,1,0,1,0,0,1,0,1
2,36,2,23,1,4,3,4,3,24,3,1,1,1,1,0,0,1,0,1,0,0,0,1,1
4,6,3,9,1,3,2,2,1,24,3,1,1,1,1,0,0,1,0,0,1,0,0,1,1
2,9,4,19,1,4,3,3,3,35,3,1,1,2,1,0,0,1,0,1,0,0,0,1,1
4,12,2,24,5,2,4,4,3,26,3,1,1,2,1,0,1,1,0,1,0,0,0,1,1
2,24,4,119,1,3,3,3,3,39,3,2,2,2,1,0,0,0,1,0,1,0,0,0,2
4,18,1,65,1,5,3,4,4,39,1,2,2,2,1,1,0,1,0,0,1,0,0,0,2
2,12,2,61,1,4,3,2,3,32,3,1,1,1,1,1,0,1,0,0,1,0,0,1,1
1,24,2,77,5,2,2,2,2,30,3,1,1,2,2,0,0,1,0,0,1,0,0,1,1
2,14,2,14,3,5,4,2,1,35,3,1,1,2,1,0,0,1,0,0,1,0,0,1,1
2,6,3,14,2,5,1,2,3,31,1,2,2,1,1,0,0,1,0,0,1,0,0,1,1
3,15,2,4,1,2,2,4,2,23,3,1,1,2,1,0,0,1,0,1,0,0,0,1,1
2,18,2,63,1,4,3,3,1,28,3,1,1,1,1,1,0,1,0,1,0,0,1,0,1
4,36,4,79,1,3,2,2,1,25,2,2,1,2,1,1,0,1,0,0,1,0,0,1,2
1,12,2,17,3,5,4,1,1,35,3,1,1,1,1,0,0,1,0,0,1,0,0,1,1
4,48,4,36,5,5,3,1,1,47,3,1,1,2,1,0,0,1,0,0,1,0,0,1,1
1,42,2,72,5,4,2,3,3,30,3,1,1,2,1,0,0,1,0,0,1,0,0,0,2
1,10,4,21,5,2,2,3,1,27,3,2,1,1,2,0,0,0,1,1,0,0,0,1,1
1,33,4,43,3,3,2,4,3,23,3,2,1,1,1,0,0,1,0,0,1,0,0,1,2
2,12,4,24,3,4,1,3,3,36,3,1,1,2,1,1,0,1,0,0,1,0,0,0,1
1,21,2,18,1,3,2,2,1,25,3,2,1,2,1,0,0,1,0,0,1,0,0,1,2
4,24,4,39,1,5,2,2,3,41,3,2,1,2,1,0,1,1,0,1,0,0,0,0,1
4,12,2,18,1,3,3,2,1,24,3,1,1,1,1,0,0,1,0,1,0,0,1,0,1
3,10,4,8,1,5,3,4,4,63,3,2,1,2,1,1,0,1,0,0,0,0,0,1,1
2,18,2,19,5,2,2,3,1,27,3,1,1,1,1,0,0,1,0,1,0,0,0,1,2
1,12,4,21,1,3,3,2,2,30,3,2,1,1,1,1,0,1,0,0,1,0,0,1,1
1,12,2,7,1,3,4,2,1,40,3,1,1,1,1,0,0,1,0,0,1,0,1,0,1
2,12,2,6,1,3,3,2,3,30,3,1,1,1,1,0,0,1,0,0,1,0,0,1,2
2,12,4,19,1,1,3,2,3,34,3,2,1,2,1,0,1,1,0,0,1,0,0,0,1
1,12,4,35,1,3,2,2,1,29,3,2,1,1,1,1,0,0,1,0,1,0,0,1,2
2,48,2,85,5,4,2,2,3,24,3,1,1,1,1,1,0,1,0,0,1,0,0,1,1
1,36,3,69,1,3,3,3,2,29,2,1,1,2,1,0,0,1,0,0,1,0,0,1,2
4,15,2,27,1,2,3,3,2,27,1,2,1,1,1,0,0,1,0,0,1,0,1,0,1
4,18,2,20,1,3,3,4,4,47,1,2,1,1,1,0,0,1,0,0,0,0,0,1,1
4,60,2,101,2,4,2,4,1,21,3,1,1,2,1,0,0,1,0,0,1,0,0,1,1
4,12,4,12,5,5,2,2,1,38,3,2,1,2,1,0,0,1,0,0,1,0,0,1,1
4,27,3,86,4,3,3,2,3,27,3,2,1,1,1,0,1,1,0,0,1,0,0,1,1
2,12,2,8,3,3,3,3,1,66,3,1,1,1,1,0,0,1,0,0,1,0,1,0,2
2,15,4,27,5,4,3,2,1,35,1,3,1,2,1,0,0,0,0,0,1,0,0,1,1
3,12,2,19,1,3,2,2,3,44,3,1,1,2,1,0,0,1,0,1,0,0,1,0,1
3,6,2,7,4,2,4,2,1,27,3,1,1,1,2,1,0,1,0,0,1,1,0,0,1
2,36,2,48,1,2,2,1,4,30,3,1,1,2,1,0,0,1,0,0,1,0,0,0,1
1,27,2,34,1,3,3,2,3,27,3,1,1,1,1,0,0,1,0,0,1,0,0,0,1
1,18,2,25,1,3,3,2,3,22,3,1,1,1,1,0,0,1,0,0,1,0,0,1,2
4,21,4,23,1,2,2,4,2,23,3,1,1,2,1,0,0,1,0,0,1,0,0,1,1
2,48,1,36,2,4,3,2,3,30,3,1,1,1,1,0,0,1,0,0,1,0,0,1,1
1,6,4,9,1,5,2,4,4,39,3,2,1,2,1,1,0,1,0,0,1,0,0,1,1
4,12,4,7,2,4,2,3,3,51,3,2,1,2,1,1,0,1,0,0,1,0,0,1,1
1,36,4,54,1,3,3,2,2,28,3,2,1,1,1,0,0,0,0,0,1,0,0,1,1
4,18,4,16,4,5,3,4,3,46,3,2,1,1,1,0,0,1,0,0,1,0,0,1,1
4,6,2,13,2,5,3,4,4,42,1,1,2,2,1,0,0,1,0,0,0,0,0,1,1
4,10,2,19,1,3,3,4,2,38,3,1,1,2,2,0,0,1,0,0,1,0,0,1,1
3,36,2,58,1,3,3,1,3,24,3,1,1,1,1,0,0,1,0,0,1,0,0,1,1
2,24,4,78,4,5,2,4,4,29,3,1,1,1,1,0,1,1,0,1,0,0,0,1,1
2,24,3,70,2,4,3,4,3,36,3,1,1,2,1,0,0,1,0,1,0,0,0,0,1
1,12,2,13,1,3,2,4,3,20,3,1,1,1,1,0,0,1,0,1,0,0,0,1,2
1,9,4,13,2,5,3,4,1,48,3,2,2,1,2,0,0,0,0,0,1,0,0,1,1
1,12,1,3,1,5,4,1,3,45,1,1,1,1,1,0,0,1,0,0,1,0,1,0,1
2,24,2,35,2,4,3,3,3,38,1,2,1,2,1,1,0,1,0,0,1,0,0,1,1
4,6,4,19,5,3,3,2,1,34,3,2,2,1,1,0,0,1,0,0,1,0,1,0,1
4,24,4,29,2,5,3,4,1,36,3,1,2,2,1,0,0,1,0,0,1,0,0,1,1
4,18,4,11,1,2,2,1,2,30,3,2,1,1,1,1,0,1,0,0,1,0,0,1,1
4,15,2,13,3,4,3,3,2,36,3,2,1,2,1,0,0,1,0,0,1,0,0,1,1
2,10,2,73,1,1,3,4,4,70,1,1,1,2,1,1,0,1,0,0,0,0,0,0,1
4,36,2,9,3,5,3,4,2,36,3,1,1,1,1,1,0,1,0,0,1,0,0,1,1
4,6,2,30,3,3,3,2,3,32,3,1,1,2,1,0,0,1,0,0,1,0,0,1,1
1,18,2,11,1,1,2,2,3,33,3,1,1,1,1,0,0,1,0,0,1,0,0,1,2
2,11,2,16,4,2,2,1,1,20,3,1,1,1,1,0,0,1,0,0,1,0,0,1,1
4,24,2,40,1,4,2,4,2,25,3,1,1,2,1,0,0,1,0,1,0,0,0,1,1
2,24,4,19,1,5,1,4,1,31,3,2,1,2,1,0,0,1,0,0,1,0,0,1,2
1,15,0,10,1,5,3,3,3,33,3,2,2,1,1,1,0,1,0,1,0,0,0,1,2
4,12,2,8,1,3,2,1,1,26,3,1,1,2,1,0,0,1,0,0,1,0,0,1,1
2,24,3,21,1,1,2,2,2,34,3,1,1,2,1,0,0,1,0,0,1,0,0,0,2
2,8,2,14,1,3,3,2,1,33,3,1,1,1,2,0,0,0,0,0,1,0,0,1,1
1,21,3,34,1,2,3,1,2,26,3,2,1,1,1,0,0,1,0,0,1,0,0,1,2
4,30,1,75,5,1,2,1,1,53,1,1,1,2,1,0,1,1,0,0,1,0,0,0,2
1,12,2,26,1,3,1,1,3,42,3,1,1,1,1,0,0,1,0,0,1,0,0,1,1
1,6,4,3,3,5,3,4,3,52,3,2,1,1,1,0,0,1,0,0,1,0,0,1,1
4,12,2,20,1,4,3,2,3,31,3,2,2,2,1,0,0,1,0,1,0,0,0,0,1
1,21,4,6,1,5,3,4,1,65,3,2,1,1,1,1,0,1,0,0,1,0,0,1,1
4,36,3,96,1,2,1,1,3,28,3,2,1,1,1,0,0,1,0,0,1,0,0,1,2
2,36,3,45,1,3,1,2,1,30,2,2,1,2,1,0,0,1,0,0,1,0,0,0,2
1,21,1,16,5,3,3,2,2,40,3,2,2,1,1,1,0,1,0,0,1,0,1,0,2
4,24,4,38,4,3,3,4,1,50,3,1,1,2,1,0,0,1,0,0,1,0,0,1,1
2,18,4,9,1,5,3,4,3,36,1,1,2,2,1,1,0,1,0,0,1,0,0,1,2
4,15,4,14,1,3,3,2,2,31,3,2,1,1,1,0,0,1,0,0,1,0,0,1,1
2,9,1,51,1,5,2,4,4,74,1,1,2,2,1,0,1,1,0,0,0,0,0,0,2
2,16,4,12,1,1,3,3,3,68,3,3,1,2,1,1,0,1,0,0,0,1,0,0,1
1,12,2,7,2,4,4,1,2,20,3,1,1,1,1,0,0,1,0,0,1,0,0,1,2
2,18,0,32,1,3,2,4,3,33,1,2,1,2,1,0,0,1,0,0,1,0,0,1,1
4,24,2,46,4,3,3,3,2,54,3,3,1,2,1,0,0,1,0,0,1,0,0,0,2
2,48,0,38,2,4,3,4,4,34,3,1,2,1,1,0,0,1,0,0,0,0,1,0,2
2,27,2,39,1,3,3,2,3,36,3,1,2,2,1,0,0,1,0,0,1,0,0,1,2
2,45,2,30,2,3,3,4,2,21,3,1,1,1,1,0,0,0,0,1,0,0,0,1,2
2,9,4,15,1,5,2,3,3,34,3,2,1,2,1,0,0,1,0,0,1,0,0,0,2
2,12,2,10,2,2,2,4,3,27,1,4,1,1,1,0,0,1,0,1,0,0,0,1,2
2,18,3,43,1,5,1,3,4,40,3,1,1,2,1,0,0,1,0,0,1,0,0,0,2
1,12,2,9,1,4,4,4,2,21,3,1,1,1,1,0,0,1,0,1,0,0,0,1,2
1,27,0,53,1,1,3,4,2,50,2,2,1,2,1,0,0,1,0,0,1,0,0,1,2
3,30,3,19,1,5,3,4,1,66,3,1,1,2,1,0,0,1,0,0,1,0,0,0,2
