4,6,2,21,1,4,4,2,1,29,3,1,1,1,1,0,0,1,0,1,0,0,0,1,1
4,6,4,14,1,3,2,1,3,28,3,2,1,2,1,0,0,1,0,0,1,0,0,1,1
2,24,2,28,5,5,3,4,4,36,1,1,1,2,1,0,1,1,0,0,0,0,0,1,1
4,9,4,9,3,5,3,2,3,52,3,2,1,2,1,0,0,1,0,0,1,0,0,1,1
1,12,2,12,1,3,4,3,1,27,3,1,1,1,1,1,0,1,0,0,1,0,1,0,1
4,27,3,51,1,4,3,4,3,26,3,2,1,1,1,0,0,1,0,0,1,0,0,1,1
4,12,4,15,1,5,3,1,1,38,3,2,2,1,1,1,0,1,0,0,1,0,1,0,1
1,30,4,106,1,5,3,4,4,38,3,3,2,2,1,0,1,1,0,0,0,0,0,0,1
4,12,4,19,1,5,3,4,1,43,3,3,1,2,1,0,0,1,0,0,1,0,0,1,1
2,12,4,14,1,4,3,3,2,26,3,1,1,1,1,0,0,1,0,0,1,0,0,1,1
1,24,2,66,1,3,4,2,3,21,2,1,1,1,1,0,0,1,0,0,1,0,1,0,1
4,12,2,14,4,4,3,2,2,55,3,1,1,1,2,0,1,1,0,0,1,0,0,1,1
4,9,4,31,5,3,3,2,1,33,3,2,2,1,1,0,0,1,0,0,1,0,0,1,1
4,36,2,38,5,5,2,4,1,45,3,1,1,2,1,0,0,1,0,0,1,0,1,0,1
4,36,4,33,5,5,3,2,3,51,3,1,1,2,1,0,0,1,0,0,1,0,0,1,1
2,6,4,9,5,4,2,3,2,39,3,2,1,1,1,0,0,1,0,0,1,0,1,0,1
1,18,0,31,1,4,3,1,2,31,1,1,1,2,1,0,0,1,0,0,1,0,0,1,1
3,36,2,39,1,3,3,2,1,23,3,1,1,2,1,0,0,1,0,0,1,0,0,1,1
1,24,2,30,1,3,1,2,1,24,3,1,1,1,1,0,0,1,0,1,0,0,1,0,1
4,10,2,14,1,3,2,4,3,64,3,1,1,2,1,1,0,1,0,0,1,0,0,1,1
2,12,2,6,1,2,4,1,1,26,1,1,1,1,1,0,0,0,0,0,1,0,1,0,1
1,12,2,12,5,3,2,4,2,23,1,1,1,2,1,0,0,1,0,1,0,0,0,1,1
4,12,2,7,1,3,3,2,1,30,1,2,1,1,1,0,0,1,0,0,1,0,0,1,1
4,24,3,30,5,3,3,4,1,32,3,2,2,2,1,0,0,1,0,0,1,0,0,1,1
4,15,2,47,1,3,3,2,3,30,3,1,1,2,1,0,1,1,0,0,1,0,0,1,1
4,36,0,26,1,3,3,2,3,27,3,2,1,1,1,0,0,1,0,0,1,0,0,1,1
2,48,2,110,4,4,3,2,4,27,1,2,1,2,1,0,0,0,1,0,1,0,0,1,2
1,12,2,79,1,5,3,4,4,53,3,1,1,2,1,0,0,1,0,0,0,0,0,0,2
4,9,2,15,1,4,3,2,3,22,3,1,1,1,1,0,0,1,0,0,1,0,0,1,2
1,24,2,31,1,2,3,1,4,22,1,1,1,1,1,0,0,1,0,0,0,0,0,1,1
3,36,2,42,1,3,3,2,3,26,3,1,1,1,1,0,0,1,0,0,1,0,0,1,2
4,9,2,25,3,5,3,4,4,51,3,1,1,1,1,1,0,1,0,0,0,0,1,0,1
4,12,2,21,2,4,3,1,4,35,3,1,1,1,1,0,0,1,0,0,1,0,0,1,1
2,18,2,9,1,3,4,2,1,25,3,1,1,1,1,0,0,0,0,0,1,0,1,0,1
4,4,4,15,1,4,3,1,1,42,3,3,2,1,1,0,0,1,0,0,1,0,1,0,1
1,24,2,18,1,1,3,2,3,30,2,1,2,1,1,0,0,1,0,0,1,0,0,0,2
2,6,2,146,5,1,3,2,2,23,3,1,1,2,1,1,0,1,0,0,1,1,0,0,2
2,21,2,28,2,5,1,2,3,61,1,2,1,1,1,0,0,1,0,1,0,0,1,0,2
4,12,4,13,1,3,2,2,2,35,3,2,1,1,1,0,0,1,0,0,1,0,0,1,1
1,30,2,25,1,5,3,3,2,39,3,1,2,1,1,0,0,0,0,0,1,0,0,1,1
1,24,2,9,5,5,2,2,3,29,1,1,1,1,1,1,0,1,0,0,1,0,0,1,2
4,6,2,16,1,4,3,2,2,51,3,1,2,1,1,0,0,1,0,0,1,0,0,1,1
1,48,0,46,1,5,3,4,4,24,3,2,2,1,1,0,1,1,0,0,0,0,0,1,2
4,12,4,12,1,3,2,2,1,27,3,2,1,1,1,0,0,1,0,0,1,0,0,1,1
4,12,1,34,3,3,2,3,1,35,3,1,2,1,1,0,0,1,0,0,1,0,1,0,1
4,24,2,13,1,4,3,1,1,25,3,1,1,2,1,0,0,1,0,0,1,0,0,1,1
4,12,4,7,1,5,3,4,1,52,3,3,1,1,1,0,0,1,0,0,1,0,0,1,1
4,6,0,12,2,3,3,1,4,35,1,1,1,1,2,1,0,1,0,1,0,0,0,1,1
3,24,2,19,1,3,3,2,1,26,3,1,1,1,1,0,0,1,0,0,1,0,0,1,1
4,18,2,4,1,1,2,4,1,22,3,1,1,1,1,0,0,0,1,1,0,0,0,1,2
1,6,4,7,4,4,2,4,1,39,3,2,1,2,1,1,0,1,0,0,1,0,1,0,1
3,12,2,23,1,3,2,2,3,46,3,1,1,1,1,0,0,1,0,0,1,0,1,0,1
2,30,2,22,1,3,2,2,4,24,1,1,1,1,1,1,0,0,0,0,1,0,0,1,2
4,24,3,42,2,3,3,3,2,35,3,2,1,1,1,0,0,1,0,0,1,0,0,1,1
2,9,2,20,5,4,3,1,3,24,3,1,1,2,1,0,0,1,0,0,1,0,0,1,1
2,60,3,74,5,3,3,1,1,27,3,1,1,1,1,0,0,1,0,0,1,0,1,0,1
4,24,4,27,1,3,3,2,1,35,3,2,1,1,1,0,0,1,0,0,1,0,1,0,1
1,12,1,21,1,3,1,1,4,29,3,1,1,1,1,0,0,1,0,0,0,0,0,1,2
4,15,2,38,2,2,2,4,3,23,3,1,1,2,1,0,1,1,0,0,1,0,0,1,1
4,11,4,12,2,1,2,4,1,57,3,3,1,1,1,0,0,1,0,0,1,0,1,0,1
1,12,2,17,1,3,3,2,1,27,3,1,1,1,1,0,0,1,0,0,1,0,0,1,1
1,24,2,16,1,5,2,4,3,55,3,1,1,1,1,0,0,1,0,0,1,0,0,1,1
1,18,4,53,1,5,3,4,4,36,3,3,1,2,1,1,0,1,0,0,0,0,0,0,1
4,12,4,27,1,5,2,4,4,57,1,3,1,1,1,0,0,1,0,0,0,0,1,0,1
4,10,4,12,1,5,3,4,1,32,3,2,2,1,2,1,0,1,0,0,1,0,1,0,1
2,15,2,8,1,5,3,3,3,37,3,1,2,1,1,0,0,1,0,0,1,0,0,1,2
4,36,4,63,5,5,3,4,1,36,3,2,1,1,1,0,0,1,0,0,1,0,0,1,1
4,24,2,15,1,2,2,3,3,38,2,1,1,2,1,0,0,1,0,0,1,0,0,1,1
1,14,2,90,1,5,1,4,2,45,3,1,1,2,2,1,0,1,0,0,1,0,0,0,2
4,24,2,10,5,5,3,2,3,25,3,2,1,1,1,0,0,1,0,0,1,0,0,1,1
4,18,2,27,5,4,3,3,2,32,3,1,1,1,2,1,0,1,0,0,1,0,0,1,1
4,12,4,14,3,4,2,4,3,37,3,1,1,2,1,0,0,1,0,1,0,0,0,1,1
2,48,1,122,5,1,3,4,4,36,3,1,1,2,1,1,0,0,1,0,0,0,0,0,1
2,48,2,31,1,4,3,4,1,28,3,2,1,1,1,0,0,1,0,0,1,0,0,1,2
1,30,2,120,1,2,1,1,4,34,3,1,1,2,1,0,0,1,0,0,1,0,1,0,2
4,9,2,27,1,3,3,2,1,32,3,1,2,1,1,0,0,1,0,0,1,0,0,1,1
4,18,4,24,1,3,2,2,3,26,3,2,1,1,1,0,0,1,0,0,1,0,0,1,1
1,12,2,13,5,5,1,4,2,49,3,1,1,2,1,0,0,1,0,0,1,0,1,0,1
4,6,2,46,1,2,2,4,2,32,3,1,1,1,1,0,0,1,0,0,1,0,0,1,2
4,24,2,19,2,3,3,4,3,29,3,1,1,2,1,0,0,1,0,1,0,0,0,0,1
4,15,4,34,4,5,3,4,4,23,3,2,1,2,1,0,1,1,0,1,0,0,0,1,1
4,12,2,16,1,3,3,2,1,50,3,1,1,1,1,0,0,1,0,0,1,0,0,1,1
3,18,1,14,5,4,3,4,3,49,1,1,1,1,1,0,0,1,0,0,1,0,1,0,1
4,15,4,15,5,5,3,4,2,63,3,1,1,1,1,0,0,1,0,0,1,0,0,1,1
2,24,4,39,2,2,1,2,3,37,3,1,1,2,1,1,0,1,0,0,1,0,0,1,1
1,47,2,107,1,2,2,1,1,35,3,1,1,2,1,1,0,1,0,0,1,0,1,0,1
1,48,2,48,1,4,3,3,2,26,3,1,2,1,1,0,1,1,0,0,1,0,0,1,1
2,48,3,76,2,1,3,4,4,31,3,1,1,2,1,0,0,1,0,0,0,0,0,0,1
2,12,2,11,1,3,2,4,1,49,3,2,1,2,1,0,0,0,0,0,1,0,0,1,1
1,24,3,10,1,2,4,4,1,48,2,1,1,1,1,0,0,1,0,0,1,0,0,1,2
4,12,2,11,1,3,4,2,1,26,3,1,1,2,2,0,0,1,0,0,1,0,0,1,1
2,36,2,94,1,2,4,4,3,28,3,1,1,2,1,0,1,1,0,1,0,0,0,0,2
1,24,4,64,1,5,2,4,4,44,3,2,2,2,1,0,1,1,0,0,0,0,0,0,1
3,42,4,48,1,5,3,4,4,56,3,1,1,1,1,0,1,1,0,0,0,0,0,1,1
4,48,4,76,5,5,1,2,3,46,1,2,2,1,1,0,0,1,0,0,1,0,0,0,1
2,48,2,100,1,2,2,2,3,26,3,1,1,2,1,0,0,1,0,0,1,0,0,1,2
4,12,2,47,5,2,2,4,3,20,3,1,1,1,1,0,1,1,0,1,0,0,0,1,1
4,10,2,13,5,5,3,2,2,45,3,1,1,1,2,1,0,0,1,0,1,0,1,0,1
4,18,2,25,1,3,3,4,1,43,3,1,1,2,1,0,0,1,0,0,1,0,0,1,1
2,21,4,27,4,4,3,2,3,32,3,2,1,2,1,0,0,1,0,0,1,0,0,1,1
4,6,2,7,1,1,2,4,1,54,3,1,1,2,1,1,0,1,0,0,1,1,0,0,1
2,36,0,38,1,3,2,1,3,42,3,1,1,2,1,0,0,1,0,0,1,0,0,1,2
3,24,4,13,5,4,3,2,1,37,1,2,2,1,1,1,0,1,0,0,1,0,1,0,2
1,10,4,10,1,4,3,3,2,49,3,2,1,2,1,1,0,0,1,0,1,0,0,1,1
4,48,4,101,3,3,3,2,4,44,1,1,1,1,1,1,0,1,0,0,0,0,0,1,2
4,6,2,15,4,3,1,2,1,33,3,1,1,1,1,0,0,1,0,0,1,0,0,1,1
4,30,2,48,5,4,2,4,2,24,2,1,1,1,1,0,1,1,0,1,0,0,1,0,1
1,12,2,7,2,2,4,3,4,33,3,1,1,2,1,0,0,1,0,0,1,0,1,0,2
2,8,2,12,1,3,2,4,1,24,3,1,1,1,1,0,0,1,0,0,1,0,0,1,2
2,9,2,3,1,3,4,4,1,22,3,1,1,1,1,1,0,1,0,1,0,0,1,0,1
2,48,2,54,5,1,3,4,4,40,1,1,1,2,1,0,0,1,0,0,0,1,0,0,1
4,24,2,55,2,3,3,1,3,25,2,1,1,1,1,0,0,1,0,0,1,0,0,1,1
3,24,2,37,1,2,2,4,3,26,3,1,1,1,1,0,0,1,0,0,1,0,0,1,1
2,12,2,7,1,4,4,3,3,25,1,1,1,1,1,1,0,1,0,0,1,0,1,0,2
3,4,2,15,5,2,3,2,1,29,3,1,2,1,2,1,0,1,0,0,1,0,1,0,1
1,36,1,27,1,5,3,4,3,31,1,1,1,1,1,0,0,1,0,0,1,0,0,1,2
1,12,2,7,1,3,3,3,2,38,3,1,2,1,1,0,0,0,0,0,1,0,1,0,1
2,24,2,44,5,3,2,4,2,48,3,1,1,2,1,0,0,1,0,0,1,0,1,0,1
4,12,4,7,1,3,3,2,3,32,3,2,1,1,1,0,0,1,0,0,1,0,0,1,1
1,15,3,36,1,5,2,4,2,27,3,2,1,1,1,0,0,1,0,0,1,0,1,0,1
2,30,4,42,1,1,4,2,3,28,3,2,1,1,1,1,0,1,0,0,1,0,0,0,2
1,24,2,19,1,2,1,3,2,32,3,1,1,1,1,0,0,1,0,0,1,0,0,1,2
1,24,2,29,1,4,3,1,4,34,3,1,1,2,1,0,1,1,0,0,0,0,0,0,1
1,18,2,27,4,3,3,2,3,28,3,1,1,1,1,0,0,1,0,0,1,0,0,1,1
4,18,4,10,1,3,2,3,1,36,3,2,1,1,1,1,0,1,0,0,1,0,0,1,1
1,8,4,34,1,4,3,4,1,39,3,2,1,1,2,1,0,1,0,0,1,0,1,0,1
4,12,4,58,5,5,3,4,2,49,3,1,1,2,1,0,0,1,0,1,0,0,0,1,1
4,24,2,15,4,4,2,3,3,34,3,1,2,2,1,1,0,1,0,0,1,0,0,1,1
3,36,2,45,1,5,3,2,3,31,3,1,1,1,1,0,0,1,0,0,1,0,0,1,1
2,6,2,11,1,5,3,4,3,28,3,1,2,1,1,0,0,1,0,0,1,0,0,1,1
1,24,4,66,1,1,3,4,4,75,3,2,1,2,1,0,1,1,0,0,0,0,0,0,1
4,18,4,19,2,3,2,2,1,30,3,2,1,1,1,0,0,1,0,0,1,0,0,1,2
2,60,2,74,2,2,2,2,2,24,3,1,1,1,1,1,0,1,0,0,1,0,0,0,2
4,48,4,116,2,3,2,4,3,24,1,2,1,1,1,0,1,1,0,1,0,0,1,0,2
1,24,0,41,1,5,3,4,4,23,1,2,2,1,1,0,0,1,0,1,0,0,0,1,2
1,6,4,34,1,3,1,4,1,44,3,1,1,2,1,0,0,1,0,1,0,0,0,0,2
2,13,2,21,1,2,2,4,2,23,3,1,1,1,1,0,0,0,0,0,1,0,1,0,1
1,15,2,13,5,3,2,2,3,24,3,1,1,1,1,0,0,1,0,1,0,0,0,1,2
1,24,2,42,1,3,3,4,2,28,3,1,1,1,1,0,0,1,0,0,1,0,0,1,1
2,10,2,15,1,3,1,2,3,31,3,1,1,1,1,0,0,1,0,0,1,0,1,0,1
2,24,4,57,1,2,2,4,4,24,3,2,1,2,1,0,0,1,0,0,0,0,0,1,1
1,21,2,36,1,4,2,4,3,26,3,1,1,1,1,0,0,1,0,1,0,0,1,0,1
2,18,2,32,3,2,4,3,1,25,3,1,1,1,1,0,0,1,0,1,0,0,0,1,1
2,18,2,44,1,5,3,1,1,33,1,1,1,2,1,0,0,0,1,0,1,0,0,0,1
3,10,2,39,1,2,3,1,2,37,3,1,2,1,1,1,0,0,0,0,1,0,1,0,1
4,15,4,15,1,3,2,2,3,43,3,1,1,1,1,0,0,1,0,0,1,0,1,0,1
2,13,4,9,1,2,3,4,1,23,3,2,1,1,1,0,0,0,0,0,1,0,0,1,1
2,24,2,38,3,1,2,4,4,23,3,1,1,1,1,0,0,1,0,1,0,1,0,0,1
4,6,3,17,2,3,3,2,1,34,3,2,1,1,1,0,0,1,0,0,1,0,1,0,1
2,9,4,11,4,5,3,3,4,32,3,2,2,1,1,0,0,1,0,0,0,0,0,1,2
4,9,2,12,1,2,2,4,1,23,3,1,1,2,1,0,0,1,0,1,0,0,0,1,1
2,9,2,10,1,3,2,2,3,29,3,1,1,1,2,0,0,1,0,0,1,0,0,1,2
4,18,4,32,5,1,3,4,4,38,3,1,1,2,1,0,1,1,0,0,1,0,0,0,1
1,12,0,62,1,3,3,2,2,28,3,2,1,2,1,0,0,1,0,1,0,0,0,1,2
4,10,2,7,3,5,3,4,4,46,3,1,1,2,1,0,0,1,0,0,0,0,0,1,1
2,24,2,12,1,2,3,2,1,23,2,1,1,1,1,1,0,1,0,0,1,0,1,0,2
4,12,4,23,5,5,3,4,1,49,3,1,1,2,1,0,0,0,1,0,1,0,0,1,1
4,36,3,45,1,3,3,2,3,26,3,2,1,2,1,0,0,1,0,0,1,0,0,0,2
4,12,2,8,1,3,4,2,1,28,3,1,1,1,1,0,0,1,0,0,1,0,0,1,1
1,30,2,24,1,4,2,4,1,23,3,1,1,1,1,0,0,1,0,1,0,0,0,1,2
2,18,2,12,5,3,3,4,4,61,3,1,1,1,1,0,0,1,0,0,0,0,0,1,1
3,12,2,34,5,5,3,3,3,37,3,1,1,1,1,0,0,1,0,0,1,0,0,0,1
3,12,3,22,1,3,2,2,3,36,2,2,1,2,1,1,0,1,0,0,1,0,0,1,1
4,6,2,18,1,3,4,2,2,21,3,1,1,1,1,0,0,1,0,1,0,0,0,1,1
1,18,2,25,1,1,3,1,3,25,3,1,1,1,1,0,0,1,0,0,1,1,0,0,2
4,12,2,15,1,4,3,4,3,36,3,1,1,2,1,0,0,1,0,0,1,0,0,1,1
4,18,4,38,1,4,3,1,3,27,3,2,1,1,1,0,1,1,0,0,1,0,0,1,1
1,18,2,36,1,2,2,4,3,22,3,1,1,1,1,0,0,1,0,1,0,0,0,1,1
1,36,2,34,1,5,3,2,3,42,3,1,2,1,1,0,0,1,0,0,1,0,0,1,2
2,18,2,30,1,4,2,4,1,40,3,1,1,1,1,0,0,1,0,1,0,0,0,1,1
4,36,2,31,5,3,3,4,1,36,3,1,1,1,1,1,0,1,0,0,1,0,0,1,1
4,18,4,61,1,5,3,4,3,33,3,2,1,2,1,0,0,1,0,0,1,0,0,1,1
4,10,4,21,1,2,2,3,1,23,3,2,1,1,1,0,0,1,0,1,0,0,0,1,1
4,60,4,138,5,5,3,4,4,63,1,1,1,2,1,1,0,1,0,0,0,0,0,0,1
2,60,1,148,2,5,2,4,4,60,1,2,1,2,1,0,0,1,0,0,0,0,0,0,2
1,48,1,77,1,4,2,4,3,37,3,1,1,1,1,0,0,0,0,1,0,0,0,1,2
4,18,3,23,1,1,4,3,1,34,3,2,1,1,1,0,0,1,0,0,1,0,0,1,1
4,7,3,8,5,5,3,4,4,36,3,1,1,1,1,0,0,1,0,0,0,0,0,1,1
2,36,2,143,1,5,3,2,4,57,3,1,1,2,1,1,0,1,0,0,0,0,0,0,2
4,6,4,4,2,3,2,4,3,52,3,2,1,1,1,1,0,1,0,0,1,0,1,0,1
1,20,2,22,5,4,3,4,3,39,3,1,1,2,1,0,0,1,0,0,1,0,0,1,1
2,18,2,130,1,1,2,4,4,38,3,1,1,2,1,0,1,1,0,0,0,0,0,0,2
4,22,2,13,5,4,2,4,2,25,3,1,1,1,1,1,0,1,0,1,0,0,0,1,1
3,12,2,13,1,2,3,1,1,26,3,1,1,1,1,1,0,1,0,0,1,0,0,1,1
4,30,3,43,2,3,3,2,2,26,3,2,1,1,1,0,0,1,0,0,1,0,1,0,1
4,18,4,22,1,3,2,1,3,25,3,2,1,1,1,0,0,1,0,0,1,0,0,1,1
4,18,2,11,5,2,2,2,1,21,3,1,1,2,1,0,0,1,0,1,0,0,0,1,1
2,12,2,12,1,5,1,1,1,46,3,2,1,1,1,1,0,1,0,1,0,0,0,1,2
4,24,3,86,1,2,3,2,3,27,1,2,1,2,1,0,0,1,0,0,1,0,0,1,2
2,24,2,20,1,2,4,1,2,22,3,1,1,2,1,0,0,1,0,0,1,0,0,1,2
3,12,4,9,3,4,4,2,1,28,3,3,1,2,1,1,0,1,0,0,1,0,0,1,2
4,12,4,23,1,1,3,2,3,42,2,2,1,2,1,0,0,1,0,0,1,0,0,0,2
1,24,2,14,5,3,2,2,2,35,3,1,1,1,1,1,0,1,0,0,1,0,0,1,2
1,12,2,26,1,2,3,1,1,33,3,1,2,1,1,1,0,1,0,0,1,0,1,0,2
2,18,2,10,5,3,2,2,2,33,3,1,1,1,1,1,0,1,0,0,1,0,0,1,2
2,12,2,28,5,5,2,2,2,25,1,1,1,2,1,0,0,1,0,0,1,0,0,1,2
1,18,4,12,1,1,2,4,4,55,3,3,2,1,1,0,0,1,0,0,0,1,0,0,2
2,24,2,113,1,3,3,3,3,29,1,2,1,2,1,0,0,0,1,0,1,0,0,0,2
2,12,2,15,5,3,4,1,1,25,3,1,1,2,1,0,0,1,0,0,1,0,0,1,2
3,12,1,6,1,2,2,1,1,26,3,1,1,1,1,0,0,1,0,0,1,1,0,0,2
