1,0,-0.67935,-1,-1,1,1,0.63317,0.03515,-1,-1,-1,1,1,0.88683,-1,-1,1,0.83840,1,1,-1,-1,-1,-0.18856,1,1,-1,-1,-1,-1,1,1,0.33611,0
1,0,0.08333,-0.20685,-1,1,-1,1,0.71875,0.47173,-0.82143,-0.62723,-1,-1,-1,1,-0.02753,0.59152,-0.42113,-0.42113,-0.74628,-1,-1,-0.46801,-1,0.23810,1,-1,-1,-0.38914,-1,-1,-1,0.61458,0
0,0,-1,1,1,-1,-1,1,0,0,1,1,-1,-0.18750,1,1,-1,-1,1,-1,-1,-1,1,1,1,-1,1,1,1,1,0,0,-1,-1,0
1,0,0.17188,-1,-1,1,0,0,0,0,-1,1,0,0,-0.61354,-0.67708,0.80521,0.36146,0.51979,0.14375,0,0,-1,-0.27083,-0.84792,0.96250,1,1,-1,0.67708,0,0,0,0,0
1,0,0.01667,-0.35625,0,0,0,0,0,0,0,0,0,0,0.12292,-0.55000,0.22813,0.82813,1,-0.42292,0,0,0.08333,-1,-0.10625,-0.16667,1,-0.76667,-1,0.18854,0,0,1,-0.27292,0
1,0,0.63816,1,0.20833,-1,1,1,0.87719,0.30921,-0.66886,1,-0.05921,0.58772,0.01754,0.05044,-0.51535,-1,0.14254,-0.03289,0.32675,-0.43860,-1,1,0.80921,-1,1,-0.06140,1,1,0.20614,-1,1,1,0
1,0,0.84783,0.10598,1,0.39130,1,-1,0.66938,0.08424,1,0.27038,1,0.60598,1,0.35507,1,0.02672,0.58424,-0.43025,1,0.63496,0.89130,0.26585,0.91033,-0.33333,1,0.15942,0.37681,-0.01947,1,0.22464,1,0.37409,0
0,0,1,-1,1,-1,1,-1,1,-1,1,1,1,1,1,-1,1,1,1,1,1,1,1,-1,1,-1,1,-1,1,0.65625,0,0,1,-1,0
1,0,1,1,1,-1,1,-1,1,1,1,1,1,1,1,-1,1,1,1,1,1,1,1,1,1,1,1,0.5,0,0,1,-1,1,-1,0
0,0,1,-1,1,1,-1,-1,1,-1,0,0,0,0,-1,1,1,-1,1,-1,-0.75000,1,1,-1,1,-1,1,-1,-1,-1,0,0,1,-1,0
1,0,0.69444,0.38889,0,0,-0.32937,0.69841,0,0,0,0,0,0,0.20635,-0.24206,0.21032,0.19444,0.46429,0.78175,0,0,0,0,0.73413,0.27381,0.76190,0.63492,0,0,0,0,0,0,0
0,0,1,1,0,0,1,-1,1,-1,1,1,1,1,1,-1,1,1,1,1,1,-1,-1,-1,1,-1,1,-1,1,1,0,0,1,-1,0
0,0,1,1,1,-1,1,1,1,1,1,1,1,1,1,1,1,-1,-1,1,-1,1,-1,1,1,-1,1,1,-1,1,-1,-1,-1,1,0
0,0,1,1,1,-1,1,1,-1,1,0,0,1,1,0,0,0,0,-1,1,-1,1,1,1,1,-1,1,1,1,1,1,-1,-1,1,0
0,0,1,-1,1,1,1,1,1,1,1,1,1,-1,1,-1,1,1,1,-1,1,1,1,1,1,-1,1,1,1,-1,1,1,1,-1,0
1,0,0.68198,-0.17314,0.82332,0.21908,0.46643,0.32862,0.25795,0.58304,1,-0.15194,0.01060,0.44523,0.01060,0.38869,0.18681,0.41168,0.10567,0.36353,0.04325,0.30745,-0.00083,0.24936,-0.02862,0.19405,-0.04314,0.14481,-0.04779,0.10349,-0.04585,0.07064,-0.04013,0.04586,0
1,0,0.39179,-0.06343,0.97464,0.04328,1,1,0.35821,0.15299,0.54478,0.13060,0.61567,-0.82090,0.57836,0.67910,0.66791,-0.10448,0.46642,-0.11567,0.65574,0.14792,0.83209,0.45522,0.47015,0.16418,0.49309,0.14630,0.32463,-0.02612,0.39118,0.13521,0.34411,0.12755,0
1,0,0.72727,-0.05000,0.89241,0.03462,1,0.72727,0.66364,-0.05909,0.48182,-0.16818,0.81809,0.09559,0.56818,1,0.50455,0.21818,0.66818,0.10000,1,-0.30000,0.98636,-1,0.57273,0.32727,0.56982,0.14673,0.42273,0.08182,0.48927,0.14643,1,1,0
1,0,0.41932,0.12482,0.35000,0.12500,0.23182,0.27955,-0.03636,0.44318,0.04517,0.36194,-0.19091,0.33636,-0.13350,0.27322,0.02727,0.40455,-0.34773,0.12727,-0.20028,0.05078,-0.18636,0.36364,-0.14003,-0.04802,-0.09971,-0.07114,-1,-1,-0.02916,-0.07464,-0.00526,-0.06314,0
1,0,0.88305,-0.21996,1,0.36373,0.82403,0.19206,0.85086,0.05901,0.90558,-0.04292,0.85193,0.25000,0.77897,0.25322,0.69206,0.57940,0.71030,0.39056,0.73176,0.27575,1,0.34871,0.56760,0.52039,0.69811,0.53235,0.80901,0.58584,0.43026,0.70923,0.52361,0.54185,1
1,0,0.84557,-0.08580,-0.31745,-0.80553,-0.08961,-0.56435,0.80648,0.04576,0.89514,-0.00763,-0.18494,0.63966,-0.20019,-0.68065,0.85701,-0.11344,0.77979,-0.15729,-0.06959,0.50810,-0.34128,0.80934,0.78932,-0.03718,0.70882,-0.25288,0.77884,-0.14109,-0.21354,-0.78170,-0.18494,-0.59867,0
1,0,0.70870,-0.24783,0.64348,0.04348,0.45217,0.38261,0.65217,0.18261,0.5,0.26957,0.57826,-0.23043,0.50435,0.37826,0.38696,-0.42609,0.36087,-0.26087,0.26957,0.11739,0.53246,-0.03845,0.31304,-0.12174,0.49930,-0.04264,0.48348,-0.04448,0.64348,-0.25217,0.50435,0.14783,1
1,0,-0.54180,0.14861,-0.33746,0.73375,0.52012,-0.13932,0.31889,-0.06811,0.20743,-0.15170,0.47368,0.08978,0.56347,-0.15480,0.16409,0.45201,0.33746,0.03406,0.50464,0.07121,-0.63777,-0.61610,1,0.65635,0.41348,-0.40116,-0.15170,0.11146,0.02399,0.55820,0.52632,-0.08978,0
1,0,0.29202,0.13582,0.45331,0.16808,0.51783,-0.00509,0.52632,0.20883,0.52462,-0.16638,0.47368,-0.04754,0.55518,0.03905,0.81664,-0.22411,0.42445,-0.04244,0.34975,0.06621,0.28183,-0.20883,0.51731,-0.03176,0.50369,-0.03351,0.34635,0.09847,0.70798,-0.01868,0.39559,-0.03226,1
1,0,0.79157,0.16851,0,0,0.56541,0.06874,0.39468,1,0.38359,0.99557,-0.02439,0.53215,0.23725,0.12860,-0.02661,0.95122,-0.50998,0.84922,-0.10200,0.38803,-0.42572,0.23725,-0.91574,0.80710,-0.34146,0.88248,-1,0.69401,-1,0.12860,0,0,0
1,0,0.90116,0.16607,0.79299,0.37379,0.72990,0.50515,0.59784,0.72997,0.44303,0.81152,0.24412,0.87493,0.06438,0.85038,-0.12611,0.87396,-0.28739,0.79617,-0.46635,0.65924,-0.57135,0.53805,-0.68159,0.39951,-0.71844,0.25835,-0.72369,0.11218,-0.71475,-0.05525,-0.67699,-0.19904,1
1,0,0.97714,0.19049,0.82683,0.46259,0.71771,0.58732,0.47968,0.84278,0.31409,0.92643,0.10289,0.93945,-0.13254,0.84290,-0.32020,0.91624,-0.52145,0.79525,-0.68274,0.49508,-0.77408,0.33537,-0.85376,0.17849,-0.83314,-0.01358,-0.82366,-0.19321,-0.67289,-0.33662,-0.59943,-0.49700,1
1,0,-1,-1,0,0,0.50814,-0.78502,0.60586,0.32899,-1,-0.41368,0,0,0,0,1,-0.26710,0.36482,-0.63518,0.97068,-1,-1,-1,1,-0.59609,-1,-1,-1,-1,1,-1,0,0,0
1,0,0.74084,0.04974,0.79074,0.02543,0.78575,0.03793,0.66230,0.09948,0.67801,0.31152,0.75934,0.07348,0.74695,0.08442,0.70681,-0.07853,0.63613,0,0.70021,0.11355,0.68183,0.12185,0.67016,0.15445,0.64158,0.13608,0.65707,0.17539,0.59759,0.14697,0.57455,0.15114,1
1,0,1,-1,0,0,0.77941,-0.99265,0.80882,0.55147,-0.41912,-0.94853,0,0,0,0,0.72059,-0.77206,0.73529,-0.60294,0,0,0.18382,-1,-1,-1,-1,-1,1,-1,1,-1,0,0,0
1,0,1,0.01709,0.96215,-0.03142,1,-0.03436,1,-0.05071,0.99026,-0.07092,0.99173,-0.09002,1,-0.15727,1,-0.14257,0.98310,-0.11813,1,-0.18519,1,-0.19272,0.98971,-0.22083,0.96490,-0.20243,0.94599,-0.17123,0.96436,-0.22561,0.87011,-0.23296,1
0,0,0,0,0,0,0,0,0,0,0,0,0,0,0,0,0,0,0,0,0,0,0,0,0,0,1,-1,0,0,0,0,0,0,0
1,0,0.95704,-0.12095,0.63318,-0.12690,0.96365,-0.18242,0.97026,0.08460,0.92003,-0.01124,0.83543,-0.24719,1,-0.31395,0.99273,-0.21216,0.98678,-0.21018,1,-0.27165,0.93126,-0.39458,1,-0.19233,0.88793,-0.31565,0.81428,-0.23728,0.89095,-0.31857,0.69531,-0.41573,1
1,0,0.94490,-0.49311,1,-0.03692,0.98898,-0.87052,0.90083,0.66942,1,-0.10104,1,-0.12493,1,-0.15017,1,-0.17681,1,-0.20491,1,-0.23452,1,-0.26571,1,-0.29852,1,-0.33304,1,-0.36931,1,-0.40740,1,-0.44739,1
1,0,0.99449,0.00526,0.84082,-0.11313,0.88237,-0.16431,0.99061,-0.06257,0.96484,-0.07496,0.85221,0.02966,0.87161,-0.20848,0.93881,-0.12977,0.98298,-0.08935,0.89876,0.00075,0.87836,-0.05882,0.93368,-0.19872,0.87579,-0.17806,0.94294,-0.16581,0.80253,-0.25741,0.76586,-0.27794,1
1,0,1,-0.57224,0.99150,-0.73371,0.89518,-0.97450,1,-0.35818,1,-0.23229,0.62890,-0.86402,1,-0.57535,1,-0.79603,0.76771,-0.88952,0.96601,-1,0.70120,-0.74896,0.61946,-0.76904,0.53777,-0.77986,0.81020,-1,1,-1,0.30445,-0.76112,1
1,0,0.86284,0.19310,0.80920,0.41149,0.67203,0.55785,0.54559,0.69962,0.36705,0.81533,0.19617,0.85671,-0.04061,0.86284,-0.17241,0.75785,-0.34100,0.65747,-0.48199,0.56092,-0.60230,0.40996,-0.59234,0.25747,-0.63038,0.08818,-0.57241,-0.07816,-0.54866,-0.19923,-0.42912,-0.31954,1
1,0,1,0.23395,0.91404,0.52013,0.78020,0.72144,0.47660,0.84222,0.27639,0.91730,0.09467,0.88248,-0.21980,0.91404,-0.34168,0.75517,-0.51360,0.64527,-0.64527,0.44614,-0.74102,0.29162,-0.70838,0.03591,-0.71731,-0.11943,-0.64962,-0.28183,-0.51251,-0.44505,-0.37432,-0.53319,1
1,0,0.21429,-0.09524,0.33333,0.07143,0.19048,0.19048,0.23810,0.09524,0.40476,0.02381,0.30952,-0.04762,0.30952,-0.04762,0.28571,-0.11905,0.33333,0.04762,0.30952,0,0.21429,-0.11905,0.35714,-0.04762,0.22109,-0.02290,0.19048,0,0.16997,-0.02034,0.14694,-0.01877,1
1,0,0.98182,0,0.88627,0.03131,0.86249,0.04572,0.80000,0,0.69091,0.04545,0.79343,0.08436,0.77118,0.09579,0.62727,0.25455,0.68182,0.12727,0.70674,0.12608,0.68604,0.13493,0.74545,0.22727,0.64581,0.15088,0.67273,0.02727,0.60715,0.16465,0.58840,0.17077,1
1,0,0.86889,-0.07111,1,-0.02494,1,-0.06889,0.87778,0.00222,0.83556,-0.06444,1,-0.07287,1,-0.20000,0.86889,0.05333,0.88000,-0.03778,1,-0.11526,1,-0.18667,0.84444,0.03556,1,-0.14162,0.82222,-0.14667,1,-0.15609,1,-0.44222,1
1,0,1,-0.92453,1,0.75472,0.49057,-0.05660,0.62264,0,1,-0.00054,0.45283,0.07547,0.62264,-0.05660,0.98878,-0.00085,0.52830,0,0.52830,0.07547,0.95190,-0.00112,1,0.79245,0.92192,-0.00128,0.94340,-1,1,0.43396,0.43396,-0.11321,1
1,0,0.43750,0.04167,0.58333,-0.10417,0.39583,0,0.33333,-0.06250,0.47917,0,0.29167,0.10417,0.54167,0.02083,0.43750,-0.22917,0.35417,-0.22917,0.33333,0.08333,0.25000,0.18750,0.39583,-0.18750,0.44012,-0.10064,0.41667,-0.08333,0.58333,-0.31250,0.33333,-0.06250,1
1,0,0.95217,0.06595,0.93614,0.13030,0.90996,0.19152,0.84881,-0.49962,0.90023,0.61320,0.77937,0.34328,0.72254,0.37988,0.66145,0.40844,0.95472,0.59862,0.53258,0.44088,0.46773,0.44511,0.40440,0.44199,0.34374,0.43221,0.90330,1,0.23405,0.39620,0.18632,0.37191,1
1,0,0.95882,0.10129,1,-0.01918,0.98313,0.02555,0.96974,-0.09316,0.98955,-0.02716,0.97980,-0.03096,1,-0.05343,1,-0.05179,0.93840,0.01557,0.97620,-0.09284,0.97889,-0.05318,0.91567,-0.15675,0.95677,-0.06995,0.90978,0.01307,1,-0.10797,0.93144,-0.06888,1
1,0,0.96933,0.00876,1,0.00843,0.98658,-0.00763,0.97868,-0.02844,0.99820,-0.03510,1,-0.01271,1,-0.02581,1,-0.01175,0.98485,0.00025,1,-0.02612,1,-0.04744,0.96019,-0.04527,0.99188,-0.03473,0.97020,-0.02478,1,-0.03855,0.98420,-0.04112,1
1,0,0.64122,0.01403,0.34146,-0.02439,0.52751,0.03466,0.19512,0.12195,0.43313,0.04755,0.21951,0.04878,0.29268,0,0.36585,0,0.31707,0.07317,0.26829,0.12195,0.23698,0.05813,0.21951,0.09756,0.19304,0.05641,0.17410,0.05504,0.19512,0,0.17073,0.07317,1
1,0,0.34694,0.20408,0.46939,0.24490,0.40816,0.20408,0.46939,0.44898,0.30612,0.59184,0.12245,0.55102,0,0.51020,-0.06122,0.55102,-0.20408,0.55102,-0.28571,0.44898,-0.28571,0.32653,-0.61224,0.22449,-0.46579,0.14895,-0.59184,0.18367,-0.34694,0,-0.26531,-0.24490,1
1,0,0.89706,0.38235,0.91176,0.37500,0.74265,0.67647,0.45588,0.77941,0.19118,0.88971,-0.02206,0.86029,-0.20588,0.82353,-0.37500,0.67647,-0.5,0.47794,-0.73529,0.38235,-0.86029,0.08824,-0.74265,-0.12500,-0.67925,-0.24131,-0.55147,-0.42647,-0.44118,-0.50735,-0.28676,-0.56618,1
1,0,0.26667,-0.10000,0.53333,0,0.33333,-0.13333,0.36667,0.11667,0.56667,0.01667,0.71667,0.08333,0.70000,-0.06667,0.53333,0.20000,0.41667,-0.01667,0.31667,0.20000,0.70000,0,0.25000,0.13333,0.46214,0.05439,0.40000,0.03333,0.46667,0.03333,0.41667,-0.05000,1
1,0,1,-0.37838,0.64865,0.29730,0.64865,-0.24324,0.86486,0.18919,1,-0.27027,0.51351,0,0.62162,-0.05405,0.32432,-0.21622,0.71833,-0.17666,0.62162,0.05405,0.75676,0.13514,0.35135,-0.29730,0.61031,-0.22163,0.58478,-0.23027,0.72973,-0.59459,0.51351,-0.24324,1
1,0,0.95202,0.02254,0.93757,-0.01272,0.93526,0.01214,0.96705,-0.01734,0.96936,0.00520,0.95665,-0.03064,0.95260,-0.00405,0.99480,-0.02659,0.99769,0.01792,0.93584,-0.04971,0.93815,-0.02370,0.97052,-0.04451,0.96215,-0.01647,0.97399,0.01908,0.95434,-0.03410,0.95838,0.00809,1
1,0,0.31034,-0.10345,0.24138,-0.10345,0.20690,-0.06897,0.07405,-0.05431,0.03649,-0.03689,0.01707,-0.02383,0.00741,-0.01482,0.00281,-0.00893,0.00078,-0.00523,-0.00003,-0.00299,-0.00028,-0.00166,-0.00031,-0.00090,-0.00025,-0.00048,-0.00018,-0.00024,-0.00012,-0.00012,-0.00008,-0.00006,1
1,0,0.25000,0.16667,0.46667,0.26667,0.19036,0.23966,0.07766,0.19939,0.01070,0.14922,-0.02367,0.10188,-0.03685,0.06317,-0.03766,0.03458,-0.03230,0.01532,-0.02474,0.00357,-0.01726,-0.00273,-0.01097,-0.00539,-0.00621,-0.00586,-0.00294,-0.00520,-0.00089,-0.00408,0.00025,-0.00291,1
1,0,1,-0.01081,1,-0.02703,1,-0.06486,0.95135,-0.01622,0.98919,-0.03243,0.98919,0.08649,1,-0.06486,0.95135,0.09189,0.97838,-0.00541,1,0.06486,1,0.04324,0.97838,0.09189,0.98556,0.01251,1,-0.03243,1,0.02703,1,-0.07027,1
1,0,0.90374,-0.01604,1,0.08021,1,0.01604,0.93048,0.00535,0.93583,-0.01604,1,0,1,0.06417,1,0.04813,0.91444,0.04278,0.96791,0.02139,0.98930,-0.01604,0.96257,0.05348,0.96974,0.04452,0.87701,0.01070,1,0.09091,0.97861,0.06417,1
1,0,0.60000,0.03333,0.63333,0.06667,0.70000,0.06667,0.70000,0,0.63333,0,0.80000,0,0.73333,0,0.70000,0.10000,0.66667,0.10000,0.73333,-0.03333,0.76667,0,0.63333,0.13333,0.65932,0.10168,0.60000,0.13333,0.60000,0.16667,0.63333,0.16667,1
1,0,0.94653,0.28713,0.72554,0.67248,0.47564,0.82455,0.01267,0.89109,-0.24871,0.84475,-0.47644,0.56079,-0.75881,0.41743,-0.66455,0.07208,-0.65426,-0.19525,-0.52475,-0.44000,-0.30851,-0.55089,-0.04119,-0.64792,0.16085,-0.56420,0.36752,-0.41901,0.46059,-0.22535,0.50376,-0.05980,1
1,0,0.72414,-0.01084,0.79704,0.01084,0.80000,0.00197,0.79015,0.01084,0.78424,-0.00985,0.83350,0.03251,0.85123,0.01675,0.80099,-0.00788,0.79113,-0.02956,0.75961,0.03350,0.74778,0.05517,0.72611,-0.01478,0.78041,0.00612,0.74089,-0.05025,0.82956,0.02956,0.79015,0.00788,1
1,0,0.47090,0.22751,0.42328,0.33598,0.25661,0.47619,0.01852,0.49471,-0.02116,0.53968,-0.34127,0.31217,-0.41270,0.32540,-0.51587,0.06878,-0.5,-0.11640,-0.14815,-0.14550,-0.14815,-0.38095,-0.23280,0.00265,0.03574,-0.31739,0.15873,-0.21693,0.24868,-0.24339,0.26720,0.04233,1
1,0,0.94333,0.38574,0.48263,0.64534,0.21572,0.77514,-0.55941,0.64899,-0.73675,0.42048,-0.76051,0,-0.62706,-0.31079,-0.38391,-0.62157,-0.12797,-0.69287,0.49909,-0.63620,0.71481,-0.37660,0.73857,-0.05484,0.60098,0.30384,0.45521,0.60512,0.02742,0.54479,-0.21572,0.50457,1
1,0,0.85736,0.00075,0.81927,-0.05676,0.77521,-0.04182,0.84317,0.09037,0.86258,0.11949,0.88051,-0.06124,0.78342,0.03510,0.83719,-0.06796,0.83570,-0.14190,0.88125,0.01195,0.90515,0.02240,0.79686,-0.01942,0.82383,-0.03678,0.88125,-0.06423,0.73936,-0.01942,0.79089,-0.09186,1
1,0,0.85209,0.39252,0.38887,0.76432,0.08858,0.98903,-0.42625,0.88744,-0.76229,0.49980,-0.93092,0.10768,-0.85900,-0.31044,-0.66030,-0.55262,-0.19260,-0.86063,0.28444,-0.80496,0.64649,-0.35230,0.77814,-0.23324,0.71698,0.21343,0.37830,0.58310,0.19667,0.66315,-0.11215,0.64933,1
1,0,1,0.54902,0.62745,1,0.01961,1,-0.49020,0.92157,-0.82353,0.58824,-1,0.11765,-0.96078,-0.33333,-0.64706,-0.68627,-0.23529,-0.86275,0.35294,-1,0.74510,-0.72549,0.92157,-0.21569,0.92874,0.21876,0.72549,0.56863,0.23529,0.90196,-0.11765,0.90196,1
1,0,0.44444,0.44444,0.53695,0.90763,-0.22222,1,-0.33333,0.88889,-1,0.33333,-1,-0.11111,-1,-0.22222,-0.66667,-0.77778,0.55556,-1,-0.22222,-0.77778,0.77778,-0.22222,0.33333,0,0.92120,0.45019,0.57454,0.84353,0.22222,1,-0.55556,1,1
1,0,1,0,1,0,0.5,0.50000,0.75000,0,0.91201,0.12094,0.89067,0.14210,0.86922,0.16228,0.75000,0.25000,0.75000,0.5,0.75000,0,1,-0.25000,0.5,0.50000,0.73944,0.26388,0.75000,0.25000,0.69635,0.29074,0.67493,0.30293,1
1,0,1,0,1,0,0.66667,0.11111,1,-0.11111,0.88889,-0.11111,1,-0.22222,0.77778,0,0.77778,0,1,-0.11111,0.77778,-0.11111,0.66667,-0.11111,0.66667,0,0.90347,-0.05352,1,0.11111,0.88889,-0.11111,1,0,1
1,0,1,0.45455,1,-0.45455,1,0.09091,1,-0.09091,1,0,1,-0.27273,1,-0.18182,1,0.09091,1,0,1,-0.36364,1,0.09091,1,-0.09091,1,-0.04914,1,0.45455,1,-0.27273,1,-0.18182,1
1,0,1,0.11765,1,0.23529,1,0.41176,1,0.05882,1,0.23529,1,0.11765,1,0.47059,1,-0.05882,1,-0.11765,1,0.35294,1,0.41176,1,-0.11765,1,0.20225,1,0.05882,1,0.35294,1,0.23529,1
1,0,0.91667,0.29167,0.83333,-0.16667,0.70833,0.25000,0.87500,-0.08333,0.91667,0.04167,0.83333,0.12500,0.70833,0,0.87500,0.04167,1,0.08333,0.66667,-0.08333,0.75000,0.16667,0.83333,-0.12500,0.83796,0.05503,1,0.20833,0.70833,0,0.70833,0.04167,1
