1,0,0.05460,0.01437,-0.02586,0.04598,0.01437,0.04598,-0.07759,0.00862,0.01724,-0.06609,-0.03736,0.04310,-0.08333,-0.04598,-0.09483,0.08046,-0.04023,0.05172,0.02011,0.02299,-0.03736,-0.01149,0.03161,-0.00862,0.00862,0.01724,0.02586,0.01149,0.02586,0.01149,-0.04598,-0.00575,0
1,0,0.03852,0.02568,0.00428,0,0.01997,-0.01997,0.02140,-0.04993,-0.04850,-0.01284,0.01427,-0.02282,0,-0.03281,-0.04708,-0.02853,-0.01712,0.03566,0.02140,0.00428,0.05136,-0.02282,0.05136,0.01854,0.03994,0.01569,0.01997,0.00713,-0.02568,-0.01854,-0.01427,0.01997,0
1,0,0.08696,0.00686,0.13959,-0.04119,0.10526,-0.08238,0.12586,-0.06178,0.23341,-0.01144,0.12357,0.07780,0.14645,-0.13501,0.29062,-0.04805,0.18993,0.07323,0.11670,0,0.11213,-0.00229,0.15103,-0.10297,0.08467,0.01373,0.11213,-0.06636,0.09611,-0.07323,0.11670,-0.06865,0
1,0,0.01975,0.00705,0.04090,-0.00846,0.02116,0.01128,0.01128,0.04372,0.00282,0.00141,0.01975,-0.03103,-0.01975,0.06065,-0.04090,0.02680,-0.02398,-0.00423,0.04372,-0.02539,0.01834,0,0,-0.01269,0.01834,-0.01128,0.00564,-0.01551,-0.01693,-0.02398,0.00705,0,0
1,0,1,-1,1,1,-1,1,1,-1,1,-1,-1,-1,-1,1,1,1,1,1,-1,1,1,-1,1,-1,1,1,1,1,-1,1,-1,1,0
1,0,1,1,1,0.51250,0.62500,-1,1,1,0.02500,0.03125,1,1,0,0,1,-1,1,1,1,1,0.31250,1,1,1,1,1,1,1,-0.94375,1,0,0,0
1,0,0,0,-1,-1,-1,1,0,0,-1,1,1,1,1,-1,0,0,0,0,-1,-1,-1,1,1,0.43750,1,-1,0,0,-1,-1,-1,1,0
0,0,0,0,0,0,0,0,0,0,0,0,0,0,0,0,0,0,0,0,0,0,0,0,0,0,1,0,0,0,0,0,0,0,0
0,0,-1,1,1,1,0,0,1,-1,1,-1,1,-1,-1,-1,0,0,-1,-1,0,0,0,0,-1,-1,1,-1,1,1,-1,-1,0,0,0
0,0,0,0,0,0,0,0,0,0,0,0,-1,-1,0,0,1,0.75000,0,0,0,0,-1,1,0,0,1,-1,-1,-1,1,1,0,0,0
1,0,0.62121,-0.63636,0,0,0,0,0.34470,0.28788,0.42803,0.39394,-0.07576,0.51894,0.36364,0.31439,-0.53788,0.32955,0.12121,-0.14773,0.01894,-0.53409,-0.57576,0.17803,0.29167,-0.27273,0.25758,-0.57576,0.43182,0.24242,0.18182,-0.02273,0.17045,-0.41667,0
1,0,0,0,-1,-0.62766,1,0.51064,0.07979,-0.23404,-1,-0.36170,0.12766,-0.59043,1,-1,0,0,0.82979,-0.07979,-0.25000,1,0.17021,-0.70745,0,0,-0.19149,-0.46809,-0.22340,-0.48936,0.74468,0.90426,-0.67553,0.45745,0
1,0,0.18590,-0.16667,0,0,0,0,0,0,0,0,0.11538,-0.19071,0,0,0,0,0,0,0,0,-0.05128,-0.06571,0.07853,0.08974,0.17308,-0.10897,0.12500,0.09615,0.02564,-0.04808,0.16827,0.19551,0
1,0,1,1,-1,1,-1,-0.82456,0.34649,0.21053,0.46053,0.07018,0.22807,0.05702,0.35088,0.34649,0.72807,-0.03947,0.22807,0.53070,0,0,-0.29825,-0.16228,1,-0.66667,1,-1,1,-0.24561,0.35088,0.20175,0.82895,0.07895,0
0,0,-1,1,1,-1,0,0,0,0,1,-1,1,1,0,0,1,-1,0,0,0,0,1,1,-1,1,1,-1,-1,1,-1,-1,0,0,0
1,0,-1,-1,-0.50694,1,1,-1,1,0.53819,0,0,0.23958,-1,1,1,0,0,1,1,1,1,0,0,-0.71528,1,0.33333,-1,1,-1,0.69792,-1,0.47569,1,0
1,0,1,1,0,0,1,-1,-1,-1,1,1,1,-1,0,0,1,-1,1,1,0,0,1,-1,-1,-1,1,1,-1,1,-1,1,0,0,0
0,0,-1,1,-1,-1,0,0,-1,1,1,-1,-1,-1,-1,1,0,0,-1,-1,-1,1,0,0,1,-1,1,1,1,-1,1,1,0,0,0
0,0,-1,-1,0,0,0,0,0,0,0,0,0,0,1,-1,0,0,-1,-1,0,0,1,1,1,-1,1,-1,0,0,0,0,0,0,0
1,0,0,0,0,0,0,0,0,0,1,-0.33333,0.16667,0.26042,0,0,0,0,0,0,-0.19792,-0.21875,-0.16667,0.90625,-1,0.5,0.04167,0.75000,-0.22917,-1,-0.12500,-0.27083,-0.19792,-0.93750,0
1,0,1,-0.09524,-1,-1,-1,-1,1,0.31746,0.81349,0.76190,-1,-1,-1,1,0.47364,1,1,1,0.68839,-1,-1,-1,0.82937,0.36508,1,1,1,0.50794,-1,-0.32540,-1,0.72831,0
1,0,1,-1,1,1,1,1,1,-0.5,1,1,1,1,1,1,0,0,1,1,1,1,1,-1,1,1,1,0.62500,1,-0.75000,-0.75000,1,1,1,0
1,0,0.36876,-1,-1,-1,-0.07661,1,1,0.95041,0.74597,-0.38710,-1,-0.79313,-0.09677,1,0.48684,0.46502,0.31755,-0.27461,-0.14343,-0.20188,-0.11976,0.06895,0.03021,0.06639,0.03443,-0.01186,-0.00403,-0.01672,-0.00761,0.00108,0.00015,0.00325,0
0,0,0,0,0,0,0,0,0,0,0,0,1,1,1,1,1,-1,0,0,1,1,1,-1,1,1,1,0,1,1,1,-1,0,0,0
1,0,0,0,0,0,0,0,-0.85000,-1,0,0,1,-1,0,0,-1,-1,-1,-1,1,-1,-0.60000,-1,1,1,-1,-0.20000,1,-1,0,1,0,0,0
1,0,0.79830,0.09417,0.78129,0.20656,0.71628,0.28068,0.69320,0.41252,0.65917,0.50122,0.57898,0.60814,0.49210,0.58445,0.33354,0.67861,0.29587,0.63548,0.09599,0.68104,0.02066,0.72236,-0.08748,0.63183,-0.11925,0.60696,-0.18226,0.56015,-0.25516,0.51701,-0.27339,0.42467,1
1,0,1,0.09802,1,0.25101,0.98390,0.33044,0.80365,0.53020,0.74977,0.60297,0.56937,0.71942,0.55311,0.74079,0.29452,0.82193,0.21137,0.79777,0.09709,0.82162,-0.01734,0.79870,-0.15144,0.75596,-0.22839,0.69187,-0.31713,0.60948,-0.40291,0.54522,-0.42815,0.44534,1
1,0,0.89410,0.13425,0.87001,0.31543,0.78896,0.43388,0.63388,0.59975,0.54003,0.71016,0.39699,0.76161,0.24266,0.79523,0.09134,0.79598,-0.09159,0.76261,-0.20201,0.66926,-0.30263,0.62610,-0.40552,0.50489,-0.46215,0.40753,-0.50314,0.27252,-0.52823,0.19172,-0.48808,0.05972,1
1,0,0.94631,0.17498,0.90946,0.33143,0.85096,0.49960,0.73678,0.63842,0.59215,0.73838,0.48698,0.83614,0.30459,0.90665,0.17959,0.93429,-0.00701,0.93109,-0.18880,0.89383,-0.33023,0.82492,-0.46534,0.76482,-0.58563,0.66335,-0.67929,0.52564,-0.75321,0.42488,-0.81210,0.26092,1
1,0,0.91767,0.18198,0.86090,0.35543,0.72873,0.45747,0.60425,0.69865,0.50376,0.74922,0.36100,0.81795,0.15664,0.83558,0.00396,0.85210,-0.16390,0.77853,-0.35996,0.76193,-0.43087,0.65385,-0.53140,0.53886,-0.60328,0.40972,-0.64511,0.27338,-0.65710,0.13667,-0.64056,0.05394,1
1,0,0.76627,0.21106,0.63935,0.38112,0.48409,0.52500,0.15000,0.22273,0.13753,0.59565,-0.07727,0.44545,0,0.48636,-0.27491,0.42014,-0.56136,0.36818,-0.36591,0.18864,-0.40533,0.07588,-0.38483,-0.03229,-0.33942,-0.12486,-0.27540,-0.19714,-0.19962,-0.24648,-0.11894,-0.27218,1
1,0,0.58940,-0.60927,0.85430,0.55298,0.81126,0.07285,0.56623,0.16225,0.32781,0.24172,0.50331,0.12252,0.63907,0.19868,0.71854,0.42715,0.54305,0.13907,0.65232,0.27815,0.68874,0.07285,0.51872,0.26653,0.49013,0.27687,0.46216,0.28574,0.43484,0.29324,0.40821,0.29942,1
1,0,1,0.11385,0.70019,-0.12144,0.81594,0.09677,0.71157,0.01139,0.56167,-0.07780,0.69070,0.12524,0.58634,0.03985,0.53131,-0.03416,0.69450,0.16888,0.72676,0.07211,0.32068,0.05882,0.53321,0.37381,0.49090,0.17951,0.15180,0.32448,0.44141,0.18897,0.56167,0.15180,1
1,0,0.84843,0.06794,0.80562,-0.02299,0.77031,-0.03299,0.66725,-0.06620,0.59582,-0.07666,0.67260,-0.05771,0.64260,-0.06438,0.39199,0.04530,0.71254,0.01394,0.55970,-0.08039,0.53430,-0.08453,0.47038,-0.22822,0.48659,-0.09128,0.52613,-0.08537,0.44277,-0.09621,0.42223,-0.09808,1
1,0,1,0.08013,0.96775,-0.00482,0.96683,-0.00722,0.87980,-0.03923,1,0.01419,0.96186,-0.01436,0.95947,-0.01671,0.98497,0.01002,0.91152,-0.08848,0.95016,-0.02364,0.94636,-0.02591,0.98164,0.02003,0.93772,-0.03034,1,-0.05843,0.92774,-0.03464,0.92226,-0.03673,1
1,0,0.47938,-0.12371,0.42784,-0.12371,0.70103,-0.39175,0.73196,0.07216,0.26289,-0.21649,0.49485,0.15979,0.45361,-0.11856,0.42268,0.06186,0.5,-0.27320,0.54639,0.18557,0.42268,0.08247,0.70619,0.19588,0.53396,-0.12447,0.15464,-0.26289,0.47423,0.04124,0.45361,-0.51546,1
1,0,0.63510,-0.04388,0.76530,0.02968,0.61432,0.36028,0.65358,-0.00462,0.64203,0.08314,0.79446,-0.43418,0.72517,0.54965,0.59584,0.13857,0.63510,0.21940,0.63279,-0.25404,0.70951,0.15359,0.64665,0.23095,0.68775,0.17704,0.61663,0.07621,0.66316,0.19841,0.69053,0.36721,1
1,0,0.50112,-0.03596,0.61124,0.01348,0.58876,0.01573,0.58876,0.02472,0.66742,-0.00449,0.71685,-0.04719,0.66517,0.00899,0.57303,0.02472,0.64719,-0.07416,0.56854,0.14157,0.57528,-0.03596,0.46517,0.04944,0.56588,0.00824,0.47640,-0.03596,0.54607,0.10562,0.60674,-0.08090,1
1,0,0.71521,-0.00647,0.66667,-0.04207,0.63107,-0.05178,0.77994,0.08091,0.67314,0.09709,0.64725,0.15858,0.60194,-0.01942,0.54369,-0.04531,0.46926,-0.10032,0.64725,0.14887,0.39159,0.21683,0.52427,-0.05502,0.45105,0.00040,0.31392,-0.06796,0.49191,-0.10680,0.30421,-0.05178,1
1,0,0.68148,0.10370,0.77037,0.03457,0.65185,0.08148,0.60988,-0.00494,0.79012,0.11852,0.59753,0.04938,0.62469,0.09630,0.78272,-0.17531,0.73827,-0.10864,0.48642,0.00988,0.60988,0.08148,0.66667,-0.12840,0.63773,-0.02451,0.76543,0.02222,0.61235,-0.07160,0.51358,-0.04691,1
1,0,0.60678,-0.02712,0.67119,0.04068,0.52881,-0.04407,0.50508,0.03729,0.70508,-0.07797,0.57966,-0.02034,0.53220,0.07797,0.64068,0.11864,0.56949,-0.02373,0.53220,0.00678,0.71525,-0.03390,0.52881,-0.03390,0.57262,0.00750,0.58644,-0.00339,0.58983,-0.02712,0.50169,0.06780,1
1,0,0.49515,0.09709,0.29612,0.05825,0.34951,0,0.57282,-0.02427,0.58252,0.02427,0.33495,0.04854,0.52427,0.00485,0.47087,-0.10680,0.43204,0.00485,0.34951,0.05825,0.18932,0.25728,0.31068,-0.15049,0.36547,0.03815,0.39320,0.17476,0.26214,0,0.37379,-0.01942,1
1,0,0.98822,0.02187,0.93102,0.34100,0.83904,0.35222,0.74706,0.48906,0.73584,0.51879,0.55076,0.60179,0.43130,0.66237,0.31800,0.70443,0.28379,0.68873,0.07515,0.73696,0.06338,0.71284,-0.16489,0.69714,-0.16556,0.60510,-0.16209,0.55805,-0.34717,0.44195,-0.33483,0.37465,1
1,0,0.97905,0.15810,0.90112,0.35237,0.82039,0.48561,0.71760,0.64888,0.58827,0.73743,0.40349,0.83156,0.25140,0.84804,0.04700,0.85475,-0.12193,0.79749,-0.26180,0.80754,-0.37835,0.71676,-0.51034,0.58324,-0.57587,0.46040,-0.61899,0.30796,-0.65754,0.18345,-0.64134,0.02968,1
1,0,0.99701,0.21677,0.91966,0.47030,0.76902,0.62415,0.53312,0.78120,0.36774,0.88291,0.10107,0.83312,-0.06827,0.89274,-0.28269,0.72073,-0.43707,0.61688,-0.55769,0.48120,-0.65000,0.35534,-0.64658,0.15908,-0.66651,0.02277,-0.64872,-0.13462,-0.54615,-0.22949,-0.47201,-0.35032,1
1,0,0.94331,0.19959,0.96132,0.40803,0.80514,0.56569,0.56687,0.70830,0.41836,0.83230,0.14939,0.89489,0.05167,0.93682,-0.24742,0.83939,-0.42811,0.75554,-0.50251,0.62563,-0.65515,0.50428,-0.68851,0.30912,-0.77097,0.15619,-0.75406,-0.04399,-0.75199,-0.17921,-0.66932,-0.34367,1
1,0,0.93972,0.28082,0.80486,0.52821,0.58167,0.73151,0.34961,0.80511,0.10797,0.90403,-0.20015,0.89335,-0.39730,0.82163,-0.58835,0.62867,-0.76305,0.40368,-0.81262,0.18888,-0.81317,-0.04284,-0.75273,-0.26883,-0.63237,-0.46438,-0.46422,-0.61446,-0.26389,-0.70835,-0.08937,-0.71273,1
1,0,0.89835,0.35157,0.67333,0.62233,0.43898,0.94353,-0.03643,0.80510,-0.22838,0.75334,-0.25137,0.48816,-0.57377,0.28415,-0.66750,0.10591,-0.47359,-0.06193,-0.81056,-0.06011,-0.33197,-0.47592,-0.12897,-0.53620,0.07158,-0.51925,0.24321,-0.43478,0.36586,-0.30057,0.42805,0.13297,1
1,0,0.29073,0.10025,0.23308,0.17293,0.03759,0.34336,0.12030,0.26316,0.06266,0.21303,-0.04725,0.12767,-0.06333,0.07907,-0.06328,0.04097,-0.05431,0.01408,-0.04166,-0.00280,-0.02876,-0.01176,-0.01755,-0.01505,-0.00886,-0.01475,-0.00280,-0.01250,0.00096,-0.00948,0.00290,-0.00647,1
1,0,0.58459,-0.35526,1,0.35338,0.75376,-0.00564,0.82519,0.19361,0.50188,-0.27632,0.65977,0.06391,0.69737,0.14662,0.72368,-0.42669,0.76128,0.04511,0.66917,0.20489,0.84774,-0.40977,0.64850,-0.04699,0.56836,-0.10571,0.52820,-0.13346,0.15602,-0.12218,0.44767,-0.10309,1
1,0,0.83609,0.13215,0.72171,0.06059,0.65829,0.08315,0.23888,0.12961,0.43837,0.20330,0.49418,0.12686,0.44747,0.13507,0.29352,0.02922,0.48158,0.15756,0.32835,0.14616,0.29495,0.14638,0.26436,0.14530,0.23641,0.14314,0.26429,0.16137,0.18767,0.13632,0.16655,0.13198,1
1,0,0.94080,0.11933,0.85738,0.01038,0.85124,0.01546,0.76966,-0.00278,0.84459,0.10916,0.83289,0.03027,0.82680,0.03506,0.74838,0.01943,0.80019,0.02405,0.80862,0.04901,0.80259,0.05352,0.77336,0.02220,0.79058,0.06235,0.85939,0.09251,0.77863,0.07090,0.77269,0.07508,1
1,0,0.87111,0.04326,0.79946,0.18297,0.99009,0.29292,0.89455,-0.08337,0.88598,-0.02028,0.90446,-0.26724,0.89410,0.19964,0.88644,-0.04642,0.84452,-0.00991,0.97882,-0.34024,0.78954,-0.25101,0.86661,-0.09193,0.85967,-0.02908,0.78774,-0.04101,0.75935,0.21812,0.88238,0.09193,1
1,0,0.74916,0.02549,0.98994,0.09792,0.75855,0.12877,0.74313,-0.09188,0.95842,0.02482,0.97921,-0.00469,0.96110,0.10195,0.91482,0.03756,0.71026,0.02683,0.81221,-0.08048,1,0,0.71764,-0.01207,0.82271,0.02552,0.72435,-0.01073,0.90409,0.11066,0.72837,0.02750,1
1,0,0.47337,0.19527,0.06213,-0.18343,0.62316,0.01006,0.45562,-0.04438,0.56509,0.01775,0.44675,0.27515,0.71598,-0.03846,0.55621,0.12426,0.41420,0.11538,0.52767,0.02842,0.51183,-0.10651,0.47929,-0.02367,0.46514,0.03259,0.53550,0.25148,0.31953,-0.14497,0.34615,-0.00296,1
1,0,0.59887,0.14689,0.69868,-0.13936,0.85122,-0.13936,0.80979,0.02448,0.50471,0.02825,0.67420,-0.04520,0.80791,-0.13748,0.51412,-0.24482,0.81544,-0.14313,0.70245,-0.00377,0.33333,0.06215,0.56121,-0.33145,0.61444,-0.16837,0.52731,-0.02072,0.53861,-0.31262,0.67420,-0.22034,1
1,0,0.84713,-0.03397,0.86412,-0.08493,0.81953,0,0.73673,-0.07643,0.71975,-0.13588,0.74947,-0.11677,0.77495,-0.18684,0.78132,-0.21231,0.61996,-0.10191,0.79193,-0.15711,0.89384,-0.03397,0.84926,-0.26115,0.74115,-0.23312,0.66242,-0.22293,0.72611,-0.37792,0.65817,-0.24841,1
1,0,0.87772,-0.08152,0.83424,0.07337,0.84783,0.04076,0.77174,-0.02174,0.77174,-0.05707,0.82337,-0.10598,0.67935,-0.00543,0.88043,-0.20924,0.83424,0.03261,0.86413,-0.05978,0.97283,-0.27989,0.85054,-0.18750,0.83705,-0.10211,0.85870,-0.03261,0.78533,-0.10870,0.79076,-0.00543,1
1,0,0.74704,-0.13241,0.53755,0.16996,0.72727,0.09486,0.69565,-0.11067,0.66798,-0.23518,0.87945,-0.19170,0.73715,0.04150,0.63043,-0.00395,0.63636,-0.11858,0.79249,-0.25296,0.66403,-0.28656,0.67194,-0.10474,0.61847,-0.12041,0.60079,-0.20949,0.37549,0.06917,0.61067,-0.01383,1
1,0,0.46785,0.11308,0.58980,0.00665,0.55432,0.06874,0.47894,-0.13969,0.52993,0.01330,0.63858,-0.16186,0.67849,-0.03326,0.54545,-0.13525,0.52993,-0.04656,0.47894,-0.19512,0.50776,-0.13525,0.41463,-0.20177,0.53930,-0.11455,0.59867,-0.02882,0.53659,-0.11752,0.56319,-0.04435,1
1,0,0.88116,0.27475,0.72125,0.42881,0.61559,0.63662,0.38825,0.90502,0.09831,0.96128,-0.20097,0.89200,-0.35737,0.77500,-0.65114,0.62210,-0.78768,0.45535,-0.81856,0.19095,-0.83943,-0.08079,-0.78334,-0.26356,-0.67557,-0.45511,-0.54732,-0.60858,-0.30512,-0.66700,-0.19312,-0.75597,1
1,0,0.93147,0.29282,0.79917,0.55756,0.59952,0.71596,0.26203,0.92651,0.04636,0.96748,-0.23237,0.95130,-0.55926,0.81018,-0.73329,0.62385,-0.90995,0.36200,-0.92254,0.06040,-0.93618,-0.19838,-0.83192,-0.46906,-0.65165,-0.69556,-0.41223,-0.85725,-0.13590,-0.93953,0.10007,-0.94823,1
1,0,0.88241,0.30634,0.73232,0.57816,0.34109,0.58527,0.05717,1,-0.09238,0.92118,-0.62403,0.71996,-0.69767,0.32558,-0.81422,0.41195,-1,-0.00775,-0.78973,-0.41085,-0.76901,-0.45478,-0.57242,-0.67605,-0.31610,-0.81876,-0.02979,-0.86841,0.25392,-0.82127,0.00194,-0.81686,1
1,0,0.83479,0.28993,0.69256,0.47702,0.49234,0.68381,0.21991,0.86761,-0.08096,0.85011,-0.35558,0.77681,-0.52735,0.58425,-0.70350,0.31291,-0.75821,0.03939,-0.71225,-0.15317,-0.58315,-0.39168,-0.37199,-0.52954,-0.16950,-0.60863,0.08425,-0.61488,0.25164,-0.48468,0.40591,-0.35339,1
1,0,0.92870,0.33164,0.76168,0.62349,0.49305,0.84266,0.21592,0.95193,-0.13956,0.96167,-0.47202,0.83590,-0.70747,0.65490,-0.87474,0.36750,-0.91814,0.05595,-0.89824,-0.26173,-0.73969,-0.54069,-0.50757,-0.74735,-0.22323,-0.86122,0.07810,-0.87159,0.36021,-0.78057,0.59407,-0.60270,1
1,0,0.83367,0.31456,0.65541,0.57671,0.34962,0.70677,0.17293,0.78947,-0.18976,0.79886,-0.41729,0.66541,-0.68421,0.47744,-0.74725,0.19492,-0.72180,-0.04887,-0.62030,-0.28195,-0.49165,-0.53463,-0.26577,-0.66014,-0.01530,-0.69706,0.22708,-0.64428,0.43100,-0.51206,0.64662,-0.30075,1
1,0,0.98455,-0.02736,0.98058,-0.04104,1,-0.07635,0.98720,0.01456,0.95278,-0.02604,0.98500,-0.07458,0.99382,-0.07149,0.97396,-0.09532,0.97264,-0.12224,0.99294,-0.05252,0.95278,-0.08914,0.97352,-0.08341,0.96653,-0.12912,0.93469,-0.14916,0.97132,-0.15755,0.96778,-0.18800,1
1,0,0.94052,-0.01531,0.94170,0.01001,0.94994,-0.01472,0.95878,-0.01060,0.94641,-0.03710,0.97173,-0.01767,0.97055,-0.03887,0.95465,-0.04064,0.95230,-0.04711,0.94229,-0.02179,0.92815,-0.04417,0.92049,-0.04476,0.92695,-0.05827,0.90342,-0.07479,0.91991,-0.07244,0.92049,-0.07420,1
1,0,0.97032,-0.14384,0.91324,-0.00228,0.96575,-0.17123,0.98630,0.18265,0.91781,0.00228,0.93607,-0.08447,0.91324,-0.00228,0.86758,-0.08676,0.97032,-0.21233,1,0.10274,0.92009,-0.05251,0.92466,0.06849,0.94043,-0.09252,0.97032,-0.20091,0.85388,-0.08676,0.96575,-0.21918,1
1,0,0.52542,-0.03390,0.94915,0.08475,0.52542,-0.16949,0.30508,-0.01695,0.50847,-0.13559,0.64407,0.28814,0.83051,-0.35593,0.54237,0.01695,0.55932,0.03390,0.59322,0.30508,0.86441,0.05085,0.40678,0.15254,0.67287,-0.00266,0.66102,-0.03390,0.83051,-0.15254,0.76271,-0.10169,1
