1,0,0.28409,-0.31818,0,0,0.68182,-1,0.30682,0.95833,0.64394,0.06439,0.34848,-0.84848,0,0,0.59091,-0.35985,0.45076,-0.80682,0,0,0,0,0.24242,0.17803,1,-0.23864,0.06061,-0.48485,0.16288,-0.70076,0,0,0
1,0,0,0,0,0,0,0,0,0,0.62195,1,0,0,0,0,0.36585,-0.71951,0.56098,-1,0,0,0,0,0,0,1,0.10976,0,0,0,0,0,0,0
1,0,0.10135,0.10811,0,0,0,0,0.54730,0.82432,0.31081,1,0,0,0,0,0.37162,-1,0.33108,-1,0,0,0,0,-0.42568,-1,1,-1,0.55405,-0.23649,0,0,0,0,0
1,0,0.65909,-0.62879,0,0,0,0,0.77273,1,1,-0.28030,0,0,0,0,0.62121,-0.22727,0.84091,-1,1,-1,0,0,0,0,1,-0.93939,-0.12879,-0.93182,0,0,0,0,0
1,0,0.42000,-0.61000,0,0,1,-1,0.90000,1,0.43000,0.64000,0,0,0,0,0.67000,-0.29000,0.84000,-1,0,0,0,0,0.21000,0.68000,1,0.22000,0,0,0,0,0,0,0
1,0,0.91353,0.81586,-0.72973,1,-0.39466,0.55735,0.05405,0.29730,-0.18599,-0.10241,-0.03158,-0.08970,0.01401,-0.03403,0.01108,-0.00537,0.00342,0.00097,0.00048,0.00075,-0.00003,0.00019,-0.00003,0.00002,-0.00001,0,0,0,0,0,0,0,0
1,0,1,-0.14754,1,0.04918,0.57377,-0.01639,0.65574,0.01639,0.85246,-0.03279,0.72131,0,0.68852,-0.16393,0.19672,-0.14754,0.65558,-0.17176,0.67213,0.03279,1,-0.29508,0.31148,-0.34426,0.52385,-0.20325,0.32787,-0.03279,0.27869,-0.44262,0.49180,-0.06557,0
1,0,0.39286,0.52381,-0.78824,0.11342,-0.16628,-0.76378,0.66667,0.01190,0.82143,0.40476,-0.67230,0.30729,-0.34797,-0.63668,0.46429,0.15476,0.54762,0.05952,-0.51830,0.44961,-0.47651,-0.47594,0.32143,0.70238,0.51971,0.38848,0.57143,0.39286,-0.54891,-0.29915,0.25441,-0.55837,0
1,0,0.43636,-0.12727,0.58182,-0.14545,0.18182,-0.67273,0.34545,-0.03636,0.29091,-0.05455,0.29091,0.29091,0.36364,-0.41818,0.20000,-0.01818,0.36364,0.05455,0.12727,0.49091,0.61818,0.16364,0.32727,0.16364,0.41098,-0.07027,0.34545,-0.05455,0.12727,-0.36364,0.29091,-0.29091,0
1,0,0.73810,0.83333,-0.76190,-0.23810,0.33333,-0.14286,0.45238,-0.14286,-0.67285,0.12808,0.33333,0,0.28571,-0.07143,-0.38214,0.51163,0.23810,0.02381,0.45238,0.04762,0.16667,-0.26190,-0.57255,-0.10234,0.24889,-0.51079,1,0,-0.66667,-0.04762,0.26190,0.02381,0
1,0,1,1,0,0,0,0,0,0,0.47744,-0.89098,-0.51504,0.45489,-0.95489,0.28571,0.64662,1,0,0,0,0,0.62030,0.20301,-1,-1,1,-1,1,1,0,0,0,0,0
1,0,0.59840,0.40332,0.82809,0.80521,0.76001,0.70709,0.84010,-0.10984,0.97311,0.07981,0.95824,-0.85727,0.91962,0.88444,0.95452,-0.05206,0.88673,0.18135,0.98484,-0.69594,0.86670,-0.85755,0.28604,-0.30063,1,0.17076,0.62958,0.42677,0.87757,0.81007,0.81979,0.68822,0
1,0,0,0,-0.33672,0.85388,0,0,0.68869,-1,0.97078,0.31385,-0.26048,-0.59212,-0.30241,0.65565,0.94155,0.16391,0,0,0,0,-0.18043,-1,0,0,1,-1,0,0,0.04447,0.61881,0,0,0
1,0,0,0,0.98919,-0.22703,0.18919,-0.05405,0,0,0.93243,0.07297,1,-0.20000,1,0.07027,1,-0.11351,0,0,1,-0.21081,1,-0.41622,0,0,1,-0.17568,0,0,1,-0.25946,0.28919,-0.15676,0
1,0,1,1,1,-1,0,0,0,0,1,1,1,-1,1,1,1,-1,0,0,0,0,1,-0.27778,0,0,1,-1,1,1,1,-1,0,0,0
1,0,0,0,1,-1,0,0,0,0,1,1,1,-0.25342,1,0.23288,1,-1,0,0,0,0,1,1,0,0,1,-1,0,0,1,-1,0,0,0
1,0,-1,0.28105,0.22222,0.15033,-0.75693,-0.70984,-0.30719,0.71242,-1,1,-0.81699,0.33987,-0.79085,-0.02614,-0.98039,-0.83007,-0.60131,-0.54248,-0.04575,-0.83007,0.94118,-0.94118,-1,-0.43137,0.74385,0.09176,-1,0.05229,0.18301,0.02614,-0.40201,-0.48241,0
1,0,-0.26667,0.40000,-0.27303,0.12159,-0.17778,-0.04444,0.06192,-0.06879,0.04461,0.02575,-0.00885,0.02726,-0.01586,-0.00166,-0.00093,-0.00883,0.00470,-0.00153,0.00138,0.00238,-0.00114,0.00102,-0.00069,-0.00050,0.00019,-0.00043,0.00026,0.00005,0,0.00015,-0.00008,0.00002,0
1,0,0.94531,-0.03516,-1,-0.33203,-1,-0.01563,0.97266,0.01172,0.93359,-0.01953,-1,0.16406,-1,-0.00391,0.95313,-0.03516,0.92188,-0.02734,-0.99219,0.11719,-0.93359,0.34766,0.95703,-0.00391,0.82041,0.13758,0.90234,-0.06641,-1,-0.18750,-1,-0.34375,0
1,0,1,-0.05529,1,-1,0.5,-0.11111,0.36111,-0.22222,1,-0.25712,0.16667,-0.11111,1,-0.34660,1,-0.38853,1,-0.42862,0,-0.25000,1,-0.50333,1,-0.27778,1,-0.57092,1,-0.27778,1,-0.63156,1,-0.65935,0
1,0,0.62745,-0.07843,0.72549,0,0.60784,-0.07843,0.62745,-0.11765,0.68627,-0.11765,0.66667,-0.13725,0.64706,-0.09804,0.54902,-0.11765,0.54902,-0.21569,0.58824,-0.19608,0.66667,-0.23529,0.45098,-0.25490,0.52409,-0.24668,0.56863,-0.31373,0.43137,-0.21569,0.47059,-0.27451,0
1,0,-0.65625,0.15625,0.06250,0,0,0.06250,0.62500,0.06250,0.18750,0,-0.03125,0.09375,0.06250,0,0.15625,-0.15625,0.43750,-0.37500,0,-0.09375,0,0,0.03125,-0.46875,0.03125,0,-0.71875,0.03125,-0.03125,0,0,0.09375,0
1,0,0.85271,0.05426,1,0.08069,1,1,0.91473,-0.00775,0.83721,0.03876,1,0.27153,1,1,0.81395,0.04651,0.90698,0.11628,1,0.50670,1,-1,0.80620,0.03876,1,0.71613,0.84496,0.06977,1,0.87317,1,1,0
1,0,-0.20500,0.28750,0.23000,0.10000,0.28250,0.31750,0.32250,0.35000,0.36285,-0.34617,0.09250,0.27500,-0.09500,0.21000,-0.08750,0.23500,-0.34187,0.31408,-0.48000,-0.08000,0.29908,0.33176,-0.58000,-0.24000,0.32190,-0.28475,-0.47000,0.18500,-0.27104,-0.31228,0.40445,0.03050,0
1,0,0.05866,-0.00838,0.06704,0.00838,0,-0.01117,0.00559,-0.03911,0.01676,-0.07542,-0.00559,0.05307,0.06425,-0.03352,0,0.09497,-0.06425,0.07542,-0.04749,0.02514,0.02793,-0.00559,0.00838,0.00559,0.10335,-0.00838,0.03073,-0.00279,0.04469,0,0.04749,-0.03352,0
1,0,1,-0.08183,1,-0.11326,0.99246,-0.29802,1,-0.33075,0.96662,-0.34281,0.85788,-0.47265,0.91904,-0.48170,0.73084,-0.65224,0.68131,-0.63544,0.82450,-0.78316,0.58829,-0.74785,0.67033,-0.96296,0.48757,-0.85669,0.37941,-0.83893,0.24117,-0.88846,0.29221,-0.89621,1
1,0,1,0.24077,0.99815,0.00369,0.80244,-0.30133,0.89919,-0.23486,0.70643,-0.24077,0.73855,-0.30539,0.71492,-0.36078,0.47194,-0.61189,0.40473,-0.55059,0.61041,-0.39328,0.53176,-0.32681,0.23966,-0.52142,0.29208,-0.48390,0.12777,-0.39143,0.15657,-0.51329,0.18353,-0.46603,1
1,0,0.92247,-0.19448,0.96419,-0.17674,0.87024,-0.22602,0.81702,-0.27070,0.79271,-0.28909,0.70302,-0.49639,0.63338,-0.49967,0.37254,-0.70729,0.27070,-0.72109,0.40506,-0.54172,0.33509,-0.59691,0.14750,-0.63601,0.09312,-0.59589,-0.07162,-0.54928,-0.01840,-0.54074,-0.07457,-0.47898,1
1,0,0.84177,0.43460,0.5,0.76160,0.09916,0.93460,-0.37764,0.88186,-0.72363,0.61181,-0.93882,0.19409,-0.86709,-0.25527,-0.62869,-0.65612,-0.25105,-0.85654,0.16245,-0.86498,0.51477,-0.66878,0.74895,-0.28903,0.77937,0.07933,0.64135,0.42827,0.31435,0.62447,-0.00422,0.69409,1
1,0,1,0.63548,1,1,0.77123,1,-0.33333,1,-1,1,0,1,-1,1,-1,0,-1,-0.66667,-1,-0.92536,-1,-0.33333,-0.33333,-1,0.19235,-1,1,-1,0,-1,1,-0.66667,1
1,0,1,0.06843,1,0.14211,1,0.22108,1,-0.12500,1,0.39495,1,0.48981,1,0.58986,-0.37500,1,1,0,1,0.92001,1,1,1,1,1,1,1,0.25000,1,1,1,1,1
1,0,0.64947,-0.07896,0.58264,-0.14380,-0.13129,-0.21384,0.29796,0.04403,0.38096,-0.26339,0.28931,-0.31997,0.03459,-0.18947,0.20269,-0.29441,0.15196,-0.29052,0.09513,-0.31525,0.06556,-0.26795,0.03004,-0.25124,-0.00046,-0.23210,-0.02612,-0.21129,-0.04717,-0.18950,0.01336,-0.27201,1
1,0,1,0.05149,0.99363,0.10123,0.96142,0.14756,0.95513,-0.26496,0.66026,0.54701,0.80426,0.25283,0.73781,0.27380,0.66775,0.28714,0.59615,0.29304,0.52494,0.29200,0.45582,0.28476,0.39023,0.27226,0.32930,0.25553,0.27381,0.23568,0.22427,0.21378,0.18086,0.19083,1
1,0,0.93669,-0.00190,0.60761,0.43204,0.92314,-0.40129,0.93123,0.16828,0.96197,0.09061,0.99676,0.08172,0.91586,0.05097,0.84628,-0.25324,0.87379,-0.14482,0.84871,0.26133,0.75081,-0.03641,0.84547,-0.02589,0.87293,-0.02302,0.98544,0.09385,0.78317,-0.10194,0.85841,-0.14725,1
1,0,1,0.23058,1,-0.78509,1,-0.10401,1,0.15414,1,0.27820,0.98120,-0.06861,1,0.06610,0.95802,-0.18954,0.83584,-0.15633,0.97400,0.03728,0.99624,0.09242,1,-0.01253,0.96238,-0.04597,0.91165,0.03885,1,-0.13722,0.96523,-0.11717,1
1,0,0.79847,0.38265,0.80804,-0.16964,1,-0.07653,0.98151,-0.07398,0.70217,0.20663,0.99745,0.02105,0.98214,0.02487,1,-0.13074,0.95663,0.07717,1,0.00191,0.90306,0.30804,1,-0.14541,1,-0.00394,0.75638,0.07908,1,-0.18750,1,-0.05740,1
1,0,1,-0.28428,1,-0.25346,0.94623,-0.35094,1,-0.30566,0.92736,-0.49057,0.90818,-0.44119,0.75723,-0.58899,0.69748,-0.58019,0.59623,-0.57579,0.68459,-0.70975,0.54465,-0.87327,0.49214,-0.73333,0.35504,-0.76054,0.26352,-0.78239,0.16604,-0.73145,0.13994,-0.70000,1
1,0,1,0.09091,0.95455,-0.09091,0.77273,0,1,0,0.95455,0,1,0.04545,0.90909,-0.04545,1,0,1,0,0.86364,0.09091,0.77273,0.09091,0.90909,0.04545,0.91541,0.02897,0.95455,0.09091,0.86364,-0.09091,0.86364,0.04545,1
1,0,0.91176,-0.08824,0.97059,0.17647,0.82353,0.08824,0.91176,-0.02941,0.97059,-0.17647,0.97059,0.14706,0.94118,0.02941,1,0,1,0,0.76471,0.11765,0.88235,0.02941,0.85294,0.02941,0.92663,0.02600,0.94118,-0.11765,0.97059,0.05882,0.91176,0.05882,1
1,0,0.47368,-0.10526,0.83781,0.01756,0.83155,0.02615,0.68421,-0.05263,0.68421,0,0.79856,0.05028,0.78315,0.05756,0.84211,0.47368,1,0.05263,0.72550,0.07631,0.70301,0.08141,0.42105,0.21053,0.65419,0.08968,0.52632,-0.21053,0.60150,0.09534,0.57418,0.09719,1
1,0,1,0.45455,1,0.54545,0.81818,0.63636,1,-0.09091,1,0,0.81818,-0.45455,0.63636,0.27273,1,-0.63636,1,-0.27273,0.90909,-0.45455,1,0.07750,1,-0.09091,1,0.08867,1,0.36364,1,0.63636,0.72727,0.27273,1
1,0,0.45455,0.09091,0.63636,0.09091,0.27273,0.18182,0.63636,0,0.36364,-0.09091,0.45455,-0.09091,0.48612,-0.01343,0.63636,-0.18182,0.45455,0,0.36364,-0.09091,0.27273,0.18182,0.36364,-0.09091,0.34442,-0.01768,0.27273,0,0.36364,0,0.28985,-0.01832,1
1,0,1,0.14286,1,0.71429,1,0.71429,1,-0.14286,0.85714,-0.14286,1,0.02534,1,0,0.42857,-0.14286,1,0.03617,1,-0.28571,1,0,0.28571,-0.28571,1,0.04891,1,0.05182,1,0.57143,1,0,1
1,0,0.87032,0.46972,0.53945,0.82161,0.10380,0.95275,-0.38033,0.87916,-0.73939,0.58226,-0.92099,0.16731,-0.82417,-0.24942,-0.59383,-0.63342,-0.24012,-0.82881,0.18823,-0.78699,0.51557,-0.57430,0.69274,-0.24843,0.69097,0.10484,0.52798,0.39762,0.25974,0.56573,-0.06739,0.57552,1
1,0,0.92657,0.04174,0.89266,0.15766,0.86098,0.19791,0.83675,0.36526,0.80619,0.40198,0.76221,0.40552,0.66586,0.48360,0.60101,0.51752,0.53392,0.52180,0.48435,0.54212,0.42546,0.55684,0.33340,0.55274,0.26978,0.54214,0.22307,0.53448,0.14312,0.49124,0.11573,0.46571,1
1,0,0.93537,0.13645,0.93716,0.25359,0.85705,0.38779,0.79039,0.47127,0.72352,0.59942,0.65260,0.75000,0.50830,0.73586,0.41629,0.82742,0.25539,0.85952,0.13712,0.85615,0.00494,0.88869,-0.07361,0.79780,-0.20995,0.78004,-0.33169,0.71454,-0.38532,0.64363,-0.47419,0.55835,1
1,0,0.80627,0.13069,0.73061,0.24323,0.64615,0.19038,0.36923,0.45577,0.44793,0.46439,0.25000,0.57308,0.25192,0.37115,0.15215,0.51877,-0.09808,0.57500,-0.03462,0.42885,-0.08856,0.44424,-0.14943,0.40006,-0.19940,0.34976,-0.23832,0.29541,-0.26634,0.23896,-0.23846,0.31154,1
1,0,0.97467,0.13082,0.94120,0.20036,0.88783,0.32248,0.89009,0.32711,0.85550,0.45217,0.72298,0.52284,0.69946,0.58820,0.58548,0.66893,0.48869,0.70398,0.44245,0.68159,0.35289,0.75622,0.26832,0.76210,0.16813,0.78541,0.07497,0.80439,-0.02962,0.77702,-0.10289,0.74242,1
1,0,0.92308,0.15451,0.86399,0.29757,0.72582,0.36790,0.70588,0.56830,0.57449,0.62719,0.43270,0.74676,0.31705,0.67697,0.19128,0.76818,0.04686,0.76171,-0.12064,0.76969,-0.18479,0.71327,-0.29291,0.65708,-0.38798,0.58553,-0.46799,0.50131,-0.53146,0.40732,-0.56231,0.35095,1
1,0,0.88804,0.38138,0.65926,0.69431,0.29148,0.87892,-0.06726,0.90135,-0.39597,0.80441,-0.64574,0.56502,-0.82960,0.26906,-0.78940,-0.08205,-0.62780,-0.30942,-0.46637,-0.55605,-0.16449,-0.64338,0.09562,-0.61055,0.30406,-0.48392,0.43227,-0.29838,0.47029,-0.09461,0.42152,0.12556,1
1,0,0.73523,-0.38293,0.80151,0.10278,0.78826,0.15266,0.55580,0.05252,1,0.21225,0.71947,0.28954,0.68798,0.32925,0.49672,0.17287,0.64333,-0.02845,0.57399,0.42528,0.53120,0.44872,0.94530,0.57549,0.44174,0.48200,0.12473,1,0.35070,0.49721,0.30588,0.49831,1
1,0,0.94649,0.00892,0.97287,-0.00260,0.98922,0.00372,0.95801,0.01598,0.94054,0.03530,0.97213,0.04719,0.98625,0.01858,0.94277,0.07135,0.98551,-0.00706,0.97770,0.04980,0.96358,0.07098,0.93274,0.08101,0.95243,0.04356,0.97473,0.00818,0.97845,0.07061,1,-0.00260,1
1,0,0.50466,-0.16900,0.71442,0.01513,0.71063,0.02258,0.68065,0.01282,0.34615,0.05594,0.69050,0.04393,0.68101,0.05058,0.67023,0.05692,0.63403,-0.04662,0.64503,0.06856,0.63077,0.07381,0.84033,0.18065,0.59935,0.08304,0.38228,0.06760,0.56466,0.09046,0.54632,0.09346,1
1,0,0.76296,-0.07778,1,-0.29630,1,-0.85741,0.80000,0.06111,0.45556,-0.42778,1,-0.12581,1,-0.83519,0.49259,0.01852,0.82222,-0.05926,0.98215,-0.19938,1,0.22037,0.69630,-0.26481,0.92148,-0.24549,0.78889,0.02037,0.87492,-0.27105,1,-0.57037,1
1,0,0.57540,-0.03175,0.75198,-0.05357,0.61508,-0.01190,0.53968,0.03373,0.61706,0.09921,0.59127,-0.02381,0.62698,0.01190,0.70833,0.02579,0.60317,0.01587,0.47817,-0.02778,0.59127,0.03770,0.5,0.03968,0.61291,-0.01237,0.61706,-0.13492,0.68849,-0.01389,0.62500,-0.03175,1
1,0,0.61857,0.10850,0.70694,-0.06935,0.70358,0.01678,0.74273,0.00224,0.71029,0.15772,0.71588,-0.00224,0.79754,0.06600,0.83669,-0.16555,0.68680,-0.09060,0.62528,-0.01342,0.60962,0.11745,0.71253,-0.09508,0.69845,-0.01673,0.63311,0.04810,0.78859,-0.05145,0.65213,-0.04698,1
1,0,0.88103,-0.00857,0.89818,-0.02465,0.94105,-0.01822,0.89175,-0.12755,0.82208,-0.10932,0.88853,0.01179,0.90782,-0.13719,0.87138,-0.06109,0.90782,-0.02358,0.87996,-0.14577,0.82851,-0.12433,0.90139,-0.19507,0.88245,-0.14903,0.84352,-0.12862,0.88424,-0.18542,0.91747,-0.16827,1
1,0,0.88853,0.01631,0.92007,0.01305,0.92442,0.01359,0.89179,-0.10223,0.90103,-0.08428,0.93040,-0.01033,0.93094,-0.08918,0.86025,-0.05057,0.89451,-0.04024,0.88418,-0.12126,0.88907,-0.11909,0.82980,-0.14138,0.86453,-0.11808,0.85536,-0.13051,0.83524,-0.12452,0.86786,-0.12235,1
1,0,0.81143,0.03714,0.85143,-0.00143,0.79000,0.00714,0.79571,-0.04286,0.87571,0,0.85571,-0.06714,0.86429,0.00286,0.82857,-0.05429,0.81000,-0.11857,0.76857,-0.08429,0.84286,-0.05000,0.77000,-0.06857,0.81598,-0.08669,0.82571,-0.10429,0.81429,-0.05000,0.82143,-0.15143,1
1,0,0.49870,0.01818,0.43117,-0.09610,0.50649,-0.04156,0.50130,0.09610,0.44675,0.05974,0.55844,-0.11948,0.51688,-0.03636,0.52727,-0.05974,0.55325,-0.01039,0.48571,-0.03377,0.49091,-0.01039,0.59221,0,0.53215,-0.03280,0.43117,0.03377,0.54545,-0.05455,0.58961,-0.08571,1
1,0,1,0.5,1,0.25000,0.25000,1,0.16851,0.91180,-0.13336,0.80454,-0.34107,0.60793,-0.43820,0.37856,-0.43663,0.16709,-0.36676,0.00678,-0.26477,-0.09025,-0.16178,-0.12964,-0.07782,-0.12744,-0.02089,-0.10242,0.01033,-0.07036,0.02224,-0.04142,0.02249,-0.02017,1
1,0,0.87048,0.38027,0.64099,0.69212,0.31347,0.86625,-0.03933,0.90740,-0.42173,0.79346,-0.70561,0.51560,-0.81049,0.22735,-0.81136,-0.12539,-0.67474,-0.38102,-0.38334,-0.62861,-0.13013,-0.70762,0.15552,-0.66421,0.38544,-0.51568,0.52573,-0.29897,0.56239,-0.05938,0.51460,0.16645,1
1,0,0.88179,0.43491,0.59573,0.77655,0.19672,0.94537,-0.24103,0.92544,-0.62526,0.71257,-0.86443,0.33652,-0.92384,-0.05338,-0.77356,-0.44707,-0.46950,-0.73285,-0.10237,-0.82217,0.26384,-0.77570,0.55984,-0.55910,0.72147,-0.24433,0.72478,0.09599,0.58137,0.38915,0.34749,0.57656,1
1,0,0.32834,0.02520,0.15236,0.21278,0.14919,0.74003,-0.25706,0.92324,-0.10312,0.19380,-0.61352,0.25786,-0.94053,-0.05409,-0.13117,-0.14329,-0.30315,-0.44615,-0.11409,-0.85597,0.02668,-0.22786,0.27942,-0.06295,0.33737,-0.11876,0.27657,-0.11409,0.15078,0.13296,0.12197,0.20468,1
1,0,0.83427,0.39121,0.54040,0.78579,0.12326,0.89402,-0.33221,0.83578,-0.70086,0.59564,-0.86622,0.21909,-0.84442,-0.24164,-0.59714,-0.61894,-0.19354,-0.87787,0.12439,-0.89064,0.51109,-0.72454,0.79143,-0.27734,0.83008,0.08718,0.66592,0.49079,0.37542,0.70011,-0.03983,0.79444,1
1,0,0.62335,-0.03490,0.59085,0.00481,0.60409,-0.07461,0.63177,0.00963,0.62455,-0.07461,0.67028,0.07220,0.62936,-0.08424,0.67509,0.09146,0.67148,0,0.58965,0.10108,0.50060,0.03129,0.65945,0.14079,0.60463,0.02019,0.51384,0.04452,0.61733,-0.00963,0.61372,-0.09146,1
1,0,0.74449,-0.02390,0.70772,0.03309,0.72243,0.16912,0.79228,0.07721,0.81434,0.43934,0.63787,0.00551,0.70772,0.21691,1,0.06066,0.61029,0.05147,0.67463,0.04228,0.52022,-0.25000,0.72978,-0.15809,0.61727,0.07124,0.30882,0.08640,0.55916,0.07458,0.60294,0.21691,1
1,0,0.61538,0.18923,0.78157,0.01780,0.77486,0.02647,0.65077,-0.10308,0.77538,0.08000,0.73961,0.05060,0.72322,0.05776,0.68615,-0.08923,0.61692,0.16308,0.66233,0.07573,0.63878,0.08041,0.60154,-0.07231,0.58803,0.08767,0.55077,0.25692,0.53389,0.09207,0.50609,0.09322,1
1,0,0.68317,0.05375,0.84803,0.00202,0.84341,0.00301,0.84300,0.09901,0.75813,0.04102,0.81892,0.00585,0.80738,0.00673,0.80622,-0.12447,0.77935,-0.03536,0.76365,0.00909,0.74635,0.00978,0.79632,-0.04243,0.70824,0.01096,0.62235,0.11598,0.66624,0.01190,0.64407,0.01227,1
1,0,0.5,0,0.38696,0.10435,0.49130,0.06522,0.46957,-0.03913,0.35652,-0.12609,0.45652,0.04783,0.50435,0.02609,0.35652,0.19565,0.42174,0.14783,0.42174,-0.02609,0.32174,-0.11304,0.47391,-0.00870,0.41789,0.06908,0.38696,0.03913,0.35217,0.14783,0.44783,0.17391,1
