148,9,2,4,12,0,1,15,10,0,0,0,2,41,0,0,15,0,0,3,4,8,0,0,0,1,0,0,0,10,2,4,1,1,0,0,0,0,0,4,6,0,0,12,6,0,2,0,1,0,6,0,10,0,1,1,1,1,10,objective
521,19,4,37,51,0,4,42,35,1,2,0,2,115,2,0,39,0,0,12,3,19,0,0,2,3,16,0,4,38,17,7,3,9,0,2,0,4,0,7,9,0,0,32,25,0,1,0,2,0,10,3,38,4,9,3,0,1,15,objective
2981,146,47,43,225,4,61,303,138,14,7,0,51,439,7,0,155,2,11,175,66,168,4,0,19,0,88,1,25,197,77,47,38,58,5,17,0,33,0,104,0,5,0,121,193,2,3,0,15,15,127,25,197,25,58,38,1,1,35,objective
157,5,0,22,5,0,0,15,12,0,0,0,1,33,2,0,11,0,0,3,3,2,0,0,2,1,4,0,0,13,4,0,1,3,0,1,0,0,0,3,3,0,0,9,10,0,0,0,0,0,6,0,13,0,3,1,1,1,13,objective
392,18,1,9,41,1,16,48,22,2,1,0,1,105,7,0,25,0,0,3,4,8,0,0,1,2,9,0,1,20,9,12,3,7,2,2,0,0,0,12,6,0,0,16,14,0,0,0,0,0,3,3,20,1,7,3,1,1,21,objective
333,27,4,10,27,1,11,38,24,0,4,0,10,79,1,0,9,0,0,10,6,10,0,0,1,0,14,0,0,2,6,4,8,6,1,2,0,2,0,6,2,0,0,15,12,0,0,0,3,0,6,4,2,0,6,8,1,1,25,objective
230,12,2,3,22,1,5,22,6,1,0,0,3,50,0,0,4,0,2,17,2,5,0,0,0,1,6,0,1,16,1,8,3,9,0,3,0,1,0,6,4,0,0,14,6,0,4,0,4,1,7,1,16,1,9,3,1,1,28,objective
115,5,4,0,9,0,2,14,5,0,0,0,0,42,2,0,5,0,0,1,2,2,0,0,1,0,5,0,1,5,4,2,0,2,0,1,0,1,0,0,1,0,0,4,5,0,1,0,0,0,3,0,5,1,2,0,1,1,19,objective
1200,61,17,26,109,0,23,114,66,2,3,0,7,251,0,0,54,1,9,64,21,39,2,0,9,0,35,0,3,54,28,19,24,39,6,7,0,10,0,36,0,1,0,49,52,0,3,0,18,3,49,7,54,3,39,24,1,1,37,objective
237,9,1,6,18,0,0,30,14,0,0,0,2,71,1,0,11,0,0,6,2,5,0,0,0,0,12,0,0,10,5,10,5,5,0,1,0,1,0,4,2,0,0,12,5,0,1,0,0,0,5,0,10,0,5,5,1,1,16,objective
545,28,5,14,48,0,11,38,21,1,2,0,7,88,3,0,19,1,1,43,7,31,0,0,3,0,14,0,3,21,15,8,24,15,0,4,0,3,0,21,1,0,0,31,28,0,1,0,19,2,18,3,21,3,15,24,1,1,18,objective
353,28,5,16,26,0,4,40,26,1,4,0,3,98,5,0,13,0,0,10,7,11,0,0,1,4,6,0,2,19,9,3,1,5,3,5,0,1,0,8,9,0,0,17,11,0,1,0,2,2,13,5,19,2,5,1,1,1,18,objective
1001,76,15,26,96,1,23,101,76,3,6,0,4,200,7,0,39,1,0,43,15,57,1,0,6,9,29,0,1,69,22,15,7,22,3,3,0,2,0,32,17,0,0,58,42,0,0,0,7,0,42,10,69,1,22,7,1,1,16,objective
457,22,7,6,54,3,8,53,32,2,1,0,10,88,1,0,12,0,0,25,3,23,0,0,2,0,8,0,0,20,7,4,9,14,1,4,0,6,0,13,2,1,0,19,15,0,1,0,9,1,8,3,20,0,14,9,1,1,41,objective
126,5,1,0,13,0,0,16,6,0,0,0,1,40,1,0,6,0,0,1,2,6,0,0,0,0,3,0,0,3,2,9,5,2,0,2,0,0,0,1,2,0,0,7,3,0,1,0,0,0,2,0,3,0,2,5,1,1,14,objective
565,16,12,8,45,2,24,59,21,0,1,0,5,107,1,0,20,0,0,45,9,28,3,0,2,0,25,0,7,17,15,7,11,26,0,6,0,5,0,16,0,0,0,36,28,0,1,0,6,7,31,4,17,7,26,11,1,1,15,objective
1376,106,29,67,150,5,18,188,100,4,1,0,27,252,5,0,78,0,0,31,19,79,3,0,8,0,40,0,9,14,25,39,35,25,6,0,0,1,0,47,0,1,0,46,16,0,6,0,9,5,30,8,14,9,25,35,1,1,28,objective
162,6,2,4,14,0,2,21,7,0,0,0,0,51,1,0,12,1,0,5,5,1,0,0,0,0,3,0,1,11,2,8,4,2,0,0,0,0,0,2,0,0,1,11,2,0,0,0,2,1,6,0,11,1,2,4,1,1,11,objective
209,14,3,1,16,0,8,18,18,0,2,0,1,70,2,0,11,1,0,4,3,2,0,0,2,2,6,0,1,8,3,2,1,3,0,0,0,0,0,10,2,0,0,7,7,0,1,0,1,0,5,2,8,1,3,1,1,1,23,objective
599,42,6,10,65,1,10,88,44,0,0,0,2,159,2,0,32,0,0,3,11,24,0,0,3,2,12,0,1,51,12,12,1,4,1,2,0,2,0,17,0,0,0,24,19,0,0,0,0,0,12,0,51,1,4,1,1,1,23,objective
109,6,1,0,11,0,2,13,8,0,0,0,1,36,0,0,3,0,0,3,3,3,0,0,1,0,4,0,0,2,2,1,3,3,0,0,0,0,0,3,2,0,0,5,1,0,1,0,0,0,5,0,2,0,3,3,1,1,15,objective
350,12,5,72,20,0,0,42,18,0,1,0,0,85,4,0,13,0,0,0,1,2,0,0,1,0,3,0,0,5,3,4,4,4,0,0,0,0,0,6,0,0,0,45,6,0,1,0,0,0,1,1,5,0,4,4,0,1,6,objective
241,16,3,14,15,0,0,27,18,2,2,0,0,66,0,0,17,1,0,8,7,3,0,0,2,0,5,0,1,6,8,7,4,9,0,1,0,1,0,7,7,0,0,15,4,0,1,0,0,0,12,4,6,1,9,4,1,1,13,objective
667,35,8,21,57,0,8,60,62,2,1,0,4,150,4,0,31,0,0,27,18,18,0,0,4,10,28,0,3,49,12,8,4,10,2,3,0,2,0,21,18,0,0,40,21,0,3,0,0,1,39,3,49,3,10,4,1,1,15,objective
233,14,3,6,15,1,6,13,13,0,0,0,2,38,0,0,13,0,1,16,4,15,1,0,1,0,8,0,1,4,3,2,11,10,1,0,0,3,0,11,0,0,0,13,9,0,4,0,6,2,6,1,4,1,10,11,1,1,29,objective
436,28,7,33,28,0,7,56,39,0,2,0,2,113,12,0,15,0,0,9,8,14,0,0,1,3,9,0,1,14,8,6,2,16,0,2,0,0,0,7,7,0,0,11,10,0,12,0,1,0,13,2,14,1,16,2,1,1,33,objective
510,14,5,16,50,0,14,49,38,0,0,0,7,140,3,0,25,0,9,4,2,9,0,1,3,0,13,0,1,11,10,4,8,8,2,3,0,0,0,16,0,0,0,18,29,0,1,0,4,0,1,1,11,1,8,8,1,1,30,objective
207,19,9,2,19,0,7,24,11,0,0,0,5,46,0,0,1,0,1,13,4,10,0,0,0,0,9,0,1,1,7,4,4,10,0,0,0,0,0,5,1,0,0,8,6,0,0,0,1,0,12,0,1,1,10,4,1,1,29,objective
162,6,3,25,11,0,0,13,6,1,0,0,0,34,1,0,22,0,0,1,0,4,0,0,0,0,2,0,1,11,2,1,2,0,1,1,0,0,0,8,0,0,0,7,8,0,2,0,0,0,1,1,11,1,0,2,1,1,16,objective
380,23,4,6,37,0,2,53,22,0,2,0,1,94,2,0,22,0,0,20,3,18,1,0,1,1,8,0,1,24,10,7,6,5,0,0,0,1,0,16,5,0,0,19,10,0,1,0,9,0,8,3,24,1,5,6,1,1,18,objective
491,24,4,8,53,0,10,68,32,1,1,0,1,121,0,0,25,0,0,8,4,20,0,0,6,0,20,0,1,39,5,15,4,0,4,3,0,1,0,15,0,0,0,14,9,0,0,0,0,1,9,2,39,1,0,4,1,1,30,objective
825,39,16,20,74,0,11,98,48,2,3,0,12,182,4,0,45,1,0,26,18,49,1,2,4,7,28,0,9,20,19,11,20,18,0,5,0,3,0,18,10,0,0,50,27,0,2,0,1,6,20,8,20,9,18,20,1,1,15,objective
223,13,4,6,21,0,5,24,18,0,1,0,2,74,1,0,14,0,5,4,3,2,0,0,0,0,2,0,0,7,4,5,2,7,1,0,0,1,0,6,1,0,0,14,3,0,0,0,0,0,5,1,7,0,7,2,1,1,15,objective
735,57,15,34,88,0,0,82,57,1,1,0,0,191,3,0,33,0,0,16,13,27,2,1,6,3,17,0,4,57,11,11,4,8,2,3,0,1,0,21,10,0,0,42,25,0,1,0,0,0,27,5,57,4,8,4,1,1,16,objective
993,55,29,26,88,0,16,108,64,4,4,0,15,236,11,0,61,0,0,35,14,41,2,1,3,12,28,0,5,52,14,13,10,26,6,4,0,6,0,20,21,0,0,58,32,1,0,0,6,1,23,11,52,5,26,10,1,1,17,objective
1634,87,34,31,164,0,34,180,130,3,7,0,15,344,2,0,60,1,4,63,18,73,2,1,6,2,32,0,14,45,44,11,37,53,6,12,0,10,0,58,8,1,0,91,90,0,0,0,10,15,25,13,45,14,53,37,1,1,22,objective
264,13,2,9,22,0,0,36,25,0,2,0,5,78,10,0,12,0,0,2,3,3,0,0,0,0,5,0,1,17,6,5,0,1,0,1,0,1,0,7,0,0,0,15,7,0,0,0,0,0,3,2,17,1,1,0,1,1,15,objective
344,17,5,9,32,1,5,35,30,0,0,0,2,96,5,0,30,0,0,2,6,10,1,0,2,3,10,0,1,14,5,6,2,6,0,1,0,0,0,11,5,0,0,18,13,0,0,0,2,0,6,1,14,1,6,2,1,1,16,objective
1015,55,33,23,102,1,14,89,70,3,3,0,12,188,2,0,53,2,7,51,11,59,2,0,11,0,18,0,6,69,26,12,17,16,0,8,0,9,0,22,1,1,0,70,56,0,2,0,3,4,41,8,69,6,16,17,1,1,15,objective
95,5,1,2,10,0,0,7,4,0,0,0,1,36,0,0,5,0,0,0,3,3,0,0,0,0,3,0,1,2,1,4,1,3,0,0,0,0,0,3,0,0,0,4,2,0,0,0,0,0,3,0,2,1,3,1,1,1,15,objective
834,52,16,33,83,1,4,89,60,4,0,0,10,147,5,0,57,0,5,30,8,35,0,0,5,0,24,0,3,28,20,19,15,25,1,6,1,4,0,23,0,0,0,33,36,0,1,0,4,2,21,4,28,3,25,15,1,1,36,objective
925,74,16,30,93,1,19,103,68,2,2,0,7,174,1,0,25,0,9,38,15,44,4,0,6,0,21,0,7,57,15,24,10,14,5,5,0,5,0,24,1,0,0,43,50,0,0,0,3,3,23,8,57,7,14,10,1,1,26,objective
366,20,7,15,30,0,2,49,34,0,0,0,0,96,4,0,26,0,0,3,7,11,0,0,3,1,9,0,3,24,6,3,4,2,2,3,1,1,0,9,3,0,0,14,13,0,0,0,1,0,8,0,24,3,2,4,1,1,22,objective
180,4,3,4,16,1,0,16,8,2,0,0,3,65,0,0,11,0,0,1,0,5,1,0,0,3,4,0,1,8,3,2,3,3,2,0,0,0,0,3,5,0,1,12,4,0,3,0,0,0,1,3,8,1,3,3,1,1,12,objective
1009,37,16,19,107,0,10,98,61,2,2,0,17,213,2,0,81,0,5,29,17,22,1,1,3,4,41,0,5,54,12,33,8,17,9,2,0,1,0,31,7,0,0,40,40,0,0,0,5,0,32,6,54,5,17,8,1,1,25,objective
369,12,3,17,35,0,5,46,24,1,0,0,7,94,0,0,18,0,4,9,5,5,0,2,1,0,7,0,0,9,8,6,3,2,0,0,0,2,0,13,0,0,0,19,20,0,1,0,2,0,12,3,9,0,2,3,1,1,19,objective
241,10,7,2,16,1,5,26,17,0,2,0,0,48,1,0,10,0,3,13,4,10,0,0,2,0,6,0,1,8,6,6,12,6,0,1,0,0,0,10,2,0,0,10,12,1,0,0,4,1,10,2,8,1,6,12,1,1,34,objective
707,41,12,35,63,2,6,71,45,2,2,0,2,150,4,0,35,0,0,17,11,34,0,0,6,6,21,0,1,43,16,15,17,14,6,2,0,2,0,21,11,1,0,39,27,0,2,0,1,2,21,4,43,1,14,17,0,1,16,objective
805,31,17,13,67,1,5,85,47,3,3,0,9,198,4,0,56,0,0,35,16,30,1,0,2,6,17,0,1,62,9,29,8,17,4,1,0,3,0,23,19,0,0,48,26,0,0,0,3,0,32,7,62,1,17,8,1,1,15,objective
747,53,11,16,94,0,4,102,38,2,0,0,2,198,1,0,33,0,0,7,6,39,0,0,14,0,17,0,4,62,10,18,2,0,3,3,0,5,0,20,0,0,0,28,32,0,0,0,0,0,9,2,62,4,0,2,1,1,24,objective
155,3,2,2,17,0,0,19,7,1,0,0,0,47,3,0,9,0,0,7,0,7,0,0,0,2,2,0,2,5,1,1,3,7,1,1,0,0,0,4,6,0,0,9,5,0,0,0,0,1,5,1,5,2,7,3,1,1,14,objective
1040,57,24,32,97,1,17,121,53,1,4,0,6,243,9,0,48,0,0,37,33,41,1,0,5,13,31,0,5,68,20,19,10,17,3,3,0,6,0,27,21,1,0,56,33,0,0,0,5,1,44,6,68,5,17,10,1,1,16,objective
67,0,0,0,7,0,0,11,2,0,0,0,0,32,2,0,0,0,0,0,0,1,0,0,0,0,1,0,0,0,0,3,0,5,1,0,0,0,0,0,0,0,0,2,1,0,0,0,0,0,0,0,0,0,5,0,1,1,16,objective
216,5,3,4,16,0,2,28,18,0,1,0,0,51,0,0,25,0,1,0,3,5,0,1,0,0,8,0,0,4,5,13,3,3,0,2,0,0,0,10,0,0,0,7,6,0,0,0,0,0,3,2,4,0,3,3,1,1,24,objective
171,7,2,9,14,0,5,24,5,0,0,0,3,52,2,0,11,0,0,3,4,5,0,0,0,0,1,0,0,4,4,5,2,3,2,0,0,0,0,3,1,0,0,6,6,0,1,0,0,0,7,0,4,0,3,2,1,1,21,objective
335,13,5,10,28,0,3,32,11,1,0,0,3,85,2,0,18,0,0,19,4,16,0,0,4,3,11,0,3,23,11,7,3,3,0,3,0,3,0,8,10,0,0,20,7,0,1,0,4,1,10,1,23,3,3,3,1,1,15,objective
150,13,1,23,11,0,5,14,15,0,0,0,0,30,0,0,7,0,0,2,1,2,1,0,0,0,2,0,1,13,3,1,0,4,0,0,0,0,0,2,0,0,0,9,5,0,3,0,0,0,2,1,13,1,4,0,1,1,13,objective
665,32,20,22,55,2,24,67,51,2,1,0,2,112,5,0,25,1,0,45,10,26,1,1,3,1,20,0,10,43,15,15,7,18,0,6,0,3,0,21,0,0,0,36,35,0,1,0,9,5,24,5,43,10,18,7,1,1,17,objective
530,36,13,12,55,0,3,76,37,1,2,0,5,142,2,0,23,0,0,16,16,17,0,0,1,2,12,0,0,19,11,11,2,9,0,3,0,2,0,15,4,0,0,14,16,0,0,0,0,0,25,3,19,0,9,2,1,1,33,objective
522,39,7,15,61,0,0,71,41,1,4,0,4,135,2,0,27,0,0,7,8,21,0,0,1,1,14,0,1,40,13,9,3,4,0,2,0,2,0,10,3,0,0,23,13,0,1,0,0,0,15,5,40,1,4,3,1,1,20,objective
1187,72,28,93,137,0,30,159,80,0,2,0,19,270,8,0,100,0,0,2,9,17,2,2,4,0,31,0,5,16,15,8,13,9,0,0,0,4,0,18,0,0,0,68,36,0,0,0,0,0,6,6,16,5,9,13,1,1,23,objective
386,22,3,5,32,0,5,43,36,0,0,0,2,104,3,0,20,0,0,6,7,17,1,1,5,0,13,0,2,4,8,9,7,17,1,1,0,0,0,10,2,0,0,13,11,0,2,0,0,0,7,2,4,2,17,7,1,1,24,objective
413,19,5,15,43,0,4,51,35,1,1,0,4,100,3,0,25,1,0,8,2,11,0,0,3,5,8,0,1,24,10,4,3,6,0,1,0,2,0,11,5,1,0,24,18,0,0,0,0,0,7,2,24,1,6,3,1,1,15,objective
828,46,10,54,76,0,13,105,81,2,3,0,1,170,5,0,61,0,0,11,9,27,1,0,0,5,8,0,2,63,16,10,9,13,5,10,1,3,0,21,9,0,0,33,33,0,3,0,1,0,12,6,63,2,13,9,1,1,19,objective
1693,85,41,46,174,4,32,195,99,11,4,0,28,298,3,0,64,2,8,91,21,80,2,1,3,0,49,0,16,61,19,30,32,57,6,6,1,14,0,55,1,5,0,50,48,0,1,0,19,18,40,18,61,16,57,32,1,1,26,objective
844,40,12,33,63,0,24,72,64,2,5,0,1,246,0,0,63,0,8,9,8,20,0,2,2,1,7,0,5,12,13,10,7,19,5,4,0,2,0,29,1,0,0,24,69,12,2,0,2,3,8,9,12,5,19,7,1,1,36,objective
634,46,10,38,56,0,4,65,41,2,1,0,3,122,12,0,42,0,0,28,8,24,1,0,4,5,15,0,4,53,7,4,11,6,1,2,1,4,0,24,9,1,0,37,24,0,2,0,4,1,25,4,53,4,6,11,1,1,15,objective
270,12,8,6,29,0,2,35,24,1,0,0,3,66,3,0,8,0,0,13,2,8,0,0,0,0,8,0,0,8,1,1,8,11,0,1,0,1,0,6,0,0,0,11,13,0,1,0,5,1,2,1,8,0,11,8,1,1,20,objective
781,45,12,6,67,0,13,77,47,2,1,0,5,178,8,0,36,1,0,43,10,33,1,1,2,8,19,1,3,48,13,19,14,23,3,5,0,7,0,28,20,1,0,41,32,0,4,0,3,6,32,5,48,3,23,14,1,1,17,objective
545,23,4,44,51,0,0,69,39,1,1,0,1,125,3,0,31,0,0,9,8,17,1,0,4,4,8,0,0,47,15,6,6,7,4,4,0,2,0,12,5,0,0,29,14,0,3,0,3,2,10,3,47,0,7,6,1,1,17,objective
486,19,9,7,50,0,2,60,29,3,1,0,0,140,3,0,34,0,0,7,6,16,0,0,1,3,10,0,4,13,11,10,5,10,0,2,0,0,0,20,4,0,0,24,32,0,1,0,6,0,5,4,13,4,10,5,1,1,18,objective
880,53,19,55,79,0,11,104,69,2,2,0,5,177,7,0,66,0,0,18,24,40,1,0,6,6,15,0,4,47,22,11,11,12,2,5,2,1,0,25,8,0,0,45,31,0,3,0,13,0,21,5,47,4,12,11,0,1,19,objective
911,52,32,16,78,2,22,80,73,3,1,0,6,168,2,0,46,0,0,40,31,50,1,2,5,9,24,0,6,72,23,10,9,14,2,4,1,7,0,34,17,0,0,58,44,0,0,0,1,2,54,7,72,6,14,9,1,1,15,objective
615,30,11,20,66,0,15,55,34,1,1,0,1,136,2,0,29,1,3,27,4,14,0,1,1,0,19,0,2,41,8,6,14,10,2,4,0,0,0,17,0,0,0,28,42,0,3,0,5,4,10,3,41,2,10,14,1,1,29,objective
213,19,1,5,20,0,7,23,19,0,2,0,0,51,5,0,17,0,0,6,4,8,0,0,2,0,4,0,0,7,2,5,7,8,1,0,0,1,0,2,1,0,0,14,2,0,0,0,0,0,9,2,7,0,8,7,1,1,12,objective
325,13,4,2,30,0,4,43,24,1,1,0,1,88,1,0,15,0,0,12,6,10,0,1,2,2,4,0,0,25,4,5,3,4,2,3,0,1,0,6,7,1,0,16,19,0,0,0,0,0,14,3,25,0,4,3,1,1,17,objective
394,24,3,6,42,1,5,55,23,0,2,0,2,113,4,0,28,1,0,4,7,11,0,0,0,2,3,0,1,20,8,14,6,5,4,1,0,1,0,8,5,0,0,17,10,0,2,0,0,0,8,2,20,1,5,6,1,1,20,objective
294,16,1,6,30,0,7,31,11,1,1,0,3,80,2,0,20,0,0,2,2,7,1,0,2,0,7,0,1,21,1,15,3,2,3,0,0,3,0,12,0,1,1,13,11,0,0,0,0,0,4,3,21,1,2,3,1,1,17,objective
236,11,2,3,21,1,10,25,19,0,1,0,1,45,1,0,10,1,1,8,2,11,0,0,1,0,8,0,1,5,4,2,8,7,0,1,0,0,0,10,0,0,0,11,17,0,0,0,0,2,6,1,5,1,7,8,1,1,23,objective
282,17,8,20,28,0,6,36,19,1,0,0,5,72,3,0,19,0,0,1,0,11,0,0,0,0,3,0,0,12,8,2,1,3,1,2,0,0,0,9,0,0,0,17,11,0,0,0,0,0,1,1,12,0,3,1,1,1,12,objective
485,11,5,17,39,0,11,46,14,0,2,0,5,102,2,0,30,0,0,23,5,20,0,1,4,11,7,0,3,48,11,10,9,5,1,6,0,1,0,13,14,0,0,43,23,0,0,0,1,0,16,3,48,3,5,9,1,1,10,objective
2243,104,59,32,169,6,54,234,119,2,4,0,20,377,10,0,88,1,9,96,54,106,1,2,11,3,65,0,12,150,54,48,37,35,15,14,0,6,0,81,6,0,0,69,142,1,1,0,18,7,81,9,150,12,35,37,1,1,49,objective
465,27,1,46,39,0,72,48,39,0,2,0,0,93,2,0,31,0,0,3,7,8,0,0,2,0,11,0,0,20,8,5,2,2,0,0,1,0,0,6,0,0,0,25,12,0,1,0,0,0,8,2,20,0,2,2,1,1,17,objective
231,7,5,7,11,0,9,32,10,0,0,0,6,65,7,0,15,0,0,3,6,9,1,1,1,1,0,0,3,7,5,7,3,3,0,1,0,1,0,7,4,0,0,12,6,0,0,0,0,0,7,2,7,3,3,3,1,1,16,objective
191,8,5,6,21,0,2,15,14,0,0,0,2,61,0,0,14,0,0,4,4,2,0,0,0,2,7,0,1,8,1,1,3,4,0,1,0,0,0,10,4,0,0,11,5,0,0,0,4,0,3,0,8,1,4,3,1,1,14,objective
186,9,2,28,15,0,0,19,13,0,0,0,0,39,1,0,12,0,0,0,2,4,0,0,1,0,3,0,0,10,4,2,2,2,0,1,0,0,0,5,0,0,0,8,9,0,1,0,0,0,0,0,10,0,2,2,1,1,16,objective
527,25,4,32,45,0,6,46,33,1,0,0,3,134,1,0,40,0,0,23,5,21,2,0,1,11,6,0,2,33,11,8,9,10,0,2,0,4,0,9,12,0,0,44,17,0,3,0,13,1,11,3,33,2,10,9,1,1,12,objective
677,26,9,16,88,1,0,78,31,1,2,0,6,145,5,0,34,0,4,23,10,19,1,1,2,1,27,1,4,38,16,21,4,11,8,2,0,2,0,17,2,0,0,25,23,0,1,0,8,2,13,5,38,4,11,4,0,1,29,objective
190,11,6,10,21,0,0,20,10,0,0,0,0,53,1,0,16,0,0,6,1,5,0,0,0,2,4,0,1,14,3,3,1,3,0,1,0,1,0,5,4,0,0,10,6,0,0,0,0,0,4,0,14,1,3,1,1,1,15,objective
504,27,9,41,43,0,6,55,33,2,2,0,3,109,4,0,45,0,0,6,9,18,1,0,1,4,11,0,2,24,8,9,13,3,3,1,0,2,0,15,4,0,0,24,17,0,0,0,3,0,10,5,24,2,3,13,1,1,18,objective
641,25,6,8,42,2,12,61,40,2,2,0,5,151,3,0,32,2,0,35,11,29,2,0,0,17,16,0,2,37,10,17,19,8,4,1,0,4,0,14,26,0,0,46,33,0,0,0,6,1,25,6,37,2,8,19,1,1,13,objective
374,21,3,3,45,0,2,49,24,0,0,0,1,98,0,0,15,0,0,10,8,20,0,0,2,0,12,0,1,28,7,7,1,3,2,1,0,3,0,10,0,0,0,13,12,0,0,0,0,0,14,0,28,1,3,1,1,1,24,objective
429,24,16,21,46,1,11,45,17,2,0,0,5,84,0,0,40,1,0,10,7,21,0,0,6,3,9,0,4,20,9,8,9,5,1,2,0,1,0,11,8,0,0,22,15,0,0,0,3,4,4,2,20,4,5,9,1,1,17,objective
1026,68,30,30,99,0,5,111,52,5,2,0,16,227,0,0,68,1,0,41,9,33,5,0,2,9,30,0,8,50,19,22,21,22,6,10,0,3,0,27,15,2,0,54,51,0,0,0,3,18,21,12,50,8,22,21,1,1,17,objective
212,12,5,3,21,0,0,24,20,1,1,0,4,67,1,0,6,0,0,5,5,1,0,0,1,0,5,0,0,7,4,7,3,5,0,0,0,0,0,4,1,0,0,10,7,0,0,0,0,0,10,2,7,0,5,3,1,1,17,objective
847,41,10,15,92,1,4,66,47,5,3,0,15,158,8,0,59,0,4,41,9,29,0,0,1,0,27,0,9,26,13,16,28,17,6,3,0,5,0,19,0,1,0,44,40,0,0,0,21,2,17,8,26,9,17,28,1,1,35,objective
451,32,3,19,35,0,13,58,36,1,0,0,0,140,4,0,13,0,0,8,8,28,0,0,1,1,12,0,1,25,9,3,2,4,0,1,0,1,0,12,6,0,0,21,6,0,2,0,0,0,13,1,25,1,4,2,1,1,19,objective
1606,93,22,66,183,2,19,175,123,3,7,0,7,325,6,0,111,1,0,41,25,50,0,0,22,7,39,0,9,110,42,24,7,16,11,7,1,5,0,44,15,0,0,84,78,0,4,0,4,0,43,10,110,9,16,7,1,1,18,objective
151,5,0,9,15,0,0,17,5,0,0,0,0,49,2,0,7,0,0,2,1,3,0,0,1,0,6,0,0,6,3,4,0,6,0,3,0,0,0,3,0,0,0,6,7,0,0,0,0,0,3,0,6,0,6,0,1,1,18,objective
736,46,13,57,65,0,8,93,56,0,3,0,0,155,4,0,59,0,4,2,14,25,0,0,3,0,18,0,2,49,22,11,5,4,0,0,0,1,0,24,0,0,0,35,35,0,1,0,0,0,16,3,49,2,4,5,1,1,19,objective
882,55,17,32,100,3,20,89,60,0,1,0,2,168,11,0,59,1,10,31,6,31,1,1,2,0,12,0,9,31,12,13,25,26,4,4,0,4,0,21,0,0,0,41,43,0,3,0,10,4,18,3,31,9,26,25,1,1,33,objective
107,7,4,9,10,0,0,14,9,1,0,0,0,34,1,0,6,0,0,0,2,1,0,1,0,0,1,0,0,7,1,1,2,1,0,0,0,0,0,0,0,0,0,8,3,0,0,0,0,0,2,2,7,0,1,2,1,1,10,objective
447,25,11,8,31,0,5,42,26,2,3,0,6,87,1,0,26,2,0,26,11,21,0,0,0,7,14,0,2,22,6,11,10,12,2,0,0,3,0,18,9,0,0,25,22,0,0,0,5,1,17,5,22,2,12,10,1,1,16,objective
644,23,7,26,47,0,2,78,33,0,2,0,2,161,3,0,49,0,0,18,15,12,1,0,0,3,13,0,0,51,19,25,5,6,1,6,0,5,0,19,12,0,0,25,27,0,2,0,0,0,27,3,51,0,6,5,1,1,23,objective
426,23,14,20,33,0,4,50,32,4,0,0,5,115,3,0,54,0,1,1,0,1,0,0,3,0,7,0,3,2,8,2,11,6,1,0,0,2,0,20,0,0,1,13,24,2,1,0,0,0,1,4,2,3,6,11,1,1,25,objective
1445,108,22,68,156,1,10,186,129,2,1,0,2,323,7,0,109,0,0,37,21,50,0,1,12,12,30,0,8,92,37,20,9,14,8,4,0,2,0,31,15,0,0,83,30,0,2,0,9,0,33,4,92,8,14,9,1,1,17,objective
981,60,14,20,67,0,7,109,83,4,5,0,8,244,7,0,55,0,0,34,28,31,4,0,4,9,18,0,1,30,27,17,20,36,3,6,0,2,0,24,18,1,0,55,47,0,3,0,9,4,44,13,30,1,36,20,1,1,16,objective
442,26,5,28,44,0,17,46,36,0,0,0,2,103,1,0,23,1,0,12,5,10,0,0,1,3,14,0,1,32,6,5,5,4,2,3,0,1,0,10,5,0,0,19,15,0,1,0,1,0,13,0,32,1,4,5,1,1,21,objective
917,65,19,3,90,6,1,97,77,5,2,0,18,183,3,0,34,0,10,42,16,41,1,0,6,0,32,0,4,23,16,19,13,31,1,5,0,9,0,19,0,0,0,41,37,0,2,0,1,4,39,8,23,4,31,13,1,1,22,objective
828,46,15,25,80,1,7,88,55,1,1,0,4,157,0,0,46,0,0,45,14,41,2,2,5,4,24,0,5,53,20,14,11,16,8,6,0,1,0,26,8,5,1,36,38,0,1,0,4,2,29,6,53,5,16,11,1,1,18,objective
254,11,4,0,23,0,1,19,12,0,0,0,4,79,5,0,9,0,0,14,1,9,0,0,0,5,11,0,1,16,5,2,4,9,4,1,0,1,0,5,7,0,0,21,0,0,0,0,4,0,11,0,16,1,9,4,1,1,11,objective
1016,36,19,35,87,2,7,103,70,2,0,0,1,245,6,0,55,1,5,33,25,25,2,0,1,0,26,0,6,62,21,16,16,18,0,5,0,4,0,27,1,0,0,58,63,0,4,0,4,3,40,4,62,6,18,16,0,1,21,objective
958,71,21,33,116,0,5,98,85,4,0,0,6,201,1,0,31,0,7,27,12,40,1,1,9,0,25,0,4,65,11,10,3,14,8,2,0,6,0,32,0,1,0,44,47,1,3,0,1,0,26,6,65,4,14,3,1,1,21,objective
1282,71,19,107,111,0,14,157,113,2,9,0,1,296,2,0,81,0,0,22,21,33,2,1,4,3,13,0,1,83,31,16,14,13,2,2,0,10,0,18,13,0,0,58,51,1,1,0,2,0,36,14,83,1,13,14,1,1,18,objective
150,4,1,16,14,0,4,13,10,0,0,0,0,38,2,0,4,0,0,0,0,1,0,0,0,0,3,0,0,5,3,2,1,4,0,1,0,0,0,1,0,0,0,6,22,0,0,0,0,0,0,0,5,0,4,1,1,1,16,objective
265,7,4,7,21,0,2,34,20,1,0,0,8,58,2,0,26,0,0,2,3,6,0,0,1,0,8,0,2,2,5,11,6,4,3,0,0,0,0,5,0,1,0,12,9,0,2,0,1,1,1,1,2,2,4,6,1,1,17,objective
163,7,2,6,13,0,5,22,9,0,0,0,3,50,2,0,6,0,0,2,1,2,0,0,2,0,6,0,1,10,0,5,3,0,0,2,0,0,0,1,0,0,0,6,9,0,0,0,0,0,3,0,10,1,0,3,1,1,20,objective
2048,127,50,28,176,1,49,216,159,9,11,0,12,503,9,0,106,2,0,64,44,95,4,3,19,0,48,0,25,34,41,18,17,113,6,7,0,20,0,74,2,16,1,83,77,0,0,0,0,9,86,27,34,25,113,17,1,1,20,objective
491,30,10,4,52,0,20,55,39,0,3,0,4,107,2,0,32,0,0,1,8,22,0,0,7,0,15,0,2,30,14,13,5,1,0,2,0,2,0,14,0,0,0,18,20,0,0,0,0,0,9,3,30,2,1,5,1,1,24,objective
573,30,6,10,39,0,13,75,42,1,1,0,8,137,1,0,28,0,0,25,14,20,0,0,1,6,6,0,1,49,9,11,2,1,1,2,0,2,0,26,12,0,0,33,29,0,0,0,0,0,34,2,49,1,1,2,1,1,16,objective
230,11,1,6,24,0,2,29,8,0,0,0,2,60,0,0,11,0,1,8,9,11,0,0,2,1,5,0,0,10,5,7,3,3,1,2,0,0,0,1,4,0,0,11,7,0,3,0,0,0,14,0,10,0,3,3,1,1,17,objective
776,54,10,22,82,2,8,83,53,1,2,0,2,189,10,0,53,0,0,21,3,30,3,0,10,7,15,0,4,67,17,13,4,5,1,2,0,2,0,17,12,0,0,46,33,1,0,0,4,1,9,6,67,4,5,4,1,1,16,objective
571,38,29,7,51,0,10,43,49,3,5,0,6,127,0,0,37,1,0,24,21,35,0,0,7,0,21,0,8,25,5,5,13,6,1,1,0,1,0,22,0,2,10,60,6,0,1,0,13,2,16,8,25,8,6,13,1,1,8,objective
103,7,1,4,6,0,2,10,9,0,0,0,0,41,0,0,3,0,0,1,2,1,0,0,0,0,1,0,1,5,1,4,2,0,0,1,1,0,0,2,3,0,0,6,5,0,0,0,0,0,3,0,5,1,0,2,1,1,12,objective
174,5,3,4,14,0,4,23,5,0,0,0,2,42,1,0,5,1,0,12,6,1,0,0,1,0,5,0,1,6,4,1,5,7,0,0,0,0,0,5,2,0,0,13,3,0,2,0,2,0,11,0,6,1,7,5,1,1,15,objective
326,23,3,15,37,0,4,32,23,1,0,0,0,89,4,0,29,0,0,3,3,10,0,0,3,2,7,0,0,21,7,4,5,5,0,0,0,0,0,4,2,0,0,19,12,0,0,0,1,0,4,1,21,0,5,5,1,1,15,objective
111,5,1,18,9,0,2,12,4,0,0,0,0,21,3,0,15,0,0,0,2,1,0,0,0,0,1,0,0,7,1,1,0,0,0,0,0,0,0,5,0,0,0,5,5,0,0,0,0,0,2,0,7,0,0,0,1,1,15,objective
942,57,29,4,91,2,18,86,52,4,0,0,15,137,2,0,34,1,1,78,14,86,0,0,3,0,27,0,11,10,22,7,38,50,2,9,0,7,0,46,0,3,0,46,34,0,1,0,5,11,55,4,10,11,50,38,1,1,18,subjective
1489,68,32,36,145,2,35,148,102,5,11,0,11,289,11,0,56,2,4,63,38,61,3,0,8,0,41,0,15,50,17,27,35,45,9,9,0,12,0,36,1,3,3,40,54,0,4,0,20,9,47,19,50,15,45,35,1,1,26,subjective
1658,109,26,99,163,3,9,206,118,4,4,0,19,370,7,0,117,0,6,44,31,45,0,2,5,0,42,0,16,52,37,16,12,53,2,2,0,5,0,54,0,3,0,91,48,0,0,0,5,2,59,10,52,16,53,12,1,1,17,subjective
1566,112,34,80,159,1,24,178,145,4,6,0,8,346,7,0,143,1,0,20,14,46,5,2,3,0,23,0,3,58,37,38,23,39,6,7,1,7,0,38,1,1,0,76,29,0,15,0,0,0,28,17,58,3,39,23,1,1,20,subjective
1146,68,19,19,117,2,26,113,53,4,6,0,25,197,4,0,52,0,1,88,17,67,2,0,5,0,25,0,6,24,19,14,39,56,3,13,0,11,0,48,0,0,0,57,41,0,1,0,13,12,58,12,24,6,56,39,1,1,18,subjective
813,41,22,15,65,0,11,83,61,2,3,0,25,122,0,0,29,0,2,74,7,44,0,0,7,0,23,0,4,28,9,14,31,19,1,10,0,7,0,31,0,1,0,37,30,3,0,0,4,8,53,5,28,4,19,31,1,1,20,subjective
1162,72,22,50,137,3,14,129,85,7,1,0,14,194,2,0,76,1,6,38,12,59,1,0,4,1,18,1,6,14,11,18,48,25,11,5,0,5,0,45,0,5,0,50,63,3,3,0,3,7,29,9,14,6,25,48,1,1,19,subjective
186,8,5,21,16,0,8,22,7,0,0,0,2,47,0,0,12,0,0,3,1,7,0,0,2,0,3,0,0,3,2,2,2,8,0,1,0,0,0,7,0,0,0,10,4,0,1,0,0,0,2,0,3,0,8,2,1,1,8,subjective
595,25,10,15,49,0,22,62,30,4,0,0,9,125,1,0,25,1,0,28,6,35,1,0,1,0,15,0,10,35,9,11,13,14,1,4,0,2,0,20,1,1,4,33,21,0,2,0,0,2,23,5,35,10,14,13,1,1,14,subjective
952,55,19,13,96,1,15,126,79,3,0,0,9,186,0,0,51,0,3,20,19,55,4,1,3,0,30,0,6,24,22,31,12,23,7,1,1,7,0,26,0,0,6,21,40,0,1,0,8,3,15,8,24,6,23,12,1,1,32,subjective
819,46,17,9,95,0,16,70,55,3,3,0,8,182,0,0,25,0,5,35,9,43,2,0,3,0,14,2,8,59,7,17,12,11,1,2,0,4,0,31,0,3,0,48,45,2,1,0,15,6,11,8,59,8,11,12,1,1,19,subjective
1043,63,32,10,79,2,32,138,64,7,1,0,9,188,0,0,62,2,0,34,37,53,1,0,6,1,38,0,6,59,25,27,16,16,11,4,0,5,0,38,6,0,2,41,34,1,0,0,25,3,14,9,59,6,16,16,1,1,23,subjective
799,46,14,46,91,0,7,75,44,4,2,0,2,118,5,0,82,0,0,33,6,24,0,1,4,5,23,0,2,53,13,15,19,16,4,1,0,3,0,35,6,0,0,53,31,0,2,0,1,6,20,7,53,2,16,19,1,1,14,subjective
1875,123,56,18,201,5,28,217,169,5,2,5,16,408,8,0,105,2,0,32,26,97,1,1,9,0,53,0,15,32,34,41,27,37,5,12,0,3,0,66,3,6,0,66,102,2,2,0,7,2,33,9,32,15,37,27,1,1,25,subjective
937,54,11,23,115,4,10,86,69,2,2,0,18,176,4,0,62,2,7,28,7,46,0,0,2,1,23,2,14,12,20,14,24,22,3,2,1,7,0,21,0,7,0,51,47,0,3,0,3,2,24,4,12,14,22,24,1,1,15,subjective
748,40,12,11,90,3,7,89,58,1,1,0,6,123,1,0,46,0,1,41,4,44,1,0,4,0,23,0,9,23,12,9,19,21,5,3,0,8,0,32,0,0,0,29,21,0,1,0,5,8,21,3,23,9,21,19,1,1,24,subjective
812,32,13,7,90,2,13,86,52,2,5,0,9,140,8,0,51,0,4,40,11,53,2,0,4,0,21,0,3,40,12,8,18,13,3,2,0,10,0,29,0,0,0,36,42,0,1,0,1,17,19,9,40,3,13,18,1,1,21,subjective
837,66,30,18,64,3,9,81,57,1,0,0,7,158,12,0,33,1,0,35,9,70,0,1,4,2,21,0,5,35,21,9,18,28,3,11,0,14,0,30,5,8,0,45,39,0,0,0,1,1,35,2,35,5,28,18,1,1,14,subjective
1070,54,23,23,106,1,32,109,78,5,2,0,15,237,2,0,67,1,0,11,17,53,2,1,4,1,21,0,4,23,16,37,30,23,6,3,0,4,0,36,0,5,0,41,49,1,1,0,1,3,17,10,23,4,23,30,1,1,22,subjective
669,39,17,7,56,0,6,81,41,5,1,0,8,152,3,0,24,0,0,32,11,41,1,0,2,9,24,0,8,22,20,6,14,15,2,4,0,3,0,16,14,0,0,41,25,0,0,0,10,5,13,7,22,8,15,14,0,1,15,subjective
1025,54,12,5,128,4,2,120,69,26,3,0,29,172,0,0,76,3,7,26,4,41,10,0,9,0,38,0,11,22,17,19,16,17,5,5,0,5,0,38,0,2,0,29,26,0,0,0,1,0,21,39,22,11,17,16,1,1,31,subjective
2238,132,66,32,182,1,61,204,157,16,4,0,28,404,5,0,89,1,0,102,46,157,4,1,12,4,46,1,25,75,52,54,58,78,14,26,2,5,0,87,4,20,6,79,82,7,2,0,9,44,57,25,75,25,78,58,1,1,18,subjective
852,46,32,7,93,1,10,90,52,0,9,0,8,145,0,0,32,2,0,60,11,41,0,1,8,1,30,0,10,31,13,19,21,33,2,14,0,6,0,29,0,1,0,38,38,0,0,0,5,15,41,10,31,10,33,21,1,1,20,subjective
2442,132,36,69,244,3,34,263,148,10,9,0,22,504,7,0,120,2,0,91,52,125,3,7,8,11,55,1,13,97,28,37,30,83,7,13,3,15,0,79,13,5,0,119,145,9,5,0,1,9,102,29,97,13,83,30,1,1,19,subjective
489,15,13,27,38,0,16,54,44,1,0,0,1,131,4,0,26,0,0,8,6,11,0,1,3,3,10,0,1,21,8,16,1,10,3,3,0,0,0,9,7,0,0,24,17,0,0,0,0,0,8,2,21,1,10,1,1,1,19,subjective
551,35,9,12,64,0,4,61,35,2,0,0,10,127,3,0,27,2,0,17,11,33,0,1,0,0,13,0,1,7,7,7,10,21,3,2,0,1,0,16,0,0,0,23,40,0,1,0,0,1,13,3,7,1,21,10,1,1,22,subjective
312,10,5,1,35,0,5,33,16,5,1,0,5,69,0,0,24,0,2,11,5,13,0,0,0,0,5,0,1,9,5,5,13,4,0,2,0,2,0,10,1,0,0,14,14,0,0,0,11,0,3,6,9,1,4,13,1,1,24,subjective
1821,126,55,31,177,3,24,211,150,9,5,0,34,384,10,0,134,0,0,28,37,76,4,1,3,2,54,0,10,58,22,63,26,46,5,1,0,9,0,64,4,6,0,69,57,0,4,0,2,3,51,19,58,10,46,26,1,1,23,subjective
662,51,21,5,66,5,5,73,38,6,1,0,5,139,2,0,45,0,0,28,8,34,2,0,5,0,15,0,2,35,20,12,10,21,6,2,0,3,0,20,0,1,0,37,25,1,2,0,6,1,16,9,35,2,21,10,1,1,17,subjective
612,23,8,14,65,4,17,76,36,1,1,0,7,115,1,0,35,3,1,30,5,36,0,1,1,0,14,0,3,8,15,1,14,27,3,2,0,2,0,19,0,1,0,28,27,0,1,0,5,6,10,3,8,3,27,14,1,1,20,subjective
635,36,3,29,61,0,8,67,36,1,0,0,3,136,7,0,63,0,0,14,10,19,2,0,3,3,10,1,2,38,7,11,10,13,2,8,0,1,0,19,7,0,0,37,33,0,0,0,0,0,20,3,38,2,13,10,1,1,15,subjective
874,50,28,7,70,0,23,75,60,3,1,0,10,130,0,0,59,1,4,62,17,51,6,1,2,0,21,0,13,10,20,27,50,30,3,9,0,6,0,34,0,6,0,51,27,0,0,0,18,11,39,11,10,13,30,50,1,1,14,subjective
914,66,14,34,117,0,8,100,53,6,8,0,5,191,1,0,49,0,0,40,14,43,4,0,7,2,12,0,3,51,16,15,27,12,8,3,0,3,0,28,3,0,0,55,33,2,0,0,0,2,40,18,51,3,12,27,1,1,16,subjective
660,35,23,9,48,0,17,71,32,1,7,0,4,117,1,0,44,0,0,47,24,30,0,2,1,3,14,0,5,48,10,11,6,20,1,1,0,7,0,25,3,0,4,41,28,0,1,0,12,4,44,10,48,5,20,6,0,1,14,subjective
1010,55,30,22,101,8,7,103,56,0,3,0,7,180,5,0,42,1,3,56,13,57,4,0,4,1,26,0,9,57,29,16,19,30,3,9,0,10,0,35,1,2,0,49,48,0,3,0,12,3,37,7,57,9,30,19,1,1,19,subjective
1220,78,21,33,122,2,1,129,66,3,10,0,26,229,6,0,73,0,4,60,25,82,1,1,4,0,22,0,16,22,22,24,20,31,5,7,1,5,0,48,0,7,0,56,65,0,0,0,15,1,46,15,22,16,31,20,1,1,18,subjective
1203,65,29,22,146,1,24,138,67,2,3,0,15,209,8,0,81,0,0,49,11,79,1,0,6,3,36,0,9,43,30,14,23,33,7,9,0,2,0,42,0,0,0,58,52,0,0,0,1,9,30,6,43,9,33,23,1,1,20,subjective
1521,74,36,16,139,5,37,186,90,1,4,0,16,310,2,0,62,0,0,77,30,95,4,0,6,11,44,0,7,94,18,49,16,23,5,8,0,13,0,33,22,2,0,98,62,1,3,0,2,5,58,9,94,7,23,16,1,1,14,subjective
1090,77,17,18,128,3,22,112,62,4,6,0,17,249,4,0,66,1,0,50,23,36,4,1,4,2,24,0,7,28,14,18,16,46,5,5,1,8,0,35,6,0,1,60,32,0,2,0,6,17,34,15,28,7,46,16,1,1,17,subjective
496,24,6,26,30,1,7,49,21,3,0,0,9,110,3,0,22,0,0,21,11,23,1,0,1,7,19,1,4,17,7,9,6,19,1,6,0,3,0,14,10,0,0,31,20,0,0,0,2,2,18,4,17,4,19,6,1,1,14,subjective
2217,140,71,34,205,3,55,182,186,2,3,0,22,524,19,0,130,1,0,84,29,102,1,1,7,2,49,0,24,57,47,24,53,115,3,6,0,8,0,71,0,11,0,178,77,1,4,0,13,10,56,7,57,24,115,53,1,1,11,subjective
791,48,15,21,74,2,17,77,41,1,5,0,11,125,0,0,34,0,1,47,13,51,1,0,3,0,14,0,8,19,14,17,31,36,7,8,0,9,0,31,0,0,0,38,38,0,1,0,3,10,34,7,19,8,36,31,1,1,19,subjective
1047,75,37,14,103,1,7,129,79,0,2,0,13,220,5,0,65,1,0,32,21,36,1,0,1,5,21,0,7,20,23,24,17,38,6,4,0,5,0,36,8,7,0,50,55,0,3,0,11,5,24,3,20,7,38,17,1,1,17,subjective
636,24,18,10,59,1,28,70,40,3,2,0,8,115,3,0,48,0,0,26,8,28,0,2,6,4,6,0,5,44,11,13,2,6,2,7,1,3,0,21,10,0,0,38,30,0,1,0,5,1,17,7,44,5,6,2,0,1,15,subjective
471,30,6,12,40,0,7,45,34,3,2,0,5,87,4,0,22,0,0,22,12,26,0,1,0,5,14,0,6,15,14,6,12,10,3,4,0,7,0,11,7,1,0,25,20,0,0,0,3,4,22,6,15,6,10,12,1,1,16,subjective
1116,77,28,37,112,0,6,124,77,6,2,0,7,201,7,0,55,0,0,49,17,74,1,3,6,9,21,0,7,51,24,18,17,32,9,9,0,6,0,42,12,1,0,42,52,1,1,0,12,3,24,12,51,7,32,17,1,1,24,subjective
918,53,11,16,83,1,9,97,56,4,1,0,11,178,2,0,28,0,7,55,9,52,1,3,7,0,17,1,4,44,14,17,10,30,5,10,1,8,0,26,1,3,0,40,46,3,1,0,4,3,40,9,44,4,30,10,1,1,25,subjective
704,39,15,8,70,2,7,81,52,3,0,0,3,138,1,0,42,0,0,20,17,39,2,0,5,8,24,0,3,26,18,19,20,13,5,3,0,2,0,18,10,2,0,39,24,0,0,0,3,4,14,5,26,3,13,20,0,1,16,subjective
1141,68,27,41,100,1,33,136,68,5,4,0,18,242,15,0,44,0,0,43,17,34,1,1,11,0,23,0,5,41,31,31,13,48,4,6,0,6,0,23,0,1,1,18,56,0,4,0,3,2,40,11,41,5,48,13,1,1,25,subjective
810,31,19,13,67,0,29,85,38,2,0,0,6,112,2,0,24,1,6,55,12,48,2,0,0,1,22,0,7,51,25,13,15,22,3,4,0,2,0,21,0,1,0,32,40,1,0,0,11,5,28,4,51,7,22,15,0,1,73,subjective
505,21,9,19,53,0,9,53,36,1,1,0,7,119,5,0,23,0,0,15,5,13,1,1,2,0,10,0,3,29,12,4,2,12,2,1,0,4,0,17,0,0,0,26,28,0,0,0,1,2,8,4,29,3,12,2,1,1,18,subjective
1522,53,26,12,123,2,39,158,76,3,4,0,26,271,10,0,67,1,0,77,20,87,1,2,7,5,42,0,22,75,24,38,20,59,6,21,0,20,0,40,0,7,1,61,81,0,2,0,2,4,53,10,75,22,59,20,1,1,21,subjective
1055,44,9,23,77,0,28,110,68,1,3,0,17,317,2,0,44,0,0,16,12,20,1,0,7,0,56,0,5,10,24,38,27,36,0,3,1,2,0,24,0,0,0,31,24,0,1,0,0,1,20,5,10,5,36,27,1,1,19,subjective
717,33,12,47,71,1,7,83,51,4,5,0,6,161,0,0,34,0,7,18,6,32,2,0,3,0,15,0,5,21,12,6,5,17,4,3,0,2,0,13,0,3,0,36,30,0,3,0,0,1,15,11,21,5,17,5,1,1,19,subjective
814,45,30,10,85,3,5,86,56,3,3,0,14,123,1,0,54,0,4,45,6,57,2,0,6,1,24,0,9,45,14,9,14,12,3,4,0,7,0,34,0,1,0,32,33,0,0,0,10,18,12,8,45,9,12,14,1,1,23,subjective
781,57,14,19,73,1,26,76,77,3,2,0,7,139,1,0,55,2,0,21,3,47,2,0,3,0,21,0,2,12,14,8,29,21,6,7,0,8,0,22,0,0,0,34,36,4,11,0,1,5,12,7,12,2,21,29,1,1,22,subjective
359,33,12,10,37,1,6,44,37,1,1,0,7,72,0,0,35,0,0,13,8,7,0,0,4,1,2,0,1,5,5,6,16,9,0,0,0,0,0,8,0,1,0,20,10,0,4,0,3,0,16,2,5,1,9,16,1,1,16,subjective
903,48,31,6,96,0,16,97,85,6,2,0,13,168,1,0,37,2,0,38,10,66,2,0,4,0,19,0,2,38,27,21,16,19,9,2,0,8,0,19,2,1,0,46,41,1,1,0,9,1,20,10,38,2,19,16,1,1,18,subjective
552,30,11,24,58,0,5,71,27,6,3,0,17,126,0,0,38,0,2,13,10,22,0,0,5,1,9,0,4,16,6,6,5,12,2,3,0,3,0,10,3,4,1,23,16,0,4,0,0,0,12,9,16,4,12,5,1,1,18,subjective
1418,79,36,30,134,4,35,130,82,4,4,0,21,232,2,0,63,1,0,105,19,65,7,0,7,1,37,0,9,39,24,21,40,85,4,6,0,20,0,60,0,0,0,69,73,0,0,0,19,7,60,15,39,9,85,40,1,1,19,subjective
1396,90,45,37,129,3,53,140,101,2,3,0,15,320,4,0,77,1,18,40,18,59,6,0,6,0,27,0,10,63,29,14,20,26,5,6,1,7,0,50,0,6,0,84,45,0,6,0,9,3,31,11,63,10,26,20,1,1,15,subjective
908,61,30,4,83,5,26,95,55,5,6,0,11,162,1,0,46,0,0,34,15,65,1,0,4,0,24,0,6,24,29,27,38,30,1,9,0,4,0,24,0,4,2,46,34,0,3,0,10,14,15,12,24,6,30,38,1,1,16,subjective
666,21,16,15,72,0,9,69,34,5,2,0,17,127,5,0,42,1,0,32,4,34,2,0,2,2,20,0,3,31,14,11,10,7,2,4,0,8,0,17,6,1,0,27,27,0,1,0,1,0,21,9,31,3,7,10,1,1,23,subjective
4283,217,70,104,471,10,33,473,279,11,8,0,31,829,1,0,305,3,0,117,62,209,5,1,18,15,101,0,22,220,65,96,45,64,21,13,0,37,0,175,21,4,0,182,324,5,6,0,2,28,61,25,220,22,64,45,1,1,22,subjective
686,31,7,20,73,2,14,75,39,2,2,0,9,167,8,0,51,0,0,18,7,20,0,1,4,4,15,0,1,24,11,16,7,18,2,2,0,1,0,13,6,1,0,35,35,0,0,0,0,0,15,5,24,1,18,7,0,1,18,subjective
883,45,15,34,87,1,14,104,83,3,3,0,7,178,1,0,55,0,0,23,10,46,1,0,6,0,20,0,3,36,15,20,10,21,5,0,0,5,0,24,0,0,0,48,51,0,0,0,0,1,11,7,36,3,21,10,1,1,17,subjective
837,51,16,15,68,2,12,84,54,2,2,0,3,218,7,0,31,0,0,45,21,41,2,2,3,12,11,0,1,36,13,14,10,39,0,4,0,6,0,27,22,1,0,76,33,1,0,0,1,0,55,8,36,1,39,10,1,1,11,subjective
885,66,17,29,95,0,7,110,60,6,3,0,9,167,4,0,58,0,0,35,12,46,0,1,5,6,23,0,9,25,16,14,18,24,5,2,0,10,0,23,10,1,0,42,33,0,1,0,3,6,26,10,25,9,24,18,1,1,19,subjective
2176,146,42,96,227,5,49,232,176,7,5,0,38,512,12,0,142,0,0,12,14,57,1,6,10,0,51,0,11,40,50,29,39,73,7,1,0,3,0,72,0,5,0,109,78,0,5,0,0,0,19,19,40,11,73,39,0,1,17,subjective
1077,62,28,8,104,1,4,99,60,4,5,0,19,206,5,0,45,2,2,72,9,78,2,1,4,0,28,0,1,67,18,25,12,29,2,8,0,4,0,37,0,2,1,73,58,0,1,0,1,2,39,12,67,1,29,12,1,1,13,subjective
938,56,19,22,76,4,17,139,67,0,3,0,13,216,0,0,51,0,11,16,8,47,4,4,1,0,14,0,3,17,15,31,13,31,2,5,0,1,0,32,0,3,2,37,27,0,1,0,0,0,12,11,17,3,31,13,0,1,21,subjective
1038,64,33,17,105,1,21,95,94,7,1,0,12,205,4,0,99,1,0,30,11,36,1,2,5,0,23,0,14,24,19,26,32,41,2,4,0,9,0,31,0,8,1,59,30,0,0,0,6,7,19,11,24,14,41,32,1,1,15,subjective
466,26,8,12,33,0,7,55,48,0,0,0,3,134,1,0,31,0,0,6,15,18,1,1,1,1,10,0,0,24,7,9,1,6,2,5,1,3,0,9,17,0,0,27,12,0,0,0,1,1,18,2,24,0,6,1,1,1,16,subjective
