783,33,6,15,68,1,3,87,31,6,0,0,4,196,4,0,50,0,2,35,16,21,4,0,4,8,18,0,4,65,23,15,5,10,1,5,0,4,0,23,10,1,0,42,37,0,1,0,0,0,37,10,65,4,10,5,1,1,17,objective
100,2,2,1,6,1,6,9,5,1,0,0,0,38,0,0,1,0,0,1,0,2,0,0,0,1,3,0,0,2,3,5,2,3,0,1,0,0,0,1,5,0,0,9,6,0,0,0,1,0,0,1,2,0,3,2,1,1,9,objective
273,12,1,11,22,0,11,32,21,1,3,0,2,82,1,0,20,0,0,1,5,3,0,0,2,0,1,0,1,11,6,2,2,8,0,3,0,3,0,2,4,1,0,14,6,0,5,0,0,0,4,4,11,1,8,2,1,1,16,objective
258,7,8,0,28,0,4,32,17,0,1,0,3,72,1,0,5,0,0,7,5,11,1,0,1,1,6,0,1,4,4,13,6,7,0,0,0,1,0,5,2,0,0,13,7,0,1,0,3,0,5,2,4,1,7,6,1,1,23,objective
337,17,3,17,32,0,4,38,26,0,0,0,3,90,4,0,17,0,0,5,5,7,0,0,0,1,6,0,0,16,10,9,3,10,1,6,1,0,0,5,3,0,0,18,15,0,0,0,0,0,9,0,16,0,10,3,1,1,15,objective
221,8,1,31,13,0,0,19,15,0,0,0,2,55,1,0,16,0,0,3,1,4,0,0,0,1,1,0,1,7,1,7,1,9,0,1,0,0,0,9,2,0,0,11,16,0,0,0,1,0,3,0,7,1,9,1,1,1,17,objective
128,3,2,16,10,0,0,12,7,0,0,0,0,29,1,0,8,0,0,2,2,7,0,0,0,0,4,0,0,9,3,1,0,1,0,0,0,0,0,4,0,0,0,7,4,0,2,0,0,0,3,0,9,0,1,0,0,1,14,objective
771,40,8,62,80,1,9,83,44,1,1,0,0,159,5,0,59,0,0,23,10,18,0,0,2,9,24,0,1,55,9,15,12,13,5,3,0,0,0,17,12,0,0,57,25,0,4,0,6,1,16,2,55,1,13,12,1,1,15,objective
198,19,2,2,23,0,4,23,12,0,0,0,3,54,5,0,13,0,0,4,3,2,0,0,3,0,2,0,0,16,5,5,2,0,1,0,0,2,0,5,0,0,0,8,4,0,0,0,0,0,6,0,16,0,0,2,1,1,19,objective
1039,58,17,5,90,1,28,84,51,6,1,0,9,145,3,0,50,1,10,69,10,52,4,0,4,0,42,0,13,27,52,9,39,41,3,7,0,6,0,29,0,0,0,61,48,1,0,0,7,15,27,11,27,13,41,39,1,1,25,objective
1230,56,18,37,109,6,58,131,47,2,6,0,14,211,7,0,80,3,0,60,23,44,0,1,12,4,21,0,11,54,31,14,31,44,6,5,1,7,0,49,2,4,0,61,62,1,0,0,10,7,35,9,54,11,44,31,0,1,16,objective
877,59,16,35,104,0,9,106,67,4,1,0,9,181,4,0,61,1,0,24,14,29,2,1,6,7,24,0,3,42,16,17,7,10,2,1,0,0,0,25,13,0,0,41,33,0,2,0,1,5,24,8,42,3,10,7,1,1,20,objective
615,31,14,59,49,0,18,71,42,1,4,0,1,126,1,0,53,0,0,10,7,22,0,0,1,7,5,0,5,44,6,4,7,6,1,1,0,0,0,20,9,1,0,34,28,0,2,0,3,1,11,5,44,5,6,7,1,1,16,objective
159,6,1,28,9,0,0,22,6,0,0,0,0,37,2,0,10,0,0,1,1,2,0,0,0,0,2,0,0,11,1,1,1,2,1,0,0,0,0,3,0,0,0,7,7,0,4,0,0,0,0,0,11,0,2,1,1,1,17,objective
646,43,16,36,60,0,8,79,47,2,2,0,2,146,5,0,43,0,0,21,10,27,0,0,6,4,14,0,1,56,11,5,2,4,2,1,0,3,0,17,11,0,0,46,19,0,0,0,0,0,23,4,56,1,4,2,0,1,12,objective
599,33,7,14,53,0,10,72,49,4,0,0,3,161,3,0,33,0,0,6,9,23,1,0,6,0,18,0,2,30,7,10,9,8,1,3,0,4,0,19,0,2,2,20,20,0,0,0,1,2,7,5,30,2,8,9,1,1,23,objective
331,12,4,14,45,1,6,34,24,0,0,0,2,80,3,0,21,0,0,2,4,8,0,0,0,1,14,0,0,12,8,3,5,6,0,0,0,0,0,7,6,0,0,16,11,0,0,0,2,0,0,0,12,0,6,5,1,1,18,objective
171,4,5,8,12,0,2,20,11,0,0,0,0,42,2,0,10,0,0,3,4,6,0,1,1,2,6,0,0,13,6,1,1,1,1,0,0,1,0,3,5,0,0,9,6,0,2,0,0,0,7,1,13,0,1,1,1,1,15,objective
340,22,4,9,27,0,2,38,25,1,0,0,5,77,5,0,17,0,0,10,9,19,0,0,3,2,10,0,2,10,7,9,5,11,1,2,0,0,0,9,5,0,0,18,9,0,0,0,2,0,14,1,10,2,11,5,1,1,17,objective
1174,74,21,30,96,4,32,116,49,5,6,0,12,229,1,0,32,1,2,72,24,70,0,0,7,0,32,0,18,30,17,19,39,52,8,10,0,11,0,29,1,0,4,74,39,0,1,0,25,9,27,11,30,18,52,39,1,1,17,objective
740,39,18,24,76,0,1,95,63,1,0,0,3,175,5,0,33,0,0,26,13,29,0,1,4,8,14,0,4,26,24,9,19,17,0,1,0,5,0,22,8,0,0,38,31,0,0,0,9,0,23,2,26,4,17,19,1,1,18,objective
269,14,6,0,26,0,7,28,17,0,0,0,3,62,3,0,19,0,1,4,4,12,0,0,2,0,12,0,1,8,5,4,6,6,0,3,0,2,0,4,1,2,0,14,8,0,1,0,0,1,4,0,8,1,6,6,1,1,19,objective
124,2,4,2,12,0,0,15,4,0,0,0,2,39,2,0,7,0,0,2,2,4,0,0,0,0,2,0,0,6,2,8,2,4,0,0,0,0,0,4,3,0,0,7,2,0,0,0,0,0,3,0,6,0,4,2,1,1,13,objective
155,8,1,13,16,0,0,12,10,0,0,0,1,38,4,0,10,0,0,5,1,5,0,0,0,0,2,0,2,8,4,2,1,3,0,0,0,1,0,4,0,1,0,9,7,0,0,0,0,0,5,0,8,2,3,1,1,1,12,objective
651,52,10,14,58,0,0,62,40,7,0,0,10,136,1,0,46,0,0,19,6,46,2,0,0,5,13,0,4,23,19,12,14,15,3,7,0,1,0,22,7,3,0,40,34,0,1,0,0,4,14,9,23,4,15,14,1,1,14,objective
188,6,5,9,13,0,0,19,11,0,1,0,0,48,4,0,14,0,1,4,2,6,0,0,0,0,6,0,2,12,7,6,1,3,2,0,0,1,0,3,0,0,0,12,10,0,0,0,0,0,4,1,12,2,3,1,1,1,13,objective
784,52,13,15,56,0,11,79,60,4,0,0,4,143,3,0,47,0,0,50,20,47,3,0,4,9,18,0,7,48,18,13,12,22,0,5,0,3,0,23,18,1,0,45,38,0,1,0,2,4,58,7,48,7,22,12,1,1,16,objective
1351,101,24,46,135,1,7,160,104,2,3,0,7,223,16,0,75,0,13,56,13,84,5,0,5,1,35,0,7,42,27,36,38,26,6,7,0,3,0,39,0,0,0,48,69,0,0,0,26,2,23,10,42,7,26,38,1,1,33,objective
341,17,7,13,34,0,2,44,20,1,1,0,14,75,3,0,26,0,1,3,0,9,0,1,0,0,7,0,1,2,1,20,4,8,2,0,0,1,0,10,0,0,0,18,14,0,2,0,0,0,2,3,2,1,8,4,0,0,18,objective
547,18,9,20,53,0,4,52,36,1,1,0,5,142,0,0,35,0,0,19,12,16,0,0,1,4,6,0,1,27,9,13,2,16,2,5,0,4,0,15,14,0,0,29,31,0,0,0,2,0,24,2,27,1,16,2,0,1,17,objective
480,18,3,7,42,1,10,51,31,3,1,0,3,97,0,0,20,0,3,15,4,17,0,0,0,0,11,0,1,10,10,13,8,22,2,4,0,2,0,20,0,0,0,18,27,0,2,0,4,0,7,4,10,1,22,8,1,1,60,objective
86,6,0,4,10,0,2,14,7,0,0,0,0,30,1,0,3,0,0,2,2,0,0,0,0,1,1,0,0,4,0,2,0,0,0,0,0,0,0,2,2,0,0,3,1,0,0,0,0,0,4,0,4,0,0,0,1,1,17,objective
706,41,8,42,76,0,5,83,49,5,2,0,2,146,1,0,42,0,0,27,9,24,2,1,2,5,19,0,2,62,14,7,4,4,3,3,0,2,0,17,11,0,0,33,25,0,0,0,10,0,18,10,62,2,4,4,1,1,20,objective
433,19,6,10,27,0,7,47,36,0,1,0,1,127,4,0,28,1,1,11,4,11,0,0,1,1,10,0,0,25,9,9,5,8,1,2,0,1,0,14,2,1,0,26,18,0,0,0,0,0,13,1,25,0,8,5,1,1,15,objective
120,11,0,7,15,0,0,15,6,0,0,0,0,39,2,0,9,0,0,0,1,6,0,0,1,0,3,0,1,5,2,1,1,0,0,0,0,0,0,2,0,0,0,4,3,0,0,0,0,0,1,0,5,1,0,1,1,1,20,objective
441,12,5,13,42,1,0,48,20,0,0,0,3,124,2,0,35,0,0,3,0,17,1,0,2,0,12,0,4,21,5,21,6,9,3,0,0,3,0,8,4,0,1,20,23,0,0,0,0,0,0,1,21,4,9,6,0,1,19,objective
764,68,17,7,75,0,16,89,47,1,4,0,7,194,8,0,21,0,0,29,6,37,1,3,6,11,17,0,10,26,12,13,17,24,2,1,1,5,0,17,16,0,0,52,18,0,0,0,3,1,17,9,26,10,24,17,1,1,14,objective
75,5,0,1,0,0,0,10,3,0,1,0,1,26,0,0,4,0,0,1,2,1,0,0,0,0,2,0,0,5,3,7,0,1,0,0,0,0,0,2,0,0,0,3,2,0,0,0,0,0,3,1,5,0,1,0,1,1,15,objective
677,37,10,15,58,1,72,68,46,3,2,0,4,120,1,0,20,0,0,32,7,24,2,0,3,0,16,0,10,23,15,18,12,19,1,3,0,4,0,18,0,1,0,44,36,0,0,0,4,2,13,7,23,10,19,12,1,1,14,objective
496,16,25,21,32,0,0,53,41,2,1,0,1,134,3,0,33,0,0,19,5,24,2,0,0,10,9,0,3,30,5,4,10,1,1,1,0,1,0,18,13,0,0,29,19,0,0,0,3,6,10,5,30,3,1,10,0,1,16,objective
550,43,7,12,46,0,24,57,43,1,1,0,10,145,4,0,38,0,0,12,11,8,1,1,5,1,11,0,5,19,3,5,16,8,3,8,0,4,0,10,7,0,0,24,16,0,2,0,0,0,21,4,19,5,8,16,1,1,21,objective
138,3,1,20,14,0,4,15,10,0,0,0,0,32,2,0,14,0,0,0,0,3,0,1,0,0,1,0,0,4,2,2,2,3,0,0,0,0,0,3,0,0,0,7,6,0,0,0,0,0,0,1,4,0,3,2,1,1,13,objective
114,9,0,0,7,0,0,12,10,1,0,0,0,35,1,0,9,0,0,5,0,2,0,0,1,0,6,0,0,10,1,5,2,2,0,0,0,0,0,1,1,0,0,6,2,0,0,0,0,0,5,1,10,0,2,2,1,1,14,objective
964,30,9,25,74,2,38,113,94,1,3,0,6,228,2,0,62,1,0,10,8,34,3,4,4,0,11,0,4,3,28,15,27,21,2,2,0,4,0,31,1,0,0,34,48,0,1,0,1,0,14,11,3,4,21,27,1,1,26,objective
225,4,0,5,17,0,0,25,9,2,0,0,1,64,1,0,4,0,3,12,6,9,0,0,1,0,6,0,0,10,3,5,4,11,0,0,0,1,0,5,2,0,0,12,11,0,2,0,1,0,15,2,10,0,11,4,1,1,18,objective
230,11,9,5,19,1,2,24,14,1,0,0,1,57,0,0,11,0,0,7,6,12,0,0,3,1,8,0,0,18,4,10,0,4,0,1,0,2,0,6,3,0,0,10,6,0,1,0,0,0,9,1,18,0,4,0,1,1,19,objective
740,53,16,20,60,2,10,75,61,6,1,0,19,160,3,0,24,0,8,23,11,31,1,1,4,0,20,0,5,26,11,12,7,17,2,6,0,2,0,13,1,0,0,36,32,0,1,0,7,0,14,9,26,5,17,7,1,1,30,objective
93,5,1,3,8,0,1,9,6,0,0,0,0,29,2,0,3,0,0,3,0,1,0,0,1,0,2,0,0,4,2,3,1,2,0,0,0,1,0,3,1,0,0,5,5,0,1,0,0,0,1,0,4,0,2,1,1,1,15,objective
590,26,6,40,55,0,6,45,31,3,1,0,3,137,3,0,45,1,0,14,6,24,2,0,1,11,12,0,2,45,9,8,9,8,0,2,0,2,0,23,15,0,0,40,27,0,0,0,10,2,5,6,45,2,8,9,1,1,13,objective
353,7,4,27,23,0,6,36,39,1,2,0,0,88,3,0,37,0,0,3,5,2,3,0,1,0,8,0,1,26,4,4,1,2,1,1,0,1,0,10,0,0,0,23,14,2,0,0,0,0,8,6,26,1,2,1,1,1,14,objective
954,39,12,37,101,1,9,100,51,3,6,0,11,173,10,0,67,0,10,32,8,33,4,0,6,2,20,0,6,53,19,14,18,15,3,5,0,6,0,31,0,0,0,48,51,0,0,0,9,1,21,13,53,6,15,18,1,1,24,objective
2636,150,41,225,200,5,32,268,187,16,8,0,33,532,7,0,183,0,20,61,53,96,2,1,9,0,50,1,10,75,39,41,31,64,2,1,0,8,0,61,0,4,1,178,156,0,5,0,2,18,78,27,75,10,64,31,1,1,14,objective
697,33,11,53,65,0,5,84,40,3,0,0,2,154,5,0,48,0,0,14,6,28,1,0,1,8,14,0,3,61,12,6,5,8,5,4,0,3,0,17,11,0,0,37,23,0,2,0,7,1,6,4,61,3,8,5,1,1,17,objective
966,55,18,17,91,4,12,93,67,6,2,0,10,218,4,0,59,0,0,35,22,46,1,0,4,14,32,0,3,31,24,26,23,34,4,4,0,2,0,21,22,0,0,66,25,0,1,0,6,6,28,9,31,3,34,23,0,1,13,objective
575,27,11,11,48,0,9,66,43,3,0,0,6,121,1,0,25,0,7,36,4,22,0,1,3,1,7,0,0,20,14,12,22,14,2,4,0,1,0,18,12,0,0,29,15,0,7,0,13,2,16,4,20,0,14,22,1,1,28,objective
117,10,2,6,9,0,2,11,10,0,1,0,1,28,1,0,9,0,0,3,0,8,0,1,0,0,1,0,0,5,2,2,2,3,0,1,0,1,0,4,0,0,0,9,4,0,0,0,0,0,3,2,5,0,3,2,1,1,10,objective
292,15,5,12,28,0,7,28,24,0,0,0,1,81,6,0,20,1,0,6,2,7,0,0,0,3,6,0,0,17,3,1,1,7,0,1,0,0,0,6,4,0,0,15,15,0,0,0,1,1,3,0,17,0,7,1,1,1,17,objective
429,17,8,5,44,0,2,41,20,1,3,0,2,87,2,0,20,2,3,26,6,19,0,1,8,1,11,0,1,16,12,11,11,16,2,3,0,1,0,10,5,0,0,23,13,0,5,0,7,2,14,5,16,1,16,11,1,1,23,objective
650,26,15,18,61,1,6,65,42,1,2,0,8,128,7,0,43,0,0,25,16,31,0,0,5,4,15,0,4,37,15,16,9,12,4,5,0,1,0,21,5,1,0,30,29,0,0,0,2,2,27,3,37,4,12,9,1,1,19,objective
309,16,5,9,27,1,2,33,20,0,0,0,1,72,1,0,9,0,0,17,7,17,0,0,3,0,11,0,3,16,12,9,0,8,0,1,0,3,0,7,8,0,0,21,11,0,1,0,0,0,20,0,16,3,8,0,1,1,13,objective
236,18,2,3,19,0,7,27,11,0,0,0,1,60,2,0,11,0,0,14,2,8,0,0,1,3,7,0,1,23,7,6,0,4,1,1,0,1,0,5,6,0,0,17,3,0,0,0,2,0,10,0,23,1,4,0,1,1,12,objective
206,5,4,17,14,0,2,23,20,0,1,0,0,64,2,0,13,0,0,1,1,6,0,0,0,0,2,0,3,9,2,2,1,4,0,1,0,0,0,0,3,1,1,9,9,0,3,0,0,0,2,1,9,3,4,1,1,1,15,objective
304,16,3,10,25,0,8,32,24,0,0,0,2,75,4,0,18,0,3,6,5,13,0,0,1,0,11,0,1,10,7,4,6,9,0,0,0,1,0,9,0,0,0,16,5,0,0,0,1,0,9,0,10,1,9,6,1,1,20,objective
805,45,13,17,73,1,16,83,61,1,0,0,2,202,1,0,21,0,0,24,10,41,2,0,13,8,26,0,8,68,10,14,8,8,1,3,0,6,0,29,10,0,0,35,23,0,0,0,7,1,11,3,68,8,8,8,1,1,21,objective
1498,89,35,35,163,4,8,170,105,7,1,0,17,318,7,0,71,1,15,46,23,61,2,1,6,0,34,0,8,81,36,28,23,30,9,11,1,7,0,19,0,2,1,80,49,0,1,0,20,11,21,11,81,8,30,23,1,1,24,objective
922,49,19,23,65,1,11,94,34,8,6,0,7,176,7,0,40,0,6,36,16,59,0,2,1,1,23,0,7,56,23,23,15,26,7,12,1,7,0,19,3,0,0,50,41,0,1,0,2,0,41,16,56,7,26,15,1,1,26,objective
683,28,9,55,59,0,3,78,45,3,1,0,4,163,3,0,39,0,0,16,8,21,0,0,5,15,8,0,1,53,16,8,6,7,3,2,0,3,0,23,19,0,0,41,18,0,0,0,8,2,11,4,53,1,7,6,1,1,15,objective
101,3,1,2,7,0,0,13,5,1,0,0,0,42,0,0,6,0,0,0,2,0,1,0,0,0,1,0,0,4,1,5,0,4,0,0,0,0,0,4,4,0,0,8,2,0,1,0,0,0,2,2,4,0,4,0,0,1,10,objective
570,33,13,7,36,0,2,56,39,3,2,0,1,133,2,0,45,0,0,22,18,28,1,0,3,6,13,0,2,26,13,16,13,14,1,1,0,4,0,22,10,0,0,35,30,0,0,0,3,1,24,6,26,2,14,13,1,1,15,objective
148,3,0,8,16,0,8,14,13,0,0,0,2,53,2,0,3,0,0,0,0,2,0,0,0,0,1,0,0,1,2,1,2,6,1,0,0,0,0,2,3,0,0,6,4,0,2,0,0,0,0,0,1,0,6,2,1,1,18,objective
548,17,6,9,56,0,10,68,40,2,0,0,5,132,1,0,21,1,6,23,5,17,1,0,7,0,20,0,4,24,12,9,6,11,0,4,0,1,0,14,2,0,0,20,12,0,2,0,4,1,16,3,24,4,11,6,1,1,27,objective
880,53,19,55,79,0,11,104,69,2,2,0,5,177,7,0,66,0,0,18,24,40,1,0,6,6,15,0,4,47,22,11,11,12,2,5,2,1,0,25,8,0,0,45,31,0,3,0,13,0,21,5,47,4,12,11,0,1,19,objective
676,31,10,55,56,1,12,79,44,3,1,0,0,142,1,0,50,0,0,12,9,27,0,0,3,9,10,0,2,44,13,7,8,15,2,2,0,6,0,18,11,0,0,42,22,0,2,0,2,0,14,4,44,2,15,8,1,1,15,objective
379,25,2,14,34,0,7,54,30,1,1,0,0,108,0,0,19,0,0,3,6,19,0,0,2,1,12,0,0,24,4,7,2,2,1,1,0,0,0,5,3,0,0,21,14,0,0,0,0,0,4,2,24,0,2,2,1,1,16,objective
73,3,0,1,4,0,0,8,4,0,0,0,0,32,0,0,2,0,0,1,1,3,0,0,0,0,2,0,0,5,0,5,0,1,1,0,0,0,0,2,0,0,0,3,1,0,0,0,0,0,2,0,5,0,1,0,1,1,14,objective
476,39,5,24,42,0,6,51,39,4,0,0,0,115,0,0,18,0,0,20,8,25,0,0,2,7,7,0,6,28,7,8,4,8,0,1,0,1,0,11,11,0,0,33,22,0,1,0,3,0,22,4,28,6,8,4,1,1,12,objective
730,47,17,9,79,0,17,67,49,1,1,0,5,170,7,0,29,0,3,22,8,32,2,0,10,0,20,0,16,37,22,6,10,2,4,5,0,4,0,14,1,1,0,47,33,0,1,0,5,8,12,4,37,16,2,10,1,1,18,objective
849,48,11,51,78,0,18,82,55,1,1,0,4,175,7,0,56,0,0,22,15,28,0,0,8,13,13,0,0,69,18,8,6,11,1,5,0,3,0,26,13,0,0,56,46,0,1,0,8,0,18,2,69,0,11,6,1,1,16,objective
350,12,5,72,20,0,0,42,18,0,1,0,0,85,4,0,13,0,0,0,1,2,0,0,1,0,3,0,0,5,3,4,4,4,0,0,0,0,0,6,0,0,0,45,6,0,1,0,0,0,1,1,5,0,4,4,0,1,6,objective
497,29,5,15,38,1,31,54,51,0,0,0,10,134,4,0,32,0,0,10,4,7,0,1,2,2,6,0,1,27,4,7,5,1,1,2,0,2,0,4,10,0,0,24,18,0,6,0,0,0,12,1,27,1,1,5,1,1,19,objective
179,8,2,1,15,0,2,21,7,3,0,0,1,63,1,0,5,0,0,5,3,5,0,0,1,2,4,0,1,14,3,6,2,2,0,0,0,1,0,4,8,0,0,13,2,0,2,0,0,0,7,3,14,1,2,2,1,1,11,objective
1032,52,27,19,103,4,25,133,55,1,0,1,9,185,2,0,60,0,7,38,20,32,0,0,7,0,34,0,7,41,12,43,17,21,10,2,0,2,0,37,0,1,0,36,46,0,2,0,5,37,7,1,41,7,21,17,1,1,33,objective
1671,109,51,31,172,2,19,187,109,5,7,0,27,316,2,0,53,0,15,70,23,98,2,6,6,0,49,0,7,84,29,32,18,28,8,7,0,6,0,62,0,0,0,57,93,2,1,0,4,9,43,20,84,7,28,18,1,1,37,objective
671,40,16,12,72,1,12,87,44,1,2,0,3,165,2,0,23,0,5,26,9,27,1,0,6,0,11,0,0,54,13,15,9,4,5,4,0,1,0,18,2,0,0,35,11,0,3,0,7,0,20,4,54,0,4,9,1,1,22,objective
597,41,7,18,67,0,0,81,45,1,3,0,6,156,4,0,31,0,0,11,9,21,0,0,1,1,15,0,3,38,13,7,6,9,0,3,0,3,0,12,7,0,0,28,15,0,1,0,0,0,19,4,38,3,9,6,1,1,19,objective
187,6,4,6,18,0,4,23,16,0,0,0,2,60,2,0,11,0,0,0,2,3,0,1,1,1,1,0,0,5,6,5,2,6,0,0,0,0,0,6,3,0,0,10,3,0,0,0,0,0,2,1,5,0,6,2,0,1,15,objective
172,5,1,3,20,1,5,17,11,0,0,0,3,40,2,0,4,1,0,5,3,6,2,0,1,3,2,0,0,11,5,8,1,5,2,0,0,1,0,6,4,0,0,9,0,0,0,0,2,0,5,2,11,0,5,1,1,1,15,objective
154,7,0,1,16,0,0,18,5,0,1,0,2,56,1,0,9,0,0,2,1,4,0,0,1,0,4,0,0,7,1,5,4,0,1,0,0,0,0,5,2,0,0,8,4,0,1,0,0,0,1,1,7,0,0,4,1,1,15,objective
540,30,13,8,50,2,10,58,42,2,0,0,5,105,3,0,24,0,2,20,6,22,1,3,2,0,13,0,3,7,14,7,24,26,9,1,0,0,0,20,1,0,0,27,19,1,0,0,12,4,6,6,7,3,26,24,1,1,24,objective
465,23,5,5,52,0,15,40,23,0,0,0,2,90,2,0,17,0,2,29,4,22,0,0,0,0,17,0,2,35,15,7,7,6,1,1,0,1,0,8,0,1,0,24,21,0,1,0,4,2,14,0,35,2,6,7,1,1,38,objective
156,3,2,2,14,0,6,15,10,0,0,0,2,43,2,0,7,0,0,0,1,7,0,0,0,0,5,0,2,5,2,7,5,2,0,2,0,0,0,4,1,0,0,4,6,0,0,0,0,0,1,0,5,2,2,5,1,1,26,objective
361,21,7,3,40,0,3,43,20,0,0,0,5,78,0,0,15,0,4,16,4,16,0,0,1,1,12,0,1,4,16,6,14,12,0,0,0,1,0,10,2,0,0,20,6,0,2,0,10,0,6,0,4,1,12,14,1,1,24,objective
381,24,3,24,44,0,2,39,19,0,2,0,1,84,2,0,22,0,0,9,5,19,0,0,4,0,17,0,1,28,10,5,1,3,1,1,0,0,0,9,0,0,0,23,14,0,0,0,0,0,10,2,28,1,3,1,1,1,13,objective
987,56,16,64,111,1,14,115,56,0,3,0,1,219,5,0,61,0,0,24,12,34,1,0,4,7,26,1,5,85,14,14,3,6,2,4,0,1,0,24,15,0,0,61,42,0,3,0,3,0,24,4,85,5,6,3,1,1,15,objective
1015,62,28,22,106,2,10,109,79,4,3,0,6,196,6,0,60,3,4,38,11,48,0,1,9,0,25,0,4,50,14,26,18,19,3,6,0,4,0,31,0,0,0,54,53,0,0,0,10,9,16,8,50,4,19,18,1,1,23,objective
119,3,2,1,14,0,0,11,7,0,0,0,1,32,0,0,13,0,0,5,0,2,0,0,0,0,4,0,0,3,3,3,1,3,0,1,0,1,0,5,1,0,0,4,5,0,0,0,0,0,0,0,3,0,3,1,1,1,19,objective
204,9,4,12,9,1,6,24,15,0,0,0,0,76,0,0,13,0,2,2,4,3,0,0,1,0,3,0,0,10,3,1,3,2,0,0,0,0,0,5,2,0,0,8,1,0,3,0,0,0,5,0,10,0,2,3,1,1,22,objective
157,8,2,2,19,1,4,17,11,1,1,0,3,46,1,0,5,0,0,3,2,5,0,0,0,1,3,0,0,9,2,1,0,6,2,1,0,1,0,5,7,0,0,14,1,0,0,0,0,0,3,2,9,0,6,0,1,1,9,objective
431,22,8,21,34,0,13,50,27,1,1,0,1,138,4,0,22,0,0,5,4,12,0,0,1,2,4,0,2,19,10,10,4,9,0,3,0,1,0,3,10,1,1,26,16,0,2,0,0,0,8,2,19,2,9,4,1,1,14,objective
619,36,11,34,56,0,9,64,49,0,1,0,3,168,2,0,40,0,0,9,11,13,0,0,2,4,15,0,2,24,16,12,10,9,2,4,0,1,0,22,8,0,0,32,21,0,0,0,4,0,14,1,24,2,9,10,1,1,16,objective
76,2,2,1,7,0,0,8,5,0,0,0,0,31,0,0,2,0,1,2,0,0,0,0,0,0,2,0,1,0,1,0,1,5,1,0,0,1,0,1,0,0,0,2,1,0,0,0,0,0,1,0,0,1,5,1,0,1,19,objective
164,2,1,13,15,0,0,24,8,1,4,0,3,42,1,0,13,0,0,1,0,3,0,0,0,0,1,0,0,4,3,6,2,2,1,0,0,0,0,3,0,0,0,6,8,0,0,0,0,0,0,5,4,0,2,2,1,1,20,objective
1313,73,28,25,123,1,12,146,81,1,2,0,11,245,7,0,76,0,0,61,21,65,1,0,8,11,30,0,8,78,19,39,22,27,7,8,1,17,0,41,14,4,0,49,73,0,1,0,7,9,47,4,78,8,27,22,1,1,19,objective
330,14,10,14,22,0,5,43,14,0,0,0,0,95,2,0,23,0,0,10,5,4,1,0,0,2,6,0,2,19,1,9,2,10,1,3,0,4,0,10,3,0,0,18,16,0,0,0,2,0,11,1,19,2,10,2,1,1,16,objective
520,19,3,14,49,0,0,64,34,0,0,0,8,136,8,0,37,0,0,6,4,17,0,0,1,2,16,0,1,20,10,22,11,9,3,0,0,0,0,10,4,0,0,26,15,0,0,0,2,0,4,0,20,1,9,11,1,1,18,objective
511,19,7,9,48,0,18,67,39,1,0,0,2,141,1,0,24,0,0,8,4,20,1,0,3,2,16,0,1,32,8,7,4,3,1,3,0,4,0,15,5,0,0,22,13,0,0,0,3,0,5,2,32,1,3,4,1,1,21,objective
373,17,3,19,32,0,4,37,19,0,0,0,0,105,4,0,17,0,0,15,6,7,0,0,1,1,10,0,2,30,9,7,1,5,3,2,0,1,0,10,3,0,0,20,19,0,0,0,0,0,19,0,30,2,5,1,1,1,16,objective
125,11,2,5,9,0,2,12,7,0,0,0,0,48,1,0,1,0,0,3,2,4,0,0,1,0,2,0,0,8,1,3,2,4,0,1,0,0,0,6,0,0,0,8,3,0,0,0,0,0,5,0,8,0,4,2,1,1,11,objective
644,36,5,64,62,0,9,67,37,0,0,0,0,121,3,0,51,0,0,11,5,23,0,0,6,5,16,0,4,54,8,7,6,3,4,4,0,1,0,24,9,0,0,38,26,0,4,0,1,1,6,0,54,4,3,6,1,1,15,objective
491,24,4,8,53,0,10,68,32,1,1,0,1,121,0,0,25,0,0,8,4,20,0,0,6,0,20,0,1,39,5,15,4,0,4,3,0,1,0,15,0,0,0,14,9,0,0,0,0,1,9,2,39,1,0,4,1,1,30,objective
619,45,8,5,54,0,5,67,39,0,4,0,7,159,6,0,25,0,0,22,4,20,1,0,4,8,16,0,5,33,13,11,11,16,3,4,0,2,0,12,17,0,0,30,33,0,1,0,6,2,9,5,33,5,16,11,1,1,18,objective
833,43,7,20,110,1,1,81,55,2,5,0,10,205,5,0,55,1,0,15,3,22,0,0,2,5,30,0,2,26,17,26,12,29,2,2,1,2,0,14,9,1,0,37,31,0,0,0,2,0,10,7,26,2,29,12,1,1,20,objective
911,39,22,59,89,2,12,97,64,2,2,0,3,226,11,0,66,0,0,7,13,26,1,1,4,3,12,0,2,61,14,7,6,13,2,2,0,1,0,27,8,0,0,45,42,1,0,0,0,0,13,6,61,2,13,6,1,1,18,objective
560,24,7,35,60,0,7,66,32,0,0,0,2,134,8,0,36,0,0,21,7,10,0,0,5,3,8,0,2,44,4,7,11,6,0,2,0,4,0,16,9,0,0,33,13,0,6,0,1,4,16,0,44,2,6,11,1,1,16,objective
328,20,7,19,31,0,2,44,26,0,0,0,6,95,3,0,25,0,0,2,1,7,0,0,3,0,7,0,0,12,6,2,4,0,0,4,0,0,0,7,2,0,0,7,8,0,2,0,1,0,2,0,12,0,0,4,1,1,36,objective
390,21,7,10,20,0,10,33,16,0,0,0,2,112,1,0,49,0,0,5,5,6,0,0,1,1,3,0,0,9,5,4,3,6,1,1,0,0,0,8,0,0,0,10,26,3,2,0,0,0,10,0,9,0,6,3,1,1,32,objective
1851,102,29,107,171,0,14,218,124,15,9,0,17,365,17,0,111,0,0,50,37,88,3,0,6,10,33,0,9,53,43,36,41,55,8,6,2,11,0,54,15,5,0,111,72,0,2,0,16,0,39,27,53,9,55,41,1,1,15,objective
793,47,12,29,79,0,11,92,43,1,2,0,12,168,1,0,37,2,8,39,12,19,0,0,2,0,16,0,14,42,16,13,7,17,3,8,0,2,0,20,0,0,0,43,19,0,0,0,8,1,28,3,42,14,17,7,1,1,25,objective
139,4,2,2,10,0,4,15,18,0,0,0,3,39,1,0,12,0,0,0,2,0,0,0,1,0,2,0,0,5,1,3,1,6,0,1,0,0,0,4,0,0,0,7,6,0,0,0,0,0,2,0,5,0,6,1,0,1,15,objective
313,21,2,4,33,0,0,40,14,0,0,0,0,102,3,0,13,0,0,10,3,5,1,0,3,2,6,0,0,22,11,13,3,2,1,0,0,1,0,4,9,0,0,16,8,0,4,0,0,0,5,1,22,0,2,3,1,1,17,objective
153,8,0,6,13,0,0,14,8,0,0,0,1,54,1,0,4,0,0,6,3,2,0,0,0,0,6,0,1,7,1,5,0,6,0,0,0,1,0,3,1,0,0,8,4,0,0,0,0,0,8,0,7,1,6,0,1,1,15,objective
319,20,4,7,32,0,9,44,25,1,0,0,3,92,0,0,18,0,0,7,4,7,0,0,5,3,7,0,2,14,3,5,2,3,1,0,0,1,0,9,8,0,0,12,3,0,5,0,2,0,7,1,14,2,3,2,1,1,22,objective
225,11,3,9,15,0,4,26,22,0,0,0,1,68,2,0,11,0,0,4,2,5,0,0,1,0,6,0,0,11,4,4,3,0,0,1,0,0,0,4,2,1,0,14,12,0,1,0,0,0,5,0,11,0,0,3,1,1,14,objective
348,19,7,4,27,0,2,34,26,1,0,0,7,85,0,0,19,1,4,22,3,13,0,0,0,0,11,0,1,6,5,6,17,9,0,1,0,2,0,10,3,0,0,22,3,0,3,0,8,3,10,1,6,1,9,17,1,0,21,objective
364,25,10,11,33,1,4,43,23,0,0,0,6,100,1,0,13,0,2,15,7,10,0,0,1,0,5,0,2,11,9,5,6,12,1,0,0,0,0,7,0,0,0,17,5,0,5,0,7,0,14,0,11,2,12,6,1,1,20,objective
920,63,18,32,75,2,39,103,69,0,2,0,5,197,4,0,34,2,0,20,15,48,0,0,13,11,35,0,7,54,15,22,14,11,3,5,0,2,0,26,15,0,0,53,26,0,0,0,1,6,13,2,54,7,11,14,1,1,16,objective
424,23,8,8,46,0,8,54,32,1,2,0,3,121,0,0,18,0,0,7,5,21,0,0,5,0,9,0,0,25,10,9,3,0,0,4,0,3,0,11,0,0,0,16,10,0,0,0,0,0,10,3,25,0,0,3,1,1,23,objective
1018,64,29,16,90,1,20,134,87,4,2,0,10,251,6,0,55,1,0,30,40,40,4,0,1,0,42,0,6,29,10,15,8,23,0,0,0,2,0,27,0,0,0,34,16,0,0,0,0,0,60,10,29,6,23,8,0,1,28,subjective
264,14,4,8,22,0,6,32,21,0,0,0,1,79,5,0,10,0,0,5,5,9,0,1,0,3,5,0,0,11,4,9,1,8,0,2,1,1,0,3,5,0,0,15,3,0,3,0,0,0,9,1,11,0,8,1,1,1,15,subjective
1481,70,31,30,158,2,15,148,76,2,8,0,18,262,8,0,67,1,17,60,13,84,3,0,4,0,49,1,11,54,33,30,31,38,5,11,0,10,0,47,0,0,2,61,90,0,1,0,16,11,19,13,54,11,38,31,1,1,32,subjective
864,52,22,12,80,4,8,85,60,3,2,0,9,169,7,0,59,0,0,29,15,48,0,1,1,6,26,1,3,38,26,10,15,32,3,5,0,9,0,29,7,0,0,54,31,0,5,0,6,5,25,6,38,3,32,15,1,1,16,subjective
1002,52,32,8,92,0,22,94,75,1,4,0,18,222,1,0,70,1,9,51,20,48,1,5,0,0,15,0,9,32,21,20,24,35,2,6,0,2,0,26,0,3,0,71,24,0,2,0,6,5,41,11,32,9,35,24,1,1,14,subjective
476,32,11,21,40,1,4,57,50,1,1,0,7,121,1,0,27,0,0,13,4,13,1,0,2,3,8,0,3,11,12,9,7,13,1,4,0,1,0,10,12,4,1,23,15,0,1,0,1,2,11,3,11,3,13,7,1,1,15,subjective
700,48,20,18,74,1,1,78,42,3,1,0,3,149,5,0,40,1,6,25,6,37,2,0,1,0,17,0,6,22,13,15,14,28,2,2,0,5,0,16,0,0,1,41,20,0,0,0,15,3,6,6,22,6,28,14,1,0,26,subjective
1882,91,29,58,186,0,30,189,115,4,14,4,24,383,8,0,116,0,0,48,28,86,1,0,8,6,39,0,15,54,50,38,44,45,5,11,0,11,0,43,2,4,0,110,63,1,33,0,0,4,49,19,54,15,45,44,1,1,16,subjective
870,58,14,24,81,2,20,90,49,4,0,0,4,163,3,0,29,1,3,58,6,44,0,0,6,0,30,0,2,60,30,17,19,14,5,2,0,7,0,31,0,1,0,29,31,0,1,0,12,3,38,4,60,2,14,19,1,1,27,subjective
1175,74,28,17,123,8,10,102,66,1,3,0,7,188,6,0,56,1,3,67,19,75,1,0,8,0,30,0,8,60,30,36,24,47,4,12,0,14,0,39,0,1,0,75,55,1,1,0,9,9,48,5,60,8,47,24,1,1,17,subjective
1032,51,13,40,88,1,11,118,76,1,6,0,11,165,11,0,71,0,0,44,18,63,2,0,1,1,24,0,3,14,20,20,29,48,3,4,0,3,0,32,0,1,0,36,52,0,0,0,1,2,42,9,14,3,48,29,1,1,26,subjective
1357,79,22,43,118,3,38,171,90,6,8,0,11,251,2,0,64,0,0,63,26,61,3,0,6,9,32,0,5,65,35,19,11,40,12,5,0,5,0,46,11,1,0,59,64,4,1,0,4,3,60,17,65,5,40,11,1,1,21,subjective
856,36,24,17,97,4,13,87,42,3,7,0,4,112,1,0,66,3,0,55,3,63,0,1,1,0,25,0,3,33,17,13,38,20,2,6,0,12,0,36,0,0,0,40,41,0,0,0,7,12,23,11,33,3,20,38,1,1,20,subjective
1275,72,45,31,111,0,25,113,93,0,4,0,8,307,5,0,98,0,19,36,25,50,0,3,3,0,28,0,12,46,25,26,30,37,4,2,0,5,0,40,0,4,0,80,49,0,0,0,4,4,42,7,46,12,37,30,1,1,14,subjective
982,45,39,13,87,0,12,117,63,3,1,0,15,177,4,0,55,0,10,53,13,44,2,2,5,0,23,0,9,24,24,20,19,34,7,9,0,9,0,31,0,6,2,51,39,0,2,0,11,9,32,8,24,9,34,19,1,1,17,subjective
1421,88,36,36,155,2,8,169,88,11,7,0,21,304,3,0,72,0,10,48,24,64,3,0,5,0,31,2,8,25,19,20,24,54,5,7,0,9,0,42,0,2,1,69,69,1,7,0,19,2,37,21,25,8,54,24,1,1,19,subjective
851,77,14,23,99,2,2,95,70,2,6,0,5,165,2,0,75,0,0,17,9,40,1,1,3,0,29,0,0,45,22,15,7,15,3,4,0,6,0,17,0,0,0,40,44,0,1,0,0,0,10,10,45,0,15,7,1,1,19,subjective
954,52,22,16,123,3,14,100,52,4,7,0,20,156,1,0,48,1,0,54,3,53,1,2,4,1,32,0,10,20,5,11,36,30,3,14,0,6,0,43,0,0,0,39,33,0,0,0,4,15,30,14,20,10,30,36,1,1,23,subjective
665,43,12,16,58,3,20,65,38,2,1,0,12,115,11,0,20,2,1,26,6,55,1,0,6,0,24,0,11,29,12,12,12,13,3,10,0,3,0,15,1,3,3,32,17,0,2,0,9,6,13,4,29,11,13,12,1,1,16,subjective
1145,80,29,28,112,2,11,130,93,4,5,0,20,232,4,0,47,0,12,19,11,64,2,2,7,2,23,0,6,27,26,34,5,35,16,6,1,1,0,40,0,1,0,49,68,4,0,0,0,1,3,13,27,6,35,5,1,1,22,subjective
923,45,20,8,89,1,12,96,64,3,2,0,14,209,2,0,33,1,10,38,26,41,1,1,4,0,24,0,6,53,26,17,9,21,2,6,0,7,0,24,0,1,0,51,28,0,1,0,3,2,46,7,53,6,21,9,1,1,18,subjective
1104,71,22,5,96,1,18,118,90,8,3,0,18,202,2,0,82,2,6,51,20,54,1,0,1,1,33,0,10,39,26,21,33,13,2,5,0,2,0,34,1,2,0,74,27,0,5,0,18,11,19,12,39,10,13,33,1,1,14,subjective
1092,54,46,12,104,4,10,106,102,2,0,0,13,247,2,0,62,1,11,29,19,43,1,1,1,0,19,0,12,27,22,23,25,42,5,10,0,5,0,44,0,11,0,59,31,0,0,0,13,5,16,4,27,12,42,25,1,1,15,subjective
355,22,11,16,44,0,3,29,26,3,2,0,2,83,0,0,33,1,0,5,1,17,0,0,0,0,9,0,0,9,4,9,7,7,2,3,0,0,0,11,0,3,0,15,14,0,0,0,1,1,3,5,9,0,7,7,1,1,17,subjective
396,14,8,21,37,2,15,48,32,1,1,0,8,75,1,0,19,0,5,10,6,18,0,0,4,0,11,0,0,11,7,10,3,13,0,1,0,1,0,11,0,0,0,16,5,0,2,0,0,0,11,2,11,0,13,3,1,1,22,subjective
813,58,16,33,80,1,6,79,60,3,5,0,13,180,2,0,51,0,5,24,9,38,3,1,1,0,16,0,9,17,9,12,18,21,4,3,0,1,0,14,0,2,0,54,33,1,2,0,6,1,19,12,17,9,21,18,1,1,15,subjective
934,40,14,34,70,0,16,101,50,6,1,0,9,200,1,0,47,0,0,33,11,46,4,1,7,6,19,0,6,48,18,11,8,24,3,4,1,5,0,31,10,0,0,48,69,0,3,0,1,1,26,12,48,6,24,8,1,1,18,subjective
900,57,22,14,71,4,5,116,74,0,3,0,15,159,9,0,57,0,1,51,8,51,0,1,1,4,15,1,9,22,17,20,18,33,1,8,0,5,0,34,0,4,0,50,33,0,3,0,16,0,36,4,22,9,33,18,1,1,16,subjective
568,32,10,59,54,1,5,80,29,2,1,0,2,118,5,0,40,0,0,6,10,10,0,0,6,4,9,0,3,20,13,9,7,10,1,2,1,3,0,14,5,0,0,21,17,0,0,0,3,0,7,3,20,3,10,7,1,1,24,subjective
754,51,11,36,90,1,6,109,44,4,1,0,13,138,4,0,44,0,6,19,6,57,3,0,3,1,6,0,1,16,6,13,18,15,5,3,0,6,0,22,0,0,0,38,31,0,1,0,1,0,20,8,16,1,15,18,1,1,18,subjective
984,65,18,10,111,5,16,107,55,7,3,0,10,155,6,0,66,0,5,34,8,51,1,0,5,0,20,0,11,20,22,22,32,36,6,12,2,3,0,26,0,2,1,43,49,1,1,0,5,1,21,11,20,11,36,32,1,1,37,subjective
1027,66,23,22,91,0,14,102,65,5,4,0,11,198,2,0,60,2,0,50,11,60,6,1,9,0,32,0,5,38,34,17,18,47,4,6,0,5,0,26,0,2,0,61,45,1,0,0,18,8,17,16,38,5,47,18,1,1,15,subjective
1051,70,36,3,95,1,24,93,79,4,2,0,11,241,7,0,35,2,13,43,15,55,1,0,2,1,19,0,24,33,26,17,26,34,2,2,0,13,0,31,2,9,1,76,41,0,1,0,5,7,27,7,33,24,34,26,1,1,12,subjective
1094,71,13,37,99,1,6,116,78,5,2,0,12,225,0,0,61,1,14,55,17,42,1,3,7,1,13,0,7,34,21,14,16,49,7,12,0,9,0,34,3,1,0,55,56,1,3,0,5,3,52,11,34,7,49,16,1,1,20,subjective
769,55,14,10,63,1,22,88,50,2,3,0,7,156,6,0,30,0,4,30,12,40,2,1,5,0,18,0,10,43,18,14,9,17,0,10,0,2,0,10,1,2,0,48,29,0,1,0,3,4,26,8,43,10,17,9,1,1,19,subjective
482,26,4,14,45,0,7,60,41,3,0,0,1,138,1,0,28,0,0,6,6,12,3,1,2,2,6,0,1,19,9,9,8,7,1,2,1,0,0,10,9,0,0,21,22,0,1,0,0,0,9,7,19,1,7,8,1,1,20,subjective
819,44,17,24,91,1,6,85,62,1,0,0,4,172,0,0,47,0,5,28,7,43,1,1,4,0,22,1,3,43,16,11,13,17,3,1,0,6,0,19,0,0,0,43,30,0,0,0,7,1,17,3,43,3,17,13,0,1,26,subjective
1336,67,29,32,155,1,2,175,88,6,4,3,30,252,6,0,55,0,15,51,9,70,0,1,11,0,35,0,9,24,27,13,27,38,9,5,0,8,0,43,0,0,0,40,63,0,1,0,1,2,38,11,24,9,38,27,1,1,31,subjective
364,19,2,9,29,0,4,32,26,0,0,0,9,91,1,0,18,0,0,15,3,15,0,1,1,0,10,0,3,9,8,2,7,17,1,0,0,0,0,10,0,2,0,15,19,0,1,0,2,3,10,1,9,3,17,7,1,1,19,subjective
1070,66,36,5,98,9,8,117,61,6,6,0,9,200,2,0,64,1,0,68,18,50,2,1,5,7,26,0,9,45,24,9,31,42,4,17,0,14,0,28,11,4,0,60,46,0,0,0,21,6,36,15,45,9,42,31,1,1,15,subjective
996,55,20,32,93,0,21,99,58,4,1,0,10,198,4,0,61,0,0,40,16,45,2,1,12,14,24,0,7,31,22,11,32,31,6,6,0,3,0,26,17,1,0,57,37,2,0,0,21,0,25,8,31,7,31,32,1,1,16,subjective
702,40,5,10,81,1,6,88,43,0,1,0,10,162,2,0,29,0,0,32,3,25,1,0,7,0,12,0,3,21,18,14,14,28,3,3,0,5,0,14,3,1,0,28,38,0,0,0,12,1,8,2,21,3,28,14,1,1,22,subjective
933,46,21,10,82,0,37,94,54,2,3,0,21,140,3,0,32,3,0,71,15,61,1,0,4,1,22,0,12,58,8,12,19,16,4,12,1,9,0,46,0,0,0,41,36,0,0,0,12,13,35,6,58,12,16,19,1,1,21,subjective
1445,89,18,58,167,3,15,164,103,3,5,0,10,218,6,0,103,0,9,73,17,71,1,0,5,0,31,0,5,89,27,32,20,17,3,8,0,2,0,45,0,0,0,72,56,0,0,0,24,10,42,9,89,5,17,20,0,1,25,subjective
921,50,24,7,79,1,19,93,43,7,3,0,14,131,1,0,38,1,4,68,22,71,1,0,5,1,30,0,19,28,11,19,28,38,1,7,0,9,0,42,0,0,0,42,25,0,0,0,4,10,49,11,28,19,38,28,1,1,20,subjective
2785,180,60,131,262,3,37,327,201,14,12,0,36,550,0,0,200,0,34,41,39,147,5,2,7,0,53,1,15,58,73,38,33,70,8,9,1,7,0,59,0,11,2,118,166,1,7,0,12,18,36,33,58,15,70,33,1,1,20,subjective
660,35,9,37,60,1,5,68,42,2,3,0,3,119,1,0,61,0,0,23,16,37,2,0,3,5,19,0,5,38,13,7,8,5,0,3,0,2,0,14,8,0,0,34,37,0,0,0,1,0,28,7,38,5,5,8,1,1,17,subjective
924,46,13,11,91,1,7,109,49,2,2,0,17,192,2,0,36,0,1,32,16,48,2,1,5,1,20,2,3,36,16,23,7,27,3,11,0,8,0,29,3,5,0,28,48,0,4,0,2,3,23,7,36,3,27,7,1,1,28,subjective
1166,62,17,9,93,4,15,122,51,2,0,0,15,187,4,0,55,2,8,95,23,59,5,1,4,0,40,1,10,53,29,22,22,39,2,4,0,8,0,37,0,1,0,50,56,0,0,0,22,16,46,8,53,10,39,22,1,1,38,subjective
282,16,4,5,30,0,7,33,12,1,0,0,6,65,0,0,10,0,0,11,2,20,0,1,1,0,11,0,2,8,5,4,4,9,3,1,0,0,0,5,0,1,0,14,12,0,0,0,0,1,7,2,8,2,9,4,0,1,16,subjective
1056,67,19,13,104,6,2,108,87,7,3,0,19,170,7,0,76,1,7,45,6,56,6,0,8,0,22,0,12,23,28,13,18,38,7,5,0,12,0,49,0,6,0,44,38,1,1,0,8,7,13,16,23,12,38,18,1,1,19,subjective
970,59,24,16,70,0,13,78,81,1,2,0,16,192,6,0,45,0,3,58,11,41,0,0,14,0,25,0,16,53,15,11,10,10,2,3,1,6,0,38,0,3,0,32,73,0,1,0,22,11,17,3,53,16,10,10,1,1,48,subjective
1029,50,24,15,86,2,12,113,63,1,5,0,14,208,4,0,47,2,8,52,19,43,1,2,3,2,21,0,8,45,12,23,13,39,3,14,0,2,0,28,8,0,0,51,40,0,2,0,7,1,51,9,45,8,39,13,1,1,23,subjective
932,42,16,14,86,1,12,94,58,1,0,0,10,164,1,0,46,0,8,48,12,37,1,0,8,0,32,0,6,41,23,23,26,23,5,11,0,6,0,28,0,0,0,35,39,0,1,0,21,0,24,2,41,6,23,26,1,1,44,subjective
934,58,27,7,101,0,15,93,52,8,3,0,14,150,0,0,31,2,0,82,16,54,3,0,5,0,30,0,11,17,13,10,42,41,2,7,0,8,0,42,0,2,0,45,25,0,1,0,3,34,44,14,17,11,41,42,1,1,19,subjective
854,51,10,34,99,1,6,83,56,2,3,0,11,185,10,0,57,0,0,19,13,32,1,0,8,8,14,0,4,53,13,20,17,7,9,4,1,4,0,19,15,1,0,49,30,0,0,0,6,3,16,6,53,4,7,17,1,1,16,subjective
1913,126,53,44,203,3,38,157,137,7,8,0,19,457,3,0,97,3,27,55,34,78,4,2,8,0,40,0,24,74,37,24,30,76,4,15,0,7,0,55,4,5,0,137,65,0,5,0,7,4,53,21,74,24,76,30,1,1,13,subjective
740,38,25,12,73,2,8,101,72,3,3,0,8,162,0,0,46,0,0,14,15,27,0,2,4,0,20,0,1,12,10,26,7,36,3,4,0,1,0,22,0,0,0,23,20,0,0,0,0,0,21,8,12,1,36,7,1,1,29,subjective
1064,66,40,6,107,2,10,118,75,5,1,0,6,187,3,0,65,0,0,43,23,64,2,0,10,0,33,0,13,19,28,19,29,46,4,9,0,9,0,33,0,7,0,45,39,0,0,0,29,0,21,8,19,13,46,29,1,1,21,subjective
459,15,5,23,44,0,32,67,33,0,0,0,0,100,4,0,38,0,0,1,7,15,0,0,5,0,3,0,2,33,4,9,4,1,2,0,0,0,0,9,0,0,0,22,19,0,0,0,0,0,7,0,33,2,1,4,1,1,19,subjective
1512,94,23,48,164,7,16,157,88,12,3,0,16,267,2,0,71,0,10,73,11,93,5,0,11,0,52,0,8,60,20,13,33,31,6,5,0,8,0,44,0,0,0,52,75,3,3,0,30,5,19,20,60,8,31,33,1,1,44,subjective
142,7,2,5,12,0,2,17,11,0,0,0,0,53,1,0,3,0,0,2,3,3,0,0,1,0,4,0,2,4,0,4,0,5,0,0,0,0,0,4,1,0,3,6,2,0,1,0,0,1,4,0,4,2,5,0,1,1,12,subjective
1153,87,19,57,123,1,7,132,75,3,5,0,7,222,6,0,66,0,0,26,24,67,3,1,9,1,21,0,3,45,20,29,13,36,8,6,0,5,0,38,2,3,0,47,56,0,6,0,0,1,44,12,45,3,36,13,1,1,22,subjective
573,27,7,19,61,0,9,65,38,1,4,0,12,122,2,0,32,0,6,10,10,24,2,1,1,0,18,0,2,9,8,14,8,11,1,2,0,1,0,13,0,0,0,25,20,0,0,0,1,0,14,8,9,2,11,8,1,1,22,subjective
1051,55,18,30,117,1,10,109,66,2,1,0,14,181,3,0,90,2,0,45,10,59,1,0,2,1,27,0,6,51,16,7,14,10,0,8,1,12,0,53,0,1,0,42,56,0,0,0,8,11,23,4,51,6,10,14,1,1,23,subjective
1555,122,21,76,146,1,44,164,136,7,0,0,36,321,3,0,62,0,6,53,25,60,0,0,6,0,41,1,11,26,19,20,32,44,6,8,0,7,0,53,0,2,0,84,46,0,0,0,6,6,56,7,26,11,44,32,1,1,17,subjective
650,27,19,13,71,0,8,79,47,0,0,0,1,153,3,0,41,0,0,22,20,23,1,0,7,1,17,0,6,52,9,21,6,2,0,2,0,3,0,14,5,0,0,31,14,0,3,0,1,0,38,1,52,6,2,6,1,1,19,subjective
1316,83,29,22,129,6,28,142,85,3,2,0,16,218,7,0,72,0,3,82,11,73,2,3,9,0,23,0,13,63,27,26,25,35,0,7,0,18,0,36,0,7,0,82,54,1,1,0,23,2,39,10,63,13,35,25,1,1,17,subjective
1684,78,58,9,166,4,50,165,140,7,0,0,13,343,10,0,90,1,13,53,48,73,1,1,12,0,51,0,17,49,32,34,43,51,8,6,0,6,0,59,1,1,0,93,53,0,2,0,25,5,24,9,49,17,51,43,1,1,17,subjective
1419,66,38,26,159,3,19,168,80,2,5,0,16,259,5,0,68,4,5,74,17,85,2,3,8,1,31,0,11,103,18,32,21,13,9,18,0,4,0,47,0,0,0,62,44,0,1,0,10,11,41,12,103,11,13,21,1,1,22,subjective
886,25,21,13,101,3,4,105,52,2,4,0,5,179,3,0,30,0,0,40,6,44,1,0,4,0,20,0,4,59,17,22,8,23,10,6,0,8,0,39,0,1,0,44,47,0,0,0,0,4,33,7,59,4,23,8,1,1,18,subjective
1033,46,42,6,98,1,26,94,80,0,1,0,18,170,0,0,81,0,5,50,27,29,0,2,6,0,21,0,16,37,13,35,25,31,2,13,0,5,0,45,0,1,1,64,49,0,5,0,18,3,32,3,37,16,31,25,1,1,15,subjective
1093,59,21,14,119,0,2,116,52,3,3,0,5,244,4,0,50,0,0,62,11,76,3,0,1,5,22,0,7,78,23,24,13,25,5,8,0,2,0,42,12,4,0,65,52,0,2,0,7,7,46,9,78,7,25,13,0,1,14,subjective
