94.0,144.0,9,0.0,0.0,0.44444442,0.118518494,0.49999997,0.1666667,1.1481482,0.0,3.4444444,0.0,-3.4444444,6.888889,-3.4444444,3.4444444,1.0,-2.0943952,3
241.0,137.0,9,0.0,0.11111111,4.277778,18.685184,3.8333333,37.500004,5.0,2.5555556,9.0,3.4444444,-7.3333335,12.0,-4.6666665,9.0,0.837478,-2.1939669,3
206.0,12.0,9,0.0,0.0,2.6111112,1.4819909,4.5,3.3582406,11.444445,8.444445,17.666668,8.222222,-9.0,18.666666,-9.666667,17.666668,0.5437747,-2.0644825,5
68.0,198.0,9,0.0,0.11111111,2.8888886,2.8803296,3.0555553,2.8706684,58.074074,51.444443,71.888885,50.88889,-19.88889,41.444443,-21.555555,71.888885,0.29130092,-2.0648882,6
90.0,134.0,9,0.0,0.0,0.38888887,0.018518528,0.94444436,0.1518523,2.1111112,1.0,4.666667,0.6666667,-3.3333333,7.6666665,-4.3333335,4.666667,0.88148147,-2.0131435,5
19.0,63.0,9,0.0,0.0,1.2777777,1.5740732,2.1111114,3.096295,20.925926,19.666668,27.777779,15.333333,-3.7777777,20.555555,-16.777779,27.777779,0.44724983,-1.7268302,1
57.0,199.0,9,0.0,0.0,3.833334,2.647851,6.3888893,3.4667745,54.962963,47.88889,69.22222,47.77778,-21.222221,42.77778,-21.555555,69.22222,0.31700587,-2.0847538,6
106.0,107.0,9,0.0,0.0,1.111111,0.72008204,0.6666667,0.4216372,22.555555,13.0,36.0,18.666668,-28.666666,40.333332,-11.666667,36.0,0.6385408,-2.3546174,3
86.0,197.0,9,0.11111111,0.11111111,1.611112,1.4516907,1.2777786,1.1038647,63.22222,56.22222,77.77778,55.666668,-21.0,43.666668,-22.666666,77.77778,0.28533262,-2.06802,6
12.0,56.0,9,0.22222222,0.0,1.2222223,0.20740713,1.3333336,1.0222219,19.851852,19.444445,25.444445,14.666667,-1.2222222,16.777779,-15.555555,25.444445,0.42268896,-1.6222115,1
38.0,241.0,9,0.0,0.0,2.055556,0.5741337,1.5555559,1.4246509,14.333333,10.888889,14.0,18.11111,-10.333333,-1.0,11.333333,18.11111,0.3999011,2.544142,7
37.0,103.0,9,0.0,0.0,1.7777777,2.1256804,2.9444447,3.421609,3.851852,1.8888888,6.2222223,3.4444444,-5.888889,7.111111,-1.2222222,6.2222223,0.79907405,-2.497929,3
62.0,123.0,9,0.0,0.0,0.44444442,0.2074074,0.5,0.12222223,5.814815,7.5555553,6.6666665,3.2222223,5.2222223,2.5555556,-7.7777777,7.5555553,0.5734127,-0.83759767,1
124.0,113.0,9,0.0,0.0,0.38888887,0.38968176,0.2777778,0.3277307,0.962963,0.0,2.7777777,0.11111111,-2.8888888,5.4444447,-2.5555556,2.7777777,1.0,-2.123254,3
7.0,34.0,9,0.0,0.0,2.0,3.6888885,1.5,2.0333328,20.333334,18.222221,27.88889,14.888889,-6.3333335,22.666666,-16.333334,27.88889,0.4663447,-1.8231477,1
139.0,121.0,9,0.0,0.0,1.0555555,0.41851884,1.1666666,0.83333385,3.7037036,0.7777778,7.7777777,2.5555556,-8.777778,12.222222,-3.4444444,7.7777777,0.9074074,-2.351514,3
182.0,152.0,9,0.0,0.0,0.77777785,0.98130673,0.8333333,1.0903618,0.7777778,0.33333334,1.6666666,0.33333334,-1.3333334,2.6666667,-1.3333334,1.6666666,0.70555556,-2.0943952,5
147.0,69.0,9,0.0,0.0,2.0555556,2.9074075,1.8888897,2.562964,25.666666,23.444445,34.444447,19.11111,-6.6666665,26.333334,-19.666666,34.444447,0.44485995,-1.7913898,1
106.0,193.0,9,0.0,0.0,1.0555557,0.9525794,0.888889,0.6206331,14.444445,11.666667,12.555555,19.11111,-8.333333,-5.6666665,14.0,19.11111,0.38886335,2.2100549,7
26.0,82.0,9,0.0,0.0,1.5555553,0.4740743,2.111111,4.3851857,5.5925927,1.7777778,10.222222,4.7777777,-11.444445,13.888889,-2.4444444,10.222222,0.843607,-2.4519827,3
23.0,129.0,9,0.0,0.0,0.5,0.077777795,0.38888887,0.15185186,0.5185185,0.0,1.5555556,0.0,-1.5555556,3.1111112,-1.5555556,1.5555556,0.7777778,-2.0943952,3
204.0,116.0,9,0.0,0.0,1.0555555,1.262963,1.0555556,1.4407407,2.1851852,0.33333334,5.111111,1.1111112,-5.5555553,8.777778,-3.2222223,5.111111,0.96141976,-2.2490795,3
191.0,165.0,9,0.0,0.0,0.33333334,0.17777783,2.4444442,1.140741,14.296296,12.0,14.111111,16.777779,-6.888889,-0.5555556,7.4444447,17.555555,0.31812865,2.5935428,7
48.0,85.0,9,0.0,0.0,3.111111,13.451853,2.0555556,6.862964,4.296296,1.3333334,8.888889,2.6666667,-8.888889,13.777778,-4.888889,8.888889,0.8858245,-2.2715442,3
42.0,135.0,9,0.0,0.0,0.38888893,0.15185186,0.44444445,0.16296294,2.4074075,1.3333334,5.111111,0.7777778,-3.2222223,8.111111,-4.888889,5.111111,0.84973544,-1.9721864,5
75.0,59.0,9,0.0,0.0,1.0555553,0.7740732,2.944445,2.5518503,25.074074,22.333334,34.333336,18.555555,-8.222222,27.777779,-19.555555,34.333336,0.45942742,-1.8363283,1
83.0,114.0,9,0.0,0.0,1.388889,1.129629,1.9444443,0.59629667,19.851852,20.0,24.666666,14.888889,0.44444445,14.444445,-14.888889,24.666666,0.39496386,-1.5086578,1
35.0,96.0,9,0.11111111,0.0,2.1111114,1.0074071,2.833333,3.855554,21.74074,20.777779,27.777779,16.666668,-2.8888888,18.11111,-15.222222,27.777779,0.39949927,-1.6769211,1
128.0,196.0,9,0.0,0.0,1.666667,1.2444435,1.8888887,3.851853,19.62963,15.666667,18.555555,24.666666,-11.888889,-3.2222223,15.111111,24.666666,0.36529657,2.4373393,7
213.0,86.0,9,0.0,0.0,0.833333,0.18257454,0.3888887,0.3277307,17.148148,13.222222,24.666666,13.555555,-11.777778,22.555555,-10.777778,24.666666,0.46348011,-2.123611,5
42.0,56.0,9,0.0,0.0,1.0555553,0.95185125,1.333333,1.5999998,22.74074,21.11111,30.222221,16.88889,-4.888889,22.444445,-17.555555,30.222221,0.44070765,-1.759414,1
54.0,91.0,9,0.0,0.0,1.4444443,1.540741,0.8333333,0.25555572,3.2592592,0.5555556,8.0,1.2222222,-8.111111,14.222222,-6.111111,8.0,0.94481075,-2.186723,3
137.0,163.0,9,0.0,0.0,1.4444441,0.78518575,18.888887,5.5407553,39.296295,33.77778,47.555557,36.555557,-16.555555,24.777779,-8.222222,47.555557,0.28481323,-2.3952131,6
60.0,132.0,9,0.0,0.0,0.11111113,0.029629637,0.22222222,0.029629637,0.37037036,0.0,1.1111112,0.0,-1.1111112,2.2222223,-1.1111112,1.1111112,0.8888889,-2.0943952,3
194.0,178.0,9,0.0,0.0,1.222222,1.0518546,8.0,12.577775,33.666668,29.666666,41.88889,29.444445,-12.0,24.666666,-12.666667,41.88889,0.29696295,-2.103758,6
188.0,133.0,9,0.0,0.0,0.33333334,0.26666674,0.5,0.077777736,6.6666665,8.333334,7.7777777,3.8888888,5.0,3.3333333,-8.333333,8.444445,0.53858024,-0.92481726,1
59.0,120.0,9,0.0,0.0,2.1666667,1.9860634,1.4444441,1.8698385,19.074074,10.555555,33.11111,13.555555,-25.555555,42.11111,-16.555555,33.11111,0.6812664,-2.2312608,3
55.0,93.0,9,0.11111111,0.0,0.83333343,0.2999998,1.388889,1.7962962,3.0,0.5555556,7.2222223,1.2222222,-7.3333335,12.666667,-5.3333335,7.2222223,0.9356702,-2.1836095,3
37.0,196.0,9,0.0,0.0,1.2777777,0.9981464,1.3333334,0.81649673,13.37037,11.555555,10.444445,18.11111,-5.4444447,-8.777778,14.222222,18.11111,0.4302431,1.9567721,7
242.0,183.0,9,0.0,0.0,1.4999999,0.9368979,2.1666667,1.798147,15.37037,12.666667,12.444445,21.0,-8.111111,-8.777778,16.88889,21.0,0.42024404,2.0758736,7
229.0,195.0,9,0.0,0.0,4.166666,2.2779152,4.111111,2.2476342,47.703705,42.444443,58.88889,41.77778,-15.777778,33.555557,-17.777779,58.88889,0.29027814,-2.0527046,6
155.0,140.0,9,0.0,0.0,0.44444442,0.11851859,0.66666675,0.08888887,5.0,6.5555553,5.5555553,2.8888888,4.6666665,1.6666666,-6.3333335,6.6666665,0.56415343,-0.7836471,1
236.0,115.0,9,0.0,0.0,4.388889,3.6629639,0.44444418,0.07407387,14.740741,10.666667,22.222221,11.333333,-12.222222,22.444445,-10.222222,22.222221,0.5331259,-2.1516252,5
115.0,156.0,9,0.0,0.0,0.3888887,0.38968167,1.0555553,0.6469302,24.25926,17.222223,26.0,29.555555,-21.11111,5.2222223,15.888889,29.555555,0.41732758,2.8434196,7
75.0,240.0,9,0.0,0.0,2.4444444,1.9512578,2.1111114,1.3608272,21.148148,17.0,17.88889,28.555555,-12.444445,-9.777778,22.222221,28.555555,0.41721755,2.1755219,7
7.0,18.0,9,0.0,0.0,1.2777786,0.7296265,0.9444453,0.37407914,138.62962,133.33334,147.55556,135.0,-15.888889,26.777779,-10.888889,147.55556,0.096352234,-2.2146115,2
86.0,74.0,9,0.11111111,0.0,1.3333336,1.5555557,0.6666673,0.13333334,22.407408,21.666666,28.88889,16.666668,-2.2222223,19.444445,-17.222221,28.88889,0.42220616,-1.6466708,1
18.0,138.0,9,0.0,0.0,0.88888884,0.5629629,0.83333325,0.29999986,5.740741,7.3333335,6.5555553,3.3333333,4.7777777,2.4444444,-7.2222223,7.3333335,0.5438712,-0.8621077,1
78.0,99.0,9,0.0,0.0,1.611111,8.018518,3.0555553,14.7740755,4.148148,1.1111112,9.0,2.3333335,-9.111111,14.555555,-5.4444447,9.0,0.91089994,-2.2556732,3
239.0,93.0,9,0.0,0.0,3.444444,13.496301,1.0555555,0.86296237,14.407408,9.888889,22.88889,10.444445,-13.555555,25.444445,-11.888889,22.88889,0.57700235,-2.1374934,5
186.0,130.0,9,0.0,0.0,0.5000002,0.12222223,0.38888893,0.15185189,5.3333335,6.888889,6.2222223,2.8888888,4.6666665,2.6666667,-7.3333335,7.0,0.587963,-0.8890237,1
37.0,130.0,9,0.0,0.0,0.77777773,0.96296304,1.2777777,0.951852,1.6296296,1.1111112,3.0,0.7777778,-1.5555556,4.111111,-2.5555556,3.0,0.85555553,-1.9598235,5
25.0,155.0,9,0.0,0.0,5.722223,99.75187,18.0,151.68887,14.333333,13.0,18.666668,11.333333,-4.0,13.0,-9.0,21.444445,0.64629805,-1.7974349,5
174.0,113.0,9,0.0,0.0,2.4999993,1.01111,0.9999997,0.9333328,31.777779,24.444445,43.77778,27.11111,-22.0,36.0,-14.0,43.77778,0.4415065,-2.2388027,5
97.0,63.0,9,0.0,0.0,0.7222214,0.4430521,0.33333206,0.21081766,108.92593,96.22222,126.111115,104.44444,-38.11111,51.555557,-13.444445,126.111115,0.23688999,-2.3824377,2
6.0,54.0,9,0.0,0.0,0.61110944,0.1074082,0.944444,0.5518552,116.77778,109.111115,132.44444,108.77778,-23.0,47.0,-24.0,132.44444,0.18114924,-2.079152,2
173.0,113.0,9,0.0,0.0,0.5,0.3,1.3333334,1.0666667,133.11111,124.666664,145.66667,129.0,-25.333334,37.666668,-12.333333,145.66667,0.14413407,-2.3095512,2
130.0,189.0,9,0.11111111,0.0,2.4999993,0.9831926,2.1111114,2.8100357,58.62963,51.77778,73.333336,50.77778,-20.555555,44.11111,-23.555555,73.333336,0.30798513,-2.0480576,6
168.0,184.0,9,0.0,0.0,4.6666665,1.5202329,5.8333325,1.8104627,48.25926,43.88889,58.666668,42.22222,-13.111111,31.222221,-18.11111,58.666668,0.2781955,-1.9867758,6
51.0,141.0,9,0.0,0.0,0.5555556,0.11851845,0.22222225,0.074074075,0.7037037,0.33333334,1.7777778,0.0,-1.1111112,3.2222223,-2.1111112,1.7777778,0.8888889,-1.9212171,5
138.0,185.0,9,0.0,0.0,3.0555546,2.977074,1.9444441,2.1542377,57.074074,50.11111,71.111115,50.0,-20.88889,42.11111,-21.222221,71.111115,0.29802468,-2.0888546,6
134.0,191.0,9,0.0,0.0,1.3888893,1.3066788,1.4444447,1.0886624,61.666668,54.77778,76.66667,53.555557,-20.666666,45.0,-24.333334,76.66667,0.30299366,-2.0412767,6
14.0,117.0,9,0.0,0.0,0.33333325,0.13333334,0.5555556,0.07407414,5.7777777,6.3333335,7.5555553,3.4444444,1.6666666,5.3333335,-7.0,7.5555553,0.5436508,-1.353896,1
107.0,226.0,9,0.0,0.0,1.5555557,3.0962965,3.5555556,2.5629618,7.851852,5.7777777,6.5555553,11.222222,-6.2222223,-3.8888888,10.111111,11.222222,0.5268813,2.2593977,7
142.0,163.0,9,0.0,0.0,1.4999994,0.87777835,17.666666,3.2444987,40.444443,35.0,48.555557,37.77778,-16.333334,24.333334,-8.0,48.555557,0.2689782,-2.3927407,6
1.0,189.0,9,0.0,0.0,1.3888875,0.4629626,12.388889,84.59629,23.592592,21.11111,29.333334,20.333334,-7.4444447,17.222221,-9.777778,29.333334,0.23309669,-2.0197496,6
80.0,40.0,9,0.0,0.0,0.6111107,0.5741323,0.7222226,0.7722025,110.703705,96.22222,129.0,106.888885,-43.444443,54.88889,-11.444445,129.0,0.2540513,-2.4346924,2
86.0,179.0,9,0.0,0.0,2.0,1.2823589,3.555556,3.0743864,50.555557,45.77778,62.11111,43.77778,-14.333333,34.666668,-20.333334,62.11111,0.29654688,-1.9786568,6
19.0,145.0,9,0.0,0.0,0.88888884,1.674074,2.111111,4.3851857,2.074074,0.6666667,3.5555556,2.0,-4.2222223,4.4444447,-0.22222222,3.5555556,0.45767197,-2.5697682,3
153.0,204.0,9,0.11111111,0.0,2.388889,1.6920295,3.3333333,1.3824291,19.407408,15.333333,16.88889,26.0,-12.222222,-7.5555553,19.777779,26.0,0.4203661,2.2444103,7
254.0,57.0,9,0.0,0.0,0.9444402,0.7740701,1.3888906,1.0407445,135.77777,129.44444,146.66667,131.22223,-19.0,32.666668,-13.666667,146.66667,0.11873322,-2.1874216,2
94.0,224.0,9,0.0,0.0,1.3888887,1.8407407,0.9444442,0.5518519,13.444445,10.0,11.888889,18.444445,-10.333333,-4.6666665,15.0,18.444445,0.45764294,2.3281083,7
219.0,176.0,9,0.0,0.11111111,2.1111119,1.857917,5.111111,2.8414931,60.296295,53.333332,75.66667,51.88889,-20.88889,46.11111,-25.222221,75.66667,0.31446242,-2.0306482,6
41.0,75.0,9,0.0,0.11111111,15.388889,19.136257,26.611113,31.71359,55.0,47.444443,65.44444,52.11111,-22.666666,31.333334,-8.666667,65.44444,0.29780185,-2.3567543,3
112.0,102.0,9,0.0,0.0,0.5555555,0.20740739,1.5555555,0.4740743,3.3703704,0.5555556,7.6666665,1.8888888,-8.444445,12.888889,-4.4444447,7.6666665,0.94074076,-2.2751586,3
163.0,166.0,9,0.0,0.0,1.7777776,1.0962971,2.444445,1.0518519,16.962963,12.333333,16.333334,22.222221,-13.888889,-1.8888888,15.777778,22.222221,0.4462137,2.5158255,7
117.0,224.0,9,0.0,0.0,3.0555556,2.5596585,3.0555556,3.0215273,20.25926,15.444445,17.777779,27.555555,-14.444445,-7.4444447,21.88889,27.555555,0.44151622,2.3041532,7
252.0,176.0,9,0.0,0.11111111,1.8888887,1.1482687,5.0555553,2.855145,52.925926,46.333332,67.0,45.444443,-19.777779,42.22222,-22.444445,67.0,0.32042044,-2.0516355,6
125.0,46.0,9,0.11111111,0.0,0.61110944,0.61161584,2.166668,0.7817352,124.55556,112.77778,141.0,119.888885,-35.333332,49.333332,-14.0,141.0,0.20012376,-2.357688,2
18.0,142.0,9,0.0,0.0,0.77777773,0.65185183,0.2777778,0.15185186,0.5555556,0.11111111,1.3333334,0.22222222,-1.3333334,2.3333333,-1.0,1.3333334,0.41666666,-2.1595633,3
200.0,189.0,9,0.0,0.0,1.1111113,1.0886619,3.1666667,1.0055408,49.666668,45.11111,60.88889,43.0,-13.666667,33.666668,-20.0,60.88889,0.2938097,-1.9732205,6
25.0,138.0,9,0.11111111,0.0,1.2777777,1.1434193,0.72222215,0.49065349,5.185185,2.0,9.333334,4.2222223,-9.555555,12.444445,-2.8888888,9.333334,0.7900112,-2.4068089,3
245.0,23.0,9,0.0,0.0,0.6666667,0.36514837,1.1666654,1.224743,123.0,111.0,139.77779,118.22222,-36.0,50.333332,-14.333333,139.77779,0.20590083,-2.3562624,2
124.0,98.0,9,0.0,0.0,0.9999997,1.0110505,1.2222217,1.2938603,21.518518,16.88889,30.444445,17.222223,-13.888889,26.777779,-12.888889,30.444445,0.4486757,-2.1182358,5
247.0,108.0,9,0.11111111,0.0,0.72222215,0.611616,2.1111114,1.9512583,14.518518,11.333333,20.555555,11.666667,-9.555555,18.11111,-8.555555,20.555555,0.4560301,-2.1271605,5
97.0,90.0,9,0.0,0.0,1.8888892,2.5629632,3.6111114,8.507409,20.148148,15.666667,29.0,15.777778,-13.444445,26.555555,-13.111111,29.0,0.465278,-2.101515,5
115.0,202.0,9,0.11111111,0.0,1.611111,0.24074046,2.388889,2.596295,15.148149,11.666667,14.0,19.777779,-10.444445,-3.4444444,13.888889,19.777779,0.40993193,2.401137,7
104.0,191.0,9,0.0,0.0,3.222222,1.9739053,3.777778,2.9033842,63.074074,55.333332,79.22222,54.666668,-23.222221,48.444443,-25.222221,79.22222,0.31158692,-2.0659478,6
229.0,102.0,9,0.0,0.0,0.88888866,0.7200823,7.944444,5.425934,42.77778,37.0,54.444443,36.88889,-17.333334,35.0,-17.666666,54.444443,0.31827116,-2.0885792,4
239.0,137.0,9,0.0,0.0,1.7777773,1.360828,3.4444447,1.0886629,40.851852,39.88889,45.333332,37.333336,-2.8888888,13.444445,-10.555555,45.333332,0.1760659,-1.7579898,4
2.0,88.0,9,0.0,0.0,3.611111,7.218519,2.4999998,5.855556,7.7777777,3.5555556,13.333333,6.4444447,-12.666667,16.666666,-4.0,13.333333,0.7547033,-2.3944926,3
80.0,87.0,9,0.0,0.11111111,24.388891,572.9964,44.722225,1386.3292,67.44444,58.77778,79.0,64.55556,-26.0,34.666668,-8.666667,79.0,0.30628127,-2.4221272,3
18.0,138.0,9,0.0,0.0,0.88888884,0.5629629,0.83333325,0.29999986,5.740741,7.3333335,6.5555553,3.3333333,4.7777777,2.4444444,-7.2222223,7.3333335,0.5438712,-0.8621077,1
75.0,90.0,9,0.11111111,0.0,4.1666675,3.0018506,2.8333333,2.7708795,48.22222,41.22222,61.444443,42.0,-21.0,39.666668,-18.666666,61.444443,0.32763156,-2.1318614,4
34.0,242.0,9,0.0,0.0,1.611111,1.638653,2.4444447,1.1088866,14.814815,11.333333,15.666667,17.444445,-10.444445,2.5555556,7.888889,17.444445,0.35316142,2.835614,7
53.0,78.0,9,0.11111111,0.0,1.2222252,1.0255988,2.6666653,2.2900763,106.85185,93.22222,125.666664,101.666664,-40.88889,56.444443,-15.555555,125.666664,0.25818166,-2.3680825,2
231.0,198.0,9,0.11111111,0.0,0.9999997,0.13333334,1.111111,1.2296298,15.814815,12.444445,14.222222,20.777779,-10.111111,-4.7777777,14.888889,20.777779,0.40090325,2.3248901,7
140.0,103.0,9,0.11111111,0.0,2.166666,3.4111135,1.8333334,2.1666677,21.851852,21.222221,28.0,16.333334,-1.8888888,18.444445,-16.555555,28.0,0.4162386,-1.6343956,1
214.0,143.0,9,0.0,0.0,0.11111113,0.17213261,0.44444442,0.17213264,0.6666667,0.22222222,1.7777778,0.0,-1.3333334,3.3333333,-2.0,1.7777778,0.8888889,-1.9869384,5
107.0,21.0,9,0.0,0.0,0.66666156,0.51639783,1.1666666,0.4082483,126.77778,115.77778,141.88889,122.666664,-33.0,45.333332,-12.333333,141.88889,0.18402189,-2.3703718,2
183.0,139.0,9,0.0,0.0,0.16666667,0.18257418,0.22222221,0.27216554,1.3703704,0.8888889,3.2222223,0.0,-1.4444444,5.5555553,-4.111111,3.2222223,1.0,-1.8030714,5
252.0,76.0,9,0.0,0.0,1.7222214,1.1434186,0.5555547,0.34426576,42.296295,36.0,54.11111,36.77778,-18.88889,35.444443,-16.555555,54.11111,0.334876,-2.1390018,4
152.0,155.0,9,0.0,0.0,0.5,0.61111104,10.777778,131.80739,7.296296,5.3333335,11.0,5.5555553,-5.888889,11.111111,-5.2222223,11.0,0.5,-2.115567,5
93.0,231.0,9,0.0,0.0,2.4444444,2.42963,2.6666667,3.1555562,12.296296,8.777778,11.111111,17.0,-10.555555,-3.5555556,14.111111,17.0,0.48521596,2.3913069,7
35.0,167.0,9,0.0,0.0,1.611111,0.9289586,1.5,1.130388,19.037037,16.777779,15.666667,24.666666,-6.7777777,-10.111111,16.88889,24.666666,0.36550307,1.9715719,7
197.0,123.0,9,0.0,0.0,0.94444466,0.9518536,2.9999993,1.5555562,44.814816,41.11111,53.77778,39.555557,-11.111111,26.88889,-15.777778,53.77778,0.26327455,-1.9783275,4
139.0,115.0,9,0.11111111,0.0,2.1111107,0.95839214,0.7222214,0.6469293,46.74074,42.444443,56.333332,41.444443,-12.888889,28.777779,-15.888889,56.333332,0.2641149,-2.0211253,4
62.0,224.0,9,0.0,0.0,0.9444445,1.083547,2.3333335,1.6329932,14.62963,13.222222,11.444445,19.222221,-4.2222223,-9.555555,13.777778,19.222221,0.40896538,1.8601909,7
174.0,59.0,9,0.0,0.0,0.8333346,0.34960264,1.3333334,0.8165003,122.03704,110.55556,138.77779,116.77778,-34.444443,50.22222,-15.777778,138.77779,0.20332612,-2.323173,2
215.0,84.0,9,0.0,0.0,0.33333334,0.29814252,0.3888893,0.3277306,17.11111,13.0,24.777779,13.555555,-12.333333,23.0,-10.666667,24.777779,0.475,-2.1438966,5
121.0,134.0,9,0.0,0.0,0.22222228,0.029629644,0.8333333,0.07777786,1.6666666,0.6666667,4.0,0.33333334,-3.0,7.0,-4.0,4.0,0.93703705,-2.0131435,5
54.0,133.0,9,0.0,0.0,4.3888893,1.705111,1.2777773,1.2186816,21.444445,19.88889,25.777779,18.666668,-4.6666665,13.0,-8.333333,25.777779,0.27027062,-1.9038104,4
103.0,237.0,9,0.0,0.0,1.0000001,0.4444444,0.5555555,0.47407398,8.0,6.5555553,5.6666665,11.777778,-4.3333335,-7.0,11.333333,11.777778,0.5229992,1.9465016,7
145.0,170.0,9,0.0,0.0,1.277778,0.57413363,1.222222,0.86066276,16.407408,12.777778,16.88889,19.555555,-10.888889,1.4444444,9.444445,19.555555,0.34671864,2.7370737,7
219.0,80.0,9,0.0,0.0,1.2777767,0.3296295,0.6666667,0.9333318,39.703705,36.333336,48.22222,34.555557,-10.111111,25.555555,-15.444445,48.22222,0.28296396,-1.9626464,4
63.0,13.0,9,0.0,0.0,0.6111145,0.19629402,1.1666666,1.011112,132.25926,122.77778,145.44444,128.55556,-28.444445,39.555557,-11.111111,145.44444,0.15582462,-2.3604276,2
146.0,62.0,9,0.0,0.0,0.8888893,0.20740566,1.0000013,0.3555547,99.666664,85.666664,121.44444,91.888885,-42.0,65.333336,-23.333334,121.44444,0.29458332,-2.2771423,2
227.0,109.0,9,0.0,0.0,1.1666666,0.98319155,0.3888893,0.38968188,21.851852,18.444445,28.777779,18.333334,-10.222222,20.777779,-10.555555,28.777779,0.36714104,-2.0827625,5
245.0,129.0,9,0.0,0.0,0.0,0.0,0.0,0.0,0.0,0.0,0.0,0.0,0.0,0.0,0.0,0.0,0.0,0.0,5
23.0,113.0,9,0.0,0.0,0.611111,0.28518534,0.6666666,0.48888886,1.4074074,0.11111111,3.4444444,0.6666667,-3.8888888,6.111111,-2.2222223,3.4444444,0.9814815,-2.2375617,3
94.0,215.0,9,0.0,0.0,3.1111114,5.0962954,1.6111113,1.1296293,17.185184,14.333333,14.333333,22.88889,-8.555555,-8.555555,17.11111,22.88889,0.4043918,2.1051967,7
85.0,223.0,9,0.11111111,0.0,1.7777776,1.0470417,1.9444445,1.5116831,14.740741,12.666667,11.555555,20.0,-6.2222223,-9.555555,15.777778,20.0,0.42312294,1.9665359,7
237.0,191.0,9,0.0,0.0,1.0,0.31111106,1.5,1.0111109,7.3333335,5.3333335,5.4444447,11.222222,-6.0,-5.6666665,11.666667,11.222222,0.5358197,2.1224225,7
186.0,188.0,9,0.0,0.0,1.8333321,1.2605107,1.9444433,1.2546208,49.962963,45.11111,61.444443,43.333332,-14.555555,34.444443,-19.88889,61.444443,0.29477406,-1.9934397,6
227.0,118.0,9,0.0,0.0,0.055555504,0.018518483,1.0555557,0.10740725,5.6296296,7.0,6.6666665,3.2222223,4.111111,3.1111112,-7.2222223,7.111111,0.5456349,-0.96082735,1
58.0,109.0,9,0.0,0.0,0.8888889,0.25185165,2.8333333,1.677777,4.296296,1.4444444,8.444445,3.0,-8.555555,12.444445,-3.8888888,8.444445,0.8644824,-2.2837873,3
208.0,65.0,9,0.0,0.0,1.3888874,1.2367799,26.444445,25.537477,56.703705,52.666668,64.44444,53.0,-12.111111,23.222221,-11.111111,64.44444,0.19713038,-1.9708116,4
10.0,172.0,9,0.0,0.0,4.277777,4.38896,6.6666656,7.360555,44.77778,40.333336,54.666668,39.333336,-13.333333,29.666666,-16.333334,54.666668,0.27804413,-2.0524528,6
2.0,89.0,9,0.0,0.0,1.2222224,1.7629623,2.5555556,3.4962957,18.962963,18.777779,23.88889,14.222222,-0.5555556,14.777778,-14.222222,23.88889,0.40250653,-1.544214,1
34.0,137.0,9,0.0,0.0,0.5000002,0.16666673,1.111111,0.47407418,5.851852,7.7777777,6.4444447,3.3333333,5.7777777,1.7777778,-7.5555553,7.7777777,0.57363313,-0.74427164,1
36.0,21.0,9,0.0,0.0,0.99999744,0.7999939,1.3333334,0.48888856,129.85185,120.666664,142.55556,126.333336,-27.555555,38.11111,-10.555555,142.55556,0.15349694,-2.364884,2
112.0,120.0,9,0.11111111,0.0,1.3333334,1.0327947,2.222222,1.7083671,21.555555,17.555555,28.666666,18.444445,-12.0,21.333334,-9.333333,28.666666,0.38675025,-2.1774175,5
71.0,180.0,9,0.11111111,0.0,1.222222,0.5629625,3.0,1.8666646,22.333334,18.333334,21.444445,27.222221,-12.0,-2.6666667,14.666667,27.222221,0.3273826,2.4538307,7
167.0,135.0,9,0.0,0.0,0.61111134,0.107407376,0.61111134,0.15185179,31.185184,24.0,43.11111,26.444445,-21.555555,35.77778,-14.222222,43.11111,0.44313568,-2.2278013,5
141.0,17.0,9,0.11111111,0.22222222,3.7222226,4.4493027,5.0,2.319004,44.592594,40.333336,54.0,39.444443,-12.777778,28.222221,-15.444445,54.0,0.26818594,-2.030048,4
188.0,190.0,9,0.0,0.0,1.9444447,0.9756285,2.055556,1.103865,48.88889,44.22222,60.0,42.444443,-14.0,33.333332,-19.333334,60.0,0.29230747,-1.9863075,6
190.0,45.0,9,0.0,0.0,0.6666667,0.66666645,0.7777786,0.54433,108.96296,95.888885,126.888885,104.111115,-39.22222,53.77778,-14.555555,126.888885,0.24428888,-2.3718073,2
136.0,77.0,9,0.22222222,0.0,1.888889,1.4962952,3.0555556,5.618516,26.407408,24.555555,34.444447,20.222221,-5.5555553,24.11111,-18.555555,34.444447,0.4132174,-1.7688724,1
3.0,78.0,9,0.0,0.11111111,14.833332,356.16672,43.333332,662.35547,79.666664,70.77778,91.44444,76.77778,-26.666666,35.333332,-8.666667,91.44444,0.26973316,-2.4116454,3
238.0,55.0,9,0.0,0.0,0.72222394,0.4906515,1.0,0.557774,113.666664,101.0,132.22223,107.77778,-38.0,55.666668,-17.666666,132.22223,0.23589359,-2.3196974,2
44.0,157.0,9,0.0,0.0,0.83333397,0.30000025,2.9444444,7.6185203,24.296297,19.222221,24.222221,29.444445,-15.222222,-0.22222222,15.444445,29.444445,0.35004318,2.6043034,7
57.0,117.0,9,0.0,0.0,0.4444445,0.20740739,0.38888893,0.06296291,6.3333335,7.6666665,7.4444447,3.8888888,4.0,3.3333333,-7.3333335,8.0,0.51036155,-0.98394656,1
243.0,166.0,9,0.0,0.0,0.61111116,0.3296294,0.72222203,0.32962978,13.37037,11.222222,12.111111,16.777779,-6.4444447,-3.7777777,10.222222,16.777779,0.33051255,2.2642767,7
56.0,243.0,9,0.0,0.0,2.2222223,5.274073,2.5555556,0.829629,6.4814816,5.111111,4.888889,9.444445,-4.111111,-4.7777777,8.888889,9.444445,0.52543694,2.0336287,7
89.0,221.0,9,0.0,0.0,1.3888888,1.4851848,1.4444445,1.5851862,14.074074,10.666667,12.444445,19.11111,-10.222222,-4.888889,15.111111,19.11111,0.44601154,2.3172119,7
92.0,104.0,9,0.0,0.0,1.7222227,1.4363024,1.8333346,1.3784055,100.51852,87.22222,119.888885,94.44444,-39.88889,58.11111,-18.222221,119.888885,0.27240252,-2.3262012,2
114.0,129.0,9,0.11111111,0.0,2.055556,1.1434174,0.77777606,0.88610685,62.407406,54.22222,78.0,55.0,-24.555555,46.77778,-22.222221,78.0,0.30597952,-2.1269891,4
145.0,90.0,9,0.0,0.0,1.0,0.5777784,2.0,0.399999,24.851852,23.666666,32.22222,18.666668,-3.5555556,22.11111,-18.555555,32.22222,0.4205985,-1.7059416,1
22.0,133.0,9,0.0,0.0,0.0,0.0,0.0,0.0,0.0,0.0,0.0,0.0,0.0,0.0,0.0,0.0,0.0,0.0,3
49.0,42.0,9,0.0,0.0,2.6111107,0.92895794,1.333334,0.8944278,58.88889,50.666668,74.55556,51.444443,-24.666666,47.0,-22.333334,74.55556,0.3229307,-2.1257355,4
7.0,18.0,9,0.0,0.0,1.2777786,0.7296265,0.9444453,0.37407914,138.62962,133.33334,147.55556,135.0,-15.888889,26.777779,-10.888889,147.55556,0.096352234,-2.2146115,2
2.0,98.0,9,0.0,0.0,2.0,0.6666667,1.055555,0.5518528,17.481482,18.333334,20.777779,13.333333,2.5555556,9.888889,-12.444445,20.777779,0.35672373,-1.3604367,1
195.0,99.0,9,0.0,0.0,3.0555553,4.462964,2.7777777,4.651851,6.740741,3.4444444,11.555555,5.2222223,-9.888889,14.444445,-4.5555553,11.555555,0.71189785,-2.318885,3
224.0,124.0,9,0.0,0.0,1.5555559,1.2938598,1.8888887,1.186342,43.51852,36.77778,56.333332,37.444443,-20.222221,38.444443,-18.222221,56.333332,0.3480217,-2.1278005,4
116.0,211.0,9,0.0,0.0,1.722222,1.1296293,1.6111113,1.7074069,13.740741,11.111111,12.333333,17.777779,-7.888889,-4.2222223,12.111111,17.777779,0.37534603,2.2920406,7
75.0,49.0,9,0.0,0.0,0.8333359,0.3888883,1.1666679,0.70000154,127.40741,117.0,143.11111,122.111115,-31.222221,47.11111,-15.888889,143.11111,0.18239816,-2.2978394,2
138.0,188.0,9,0.0,0.0,2.0555565,1.3567389,1.1111113,0.75030893,60.333332,53.555557,74.888885,52.555557,-20.333334,43.666668,-23.333334,74.888885,0.29951125,-2.047211,6
217.0,145.0,9,0.0,0.0,0.5555556,0.16296291,0.72222215,0.06296298,5.296296,6.3333335,6.5555553,3.0,3.1111112,3.7777777,-6.888889,7.0,0.56415343,-1.0689679,1
240.0,190.0,9,0.0,0.0,1.5555553,0.75030917,1.3333334,1.0954453,20.11111,15.888889,17.555555,26.88889,-12.666667,-7.6666665,20.333334,26.88889,0.4093088,2.252231,7
195.0,161.0,9,0.0,0.0,2.1111107,1.8074051,10.499999,91.32222,41.48148,36.0,51.11111,37.333336,-16.444445,28.88889,-12.444445,51.22222,0.29470626,-2.3165061,6
10.0,223.0,9,0.11111111,0.0,1.5000001,1.0697871,3.555556,2.9489486,15.037037,13.777778,12.888889,18.444445,-3.7777777,-6.4444447,10.222222,18.444445,0.33066535,1.9109454,7
104.0,122.0,9,0.0,0.0,0.4444445,0.02962958,0.4999999,0.1666666,6.4074073,8.111112,7.2222223,3.8888888,5.111111,2.4444444,-7.5555553,8.111112,0.52006173,-0.8321195,1
102.0,30.0,9,0.0,0.0,0.94444656,0.8798158,0.6111107,0.7722024,125.40741,115.111115,141.0,120.111115,-30.88889,46.77778,-15.888889,141.0,0.18356538,-2.2959888,2
81.0,229.0,9,0.11111111,0.0,2.4444444,0.7851852,2.0555553,3.218518,10.925926,7.4444447,10.666667,14.666667,-10.444445,-0.7777778,11.222222,14.666667,0.49614197,2.5574577,7
138.0,133.0,9,0.0,0.0,0.6666667,0.44444433,1.1666666,0.21111093,6.4444447,7.7777777,7.888889,3.6666667,4.0,4.3333335,-8.333333,8.222222,0.5582011,-1.0776595,1
69.0,68.0,9,0.0,0.0,0.83333206,0.8628117,0.7777774,0.5837293,56.296295,49.22222,71.0,48.666668,-21.222221,44.11111,-22.88889,71.0,0.31602636,-2.0695407,4
114.0,145.0,9,0.11111111,0.0,2.166666,1.3123348,0.99999934,0.6992059,61.11111,52.444443,76.77778,54.11111,-26.0,47.0,-21.0,76.77778,0.31713998,-2.1661513,4
33.0,142.0,9,0.0,0.0,0.11111113,0.029629637,0.11111113,0.029629637,0.037037037,0.0,0.11111111,0.0,-0.11111111,0.22222222,-0.11111111,0.11111111,0.11111111,-2.0943952,3
77.0,124.0,9,0.0,0.0,0.50000006,0.12222217,0.6111111,0.06296294,5.111111,6.888889,5.6666665,2.7777777,5.3333335,1.6666666,-7.0,6.888889,0.59589946,-0.7526692,1
35.0,135.0,9,0.0,0.0,0.22222225,0.118518546,0.22222225,0.118518546,0.22222222,0.0,0.6666667,0.0,-0.6666667,1.3333334,-0.6666667,0.6666667,0.33333334,-2.0943952,3
44.0,233.0,9,0.0,0.0,2.2222219,2.1464872,2.111111,1.3277657,14.481482,12.555555,11.333333,19.555555,-5.7777777,-9.444445,15.222222,19.555555,0.42217422,1.9504046,7
58.0,146.0,9,0.11111111,0.0,3.5000002,7.0555553,2.5000007,4.6555552,22.74074,18.11111,31.555555,18.555555,-13.888889,26.444445,-12.555555,31.555555,0.42982522,-2.124871,4
28.0,188.0,9,0.0,0.0,1.4444441,1.4962955,5.111111,19.007412,29.962963,26.88889,36.444443,26.555555,-9.222222,19.444445,-10.222222,36.444443,0.2758629,-2.083566,6
179.0,133.0,9,0.0,0.0,2.3888886,2.3796985,0.8888893,0.7503084,36.77778,32.0,46.333332,32.0,-14.333333,28.666666,-14.333333,46.333332,0.3133975,-2.091572,4
77.0,36.0,9,0.0,0.0,0.555556,0.17213687,1.0555559,0.6469302,111.92593,98.22222,130.33334,107.22222,-41.11111,55.22222,-14.111111,130.33334,0.24633974,-2.387384,2
77.0,78.0,9,0.0,0.0,2.222223,2.3407404,2.0,5.8666697,24.592592,24.0,31.222221,18.555555,-1.7777778,19.88889,-18.11111,31.222221,0.40196496,-1.610448,1
50.0,109.0,9,0.0,0.0,2.222222,1.2296311,1.9999996,5.911112,5.6666665,2.5555556,9.666667,4.7777777,-9.333333,12.0,-2.6666667,9.666667,0.7607343,-2.4139924,3
189.0,107.0,9,0.0,0.0,1.0,1.2888924,1.0555547,0.418522,133.66667,125.77778,145.22223,130.0,-23.666666,34.666668,-11.0,145.22223,0.13383016,-2.3173838,2
123.0,104.0,9,0.0,0.0,2.2777777,2.107407,4.0,2.0000021,21.925926,20.555555,28.666666,16.555555,-4.111111,20.222221,-16.11111,28.666666,0.4213954,-1.7287898,1
96.0,138.0,9,0.0,0.0,0.72222227,0.6469301,0.94444436,0.7123256,1.1481482,0.11111111,2.7777777,0.5555556,-3.1111112,4.888889,-1.7777778,2.7777777,0.9777778,-2.219242,3
108.0,59.0,9,0.0,0.0,0.50000125,0.16666718,1.0555559,0.2851855,126.14815,116.55556,140.44444,121.44444,-28.777779,42.88889,-14.111111,140.44444,0.170091,-2.308637,2
94.0,144.0,9,0.0,0.0,0.44444442,0.118518494,0.49999997,0.1666667,1.1481482,0.0,3.4444444,0.0,-3.4444444,6.888889,-3.4444444,3.4444444,1.0,-2.0943952,3
190.0,96.0,9,0.0,0.0,0.3888893,0.1962966,0.9444453,0.41851908,90.81481,76.0,115.666664,80.77778,-44.444443,74.55556,-30.11111,115.666664,0.34293815,-2.2199793,2
7.0,154.0,9,0.0,0.11111111,3.0555546,3.8321257,3.8333328,2.178176,50.703705,44.555557,64.0,43.555557,-18.444445,39.88889,-21.444445,64.0,0.3213451,-2.033077,4
64.0,176.0,9,0.0,0.0,2.3333328,0.91893756,1.0000006,0.91893756,50.77778,46.0,62.333332,44.0,-14.333333,34.666668,-20.333334,62.333332,0.29405567,-1.9808797,6
235.0,22.0,9,0.0,0.0,1.1666666,0.3888822,1.0,0.48888424,137.62962,132.11111,147.88889,132.88889,-16.555555,30.777779,-14.222222,147.88889,0.10965454,-2.1462038,2
150.0,113.0,9,0.0,0.0,0.5,0.25555554,0.77777773,0.20740744,5.5925927,7.111111,6.6666665,3.0,4.5555553,3.2222223,-7.7777777,7.111111,0.5793651,-0.942558,1
124.0,101.0,9,0.0,0.11111111,3.3888886,27.97407,6.4444447,59.496284,10.185185,5.7777777,15.555555,9.222222,-13.222222,16.11111,-2.8888888,15.555555,0.70008737,-2.4480398,3
58.0,122.0,9,0.0,0.0,2.0555556,2.2152667,6.1111107,3.0160062,34.185184,29.222221,44.333332,29.0,-14.888889,30.444445,-15.555555,44.333332,0.3496519,-2.0748382,4
236.0,38.0,9,0.11111111,0.0,1.3333334,1.4907119,2.9444447,2.2941144,14.444445,10.111111,22.0,11.222222,-13.0,22.666666,-9.666667,22.0,0.54723245,-2.1930976,5
8.0,162.0,9,0.11111111,0.0,1.611111,2.0629625,0.3333334,0.13333334,8.37037,6.6666665,12.0,6.4444447,-5.111111,10.888889,-5.7777777,12.0,0.48480532,-2.0449464,4
5.0,210.0,9,0.0,0.11111111,2.1666672,1.6699982,4.444444,2.613356,51.296295,45.444443,64.333336,44.11111,-17.555555,39.11111,-21.555555,64.333336,0.3175664,-2.0208955,6
94.0,104.0,9,0.0,0.0,6.6111107,1.420747,1.0000013,0.5163988,55.74074,48.88889,69.55556,48.77778,-20.555555,41.444443,-20.88889,69.55556,0.30307138,-2.0854902,4
20.0,137.0,9,0.0,0.0,0.11111113,0.029629631,0.27777782,0.018518519,0.22222222,0.0,0.6666667,0.0,-0.6666667,1.3333334,-0.6666667,0.6666667,0.6666667,-2.0943952,3
224.0,95.0,9,0.0,0.0,1.2222223,0.47407404,1.0555557,0.7296295,3.5185184,0.8888889,7.2222223,2.4444444,-7.888889,11.111111,-3.2222223,7.2222223,0.88955027,-2.3489873,3
222.0,62.0,9,0.0,0.0,0.27777782,0.2509242,0.6666667,0.55777335,6.4074073,4.111111,11.444445,3.6666667,-6.888889,15.111111,-8.222222,11.444445,0.68080807,-2.0341523,5
245.0,110.0,9,0.0,0.0,4.88889,3.4426522,1.7777783,1.8094413,34.11111,29.11111,44.444443,28.777779,-15.0,31.0,-16.0,44.444443,0.35354832,-2.0686526,4
49.0,40.0,9,0.0,0.0,0.99999875,0.42163533,0.8333333,0.72265035,125.111115,114.0,141.55556,119.77778,-33.333332,49.333332,-16.0,141.55556,0.19453695,-2.3136847,2
30.0,56.0,9,0.0,0.0,1.5555553,0.4296295,1.4999996,1.2777773,23.703703,22.11111,31.333334,17.666668,-4.7777777,22.88889,-18.11111,31.333334,0.43595982,-1.7488347,1
189.0,68.0,9,0.0,0.0,1.1111113,0.58373,1.0555557,0.5340273,6.888889,5.6666665,10.333334,4.666667,-3.6666667,10.333333,-6.6666665,10.333334,0.534151,-1.780255,5
11.0,108.0,9,0.0,0.0,1.3333335,0.80000025,1.3888888,0.95185167,17.666666,19.0,21.11111,12.888889,4.0,10.333333,-14.333333,21.11111,0.38875645,-1.3021333,1
23.0,55.0,9,0.0,0.0,2.2222216,3.6740727,1.7777773,0.7851852,23.444445,21.666666,31.11111,17.555555,-5.3333335,23.0,-17.666666,31.11111,0.43507022,-1.7711632,1
27.0,62.0,9,0.0,0.0,1.111112,0.5629644,1.6666692,1.3333359,125.333336,115.77778,139.44444,120.77778,-28.666666,42.333332,-13.666667,139.44444,0.16963542,-2.3142316,2
137.0,182.0,9,0.0,0.0,1.8333334,3.8555553,3.6111107,9.218522,34.925926,31.444445,42.88889,30.444445,-10.444445,23.88889,-13.444445,42.88889,0.28575617,-2.0011246,6
119.0,192.0,9,0.11111111,0.0,2.4999993,2.0843334,6.1666675,2.3261807,59.555557,52.555557,74.77778,51.333332,-21.0,45.666668,-24.666666,74.77778,0.31279564,-2.0381765,6
96.0,135.0,9,0.0,0.0,0.38888893,0.06296293,0.16666664,0.033333324,1.925926,1.0,4.4444447,0.33333334,-2.7777777,7.5555553,-4.7777777,4.4444447,0.92777777,-1.9313321,5
240.0,195.0,9,0.0,0.0,1.8888887,1.1674597,1.8333346,1.709451,48.851852,43.22222,60.666668,42.666668,-16.88889,35.444443,-18.555555,60.666668,0.3003628,-2.0630436,6
64.0,186.0,9,0.0,0.0,2.166667,1.9444438,6.833334,53.58887,30.777779,27.555555,37.88889,26.88889,-9.666667,21.333334,-11.666667,37.88889,0.27672648,-2.0463068,6
177.0,33.0,9,0.0,0.0,1.6666666,1.577621,4.3333335,2.9739609,8.740741,6.4444447,13.111111,6.6666665,-6.888889,13.111111,-6.2222223,13.111111,0.547103,-2.0561194,5
94.0,246.0,9,0.0,0.0,2.3333333,1.6193275,2.7222223,0.77220213,22.814816,18.88889,19.666668,29.88889,-11.777778,-9.444445,21.222221,29.88889,0.37479976,2.1589146,7
214.0,121.0,9,0.0,0.0,0.2777778,0.06296298,0.11111111,0.07407408,1.1481482,0.0,3.3333333,0.11111111,-3.4444444,6.5555553,-3.1111112,3.3333333,1.0,-2.132635,3
178.0,35.0,9,0.0,0.0,0.4444445,0.34426528,0.3888887,0.25092396,13.481482,10.333334,19.222221,10.888889,-9.444445,17.222221,-7.7777777,19.222221,0.4592879,-2.1533325,5
68.0,157.0,9,0.0,0.0,5.8333325,14.344446,1.388889,1.6629623,21.444445,16.88889,30.0,17.444445,-13.666667,25.666666,-12.0,30.0,0.43888178,-2.1343,4
80.0,77.0,9,0.0,0.0,1.388888,1.0628399,0.6666667,0.5577739,59.11111,51.11111,74.0,52.22222,-24.0,44.666668,-20.666666,74.0,0.31068987,-2.1430485,4
96.0,84.0,9,0.0,0.0,1.5000004,1.2777773,1.6111107,2.2851882,23.851852,23.555555,30.0,18.0,-0.8888889,18.444445,-17.555555,30.0,0.39879107,-1.598867,1
219.0,176.0,9,0.0,0.11111111,2.1111119,1.857917,5.111111,2.8414931,60.296295,53.333332,75.66667,51.88889,-20.88889,46.11111,-25.222221,75.66667,0.31446242,-2.0306482,6
52.0,185.0,9,0.0,0.0,1.6666666,1.4222219,0.94444436,0.95185256,19.25926,14.888889,18.222221,24.666666,-13.111111,-3.1111112,16.222221,24.666666,0.39645794,2.4518359,7
151.0,89.0,9,0.0,0.0,8.388889,4.577317,0.72222203,0.38968238,31.703703,27.333334,41.0,26.777779,-13.111111,27.88889,-14.777778,41.0,0.35127252,-2.0465415,4
77.0,177.0,9,0.0,0.0,1.3333327,1.3333344,2.1666672,1.9748423,48.407406,44.22222,59.333332,41.666668,-12.555555,32.77778,-20.222221,59.333332,0.29743084,-1.9404231,6
104.0,124.0,9,0.0,0.0,0.6111111,0.15185174,0.6666665,0.31111106,6.185185,7.6666665,7.3333335,3.5555556,4.4444447,3.4444444,-7.888889,7.888889,0.5500441,-0.9578401,1
10.0,61.0,9,0.11111111,0.0,2.2222219,3.185182,3.1111107,7.185185,18.962963,18.666668,24.222221,14.0,-0.8888889,15.777778,-14.888889,24.222221,0.41952246,-1.5912062,1
76.0,134.0,9,0.11111111,0.0,2.5555546,1.4401643,1.4444441,0.54433167,48.925926,41.88889,63.11111,41.77778,-21.11111,42.555557,-21.444445,63.11111,0.3411113,-2.0869143,4
119.0,115.0,9,0.0,0.11111111,2.4444444,1.5729189,5.0,2.9363625,7.5555553,3.5555556,12.888889,6.2222223,-12.0,16.0,-4.0,12.888889,0.7672355,-2.3909924,3
152.0,155.0,9,0.0,0.0,0.5,0.61111104,10.777778,131.80739,7.296296,5.3333335,11.0,5.5555553,-5.888889,11.111111,-5.2222223,11.0,0.5,-2.115567,5
220.0,149.0,9,0.0,0.0,0.11111113,0.17213261,0.11111113,0.17213261,0.037037037,0.0,0.11111111,0.0,-0.11111111,0.22222222,-0.11111111,0.11111111,0.11111111,-2.0943952,5
55.0,80.0,9,0.11111111,0.0,1.833333,4.3,1.8333334,1.0999995,7.0740743,2.8888888,12.444445,5.888889,-12.555555,16.11111,-3.5555556,12.444445,0.77528197,-2.4175172,3
101.0,130.0,9,0.0,0.0,0.611111,0.2407408,0.66666657,0.57777774,5.7777777,7.4444447,6.6666665,3.2222223,5.0,2.6666667,-7.6666665,7.5555553,0.57539684,-0.87149525,1
83.0,96.0,9,0.0,0.0,0.49999967,0.45946804,0.6666663,0.5163983,19.592592,15.222222,28.444445,15.111111,-13.111111,26.555555,-13.444445,28.444445,0.4727645,-2.0860834,5
213.0,14.0,9,0.0,0.0,1.0555559,0.57413363,1.6666692,1.3333321,117.0,104.22222,134.11111,112.666664,-38.333332,51.333332,-13.0,134.11111,0.2228557,-2.3903835,2
230.0,117.0,9,0.0,0.0,3.2777786,0.92895794,1.4444433,0.86066324,39.037037,33.555557,49.77778,33.77778,-16.444445,32.22222,-15.777778,49.77778,0.33502588,-2.1062348,4
110.0,174.0,9,0.0,0.0,0.38888884,0.06296291,1.7222222,0.15185165,13.481482,10.888889,12.555555,17.0,-7.7777777,-2.7777777,10.555555,17.0,0.35929558,2.3778543,7
244.0,82.0,9,0.0,0.0,0.611111,1.0201671,2.722222,2.5334797,15.518518,11.666667,22.444445,12.444445,-11.555555,20.777779,-9.222222,22.444445,0.4816013,-2.1706324,5
10.0,207.0,9,0.0,0.0,2.61111,1.3066788,3.1111119,3.0086293,52.11111,46.0,64.88889,45.444443,-18.333334,38.333332,-20.0,64.88889,0.29928485,-2.0633535,6
19.0,55.0,9,0.0,0.0,1.444445,2.8296297,1.277778,0.862964,21.037037,20.555555,26.666666,15.888889,-1.4444444,16.88889,-15.444445,26.666666,0.40479085,-1.634416,1
104.0,41.0,9,0.0,0.0,0.3888893,0.32773066,0.8333333,0.58689624,112.111115,99.0,129.33334,108.0,-39.333332,51.666668,-12.333333,129.33334,0.23449263,-2.4045534,2
244.0,194.0,9,0.0,0.0,1.722222,1.14342,2.277778,2.03761,49.74074,44.444443,61.666668,43.11111,-15.888889,35.77778,-19.88889,61.666668,0.30085307,-2.0218375,6
131.0,15.0,9,0.11111111,0.0,0.88889056,1.0518463,1.888888,2.162973,130.14815,119.666664,145.33334,125.44444,-31.444445,45.555557,-14.111111,145.33334,0.1764939,-2.3249698,2
123.0,194.0,9,0.0,0.0,2.555556,1.7847078,9.111109,7.7133846,60.814816,54.333332,74.888885,53.22222,-19.444445,42.22222,-22.777779,74.888885,0.29238248,-2.033605,6
59.0,99.0,9,0.0,0.0,0.77777785,0.8296297,0.99999994,0.3555556,2.0370371,0.11111111,5.5555553,0.44444445,-5.7777777,10.555555,-4.7777777,5.5555553,0.9861111,-2.149743,3
58.0,19.0,9,0.0,0.0,1.6111094,0.41851503,1.4999975,1.2777733,129.92592,121.0,142.66667,126.111115,-26.777779,38.22222,-11.444445,142.66667,0.15181188,-2.3407645,2
61.0,119.0,9,0.0,0.0,0.83333325,0.8333332,1.0555555,0.95185167,1.2222222,0.11111111,3.2222223,0.33333334,-3.3333333,6.0,-2.6666667,3.2222223,0.984127,-2.133095,3
228.0,20.0,9,0.0,0.0,1.0555547,0.49065518,0.8333333,0.7527733,125.0,114.0,140.55556,120.44444,-33.0,46.666668,-13.666667,140.55556,0.18889166,-2.348006,2
225.0,222.0,9,0.11111111,0.0,1.5,0.4777781,1.7777778,1.7185186,14.0,10.777778,13.666667,17.555555,-9.666667,-1.0,10.666667,17.555555,0.38572726,2.5573087,7
162.0,94.0,9,0.0,0.0,9.611112,39.262947,0.55555576,0.25185204,15.37037,10.666667,23.777779,11.666667,-14.111111,25.222221,-11.111111,23.777779,0.59959364,-2.142756,5
161.0,136.0,9,0.0,0.0,0.6111111,0.19629627,0.44444442,0.074074,5.6296296,7.111111,6.4444447,3.3333333,4.4444447,2.4444444,-6.888889,7.2222223,0.53571427,-0.8965326,1
217.0,23.0,9,0.0,0.0,1.0555547,0.61161584,1.1666654,0.54772294,124.44444,111.888885,141.66667,119.77778,-37.666668,51.666668,-14.0,141.66667,0.2101616,-2.3705504,2
73.0,31.0,9,0.0,0.0,0.555556,0.4554202,0.8888893,0.34426534,126.85185,115.55556,143.11111,121.888885,-33.88889,48.77778,-14.888889,143.11111,0.19245563,-2.3348312,2
184.0,15.0,9,0.0,0.0,0.44444528,0.25185028,0.77777356,0.11851902,140.77777,134.33334,150.11111,137.88889,-19.333334,28.0,-8.666667,150.11111,0.105074264,-2.3284721,2
227.0,132.0,9,0.0,0.0,6.666668,1.3824298,1.3333334,1.0110494,38.77778,33.22222,49.22222,33.88889,-16.666666,31.333334,-14.666667,49.22222,0.32576838,-2.1295228,4
42.0,57.0,9,0.0,0.0,1.3888906,0.97562754,0.99999875,0.36514837,65.703705,59.444443,79.44444,58.22222,-18.777779,41.22222,-22.444445,79.44444,0.26677614,-2.0307028,4
34.0,116.0,9,0.0,0.0,5.777778,4.405383,0.49999872,0.27888796,61.0,52.444443,76.44444,54.11111,-25.666666,46.333332,-20.666666,76.44444,0.31323463,-2.1617932,4
113.0,114.0,9,0.0,0.0,0.94444466,0.5074079,0.33333364,0.08888922,25.814816,21.0,34.666668,21.777779,-14.444445,26.555555,-12.111111,34.666668,0.39392713,-2.1527398,5
13.0,149.0,9,0.0,0.0,0.8888889,0.7851851,0.99999994,1.2444444,5.5185184,4.111111,8.777778,3.6666667,-4.2222223,9.777778,-5.5555553,8.777778,0.5881634,-2.0091076,1
58.0,48.0,9,0.0,0.0,2.277778,0.250925,0.27777734,0.25092447,40.851852,35.444447,52.444443,34.666668,-16.222221,34.77778,-18.555555,52.444443,0.33911672,-2.0487316,4
103.0,216.0,9,0.0,0.0,0.88888884,0.6518517,2.1666663,1.1444442,14.555555,10.888889,13.666667,19.11111,-11.0,-2.6666667,13.666667,19.11111,0.43169576,2.4475467,7
137.0,182.0,9,0.0,0.0,1.8333334,3.8555553,3.6111107,9.218522,34.925926,31.444445,42.88889,30.444445,-10.444445,23.88889,-13.444445,42.88889,0.28575617,-2.0011246,6
103.0,64.0,9,0.0,0.0,0.6666667,0.6992054,1.3333308,0.91893595,108.77778,96.333336,126.22222,103.77778,-37.333332,52.333332,-15.0,126.22222,0.2367968,-2.3554425,2
197.0,161.0,9,0.0,0.0,1.9999996,5.5555515,11.5,99.63333,42.37037,36.88889,51.666668,38.555557,-16.444445,27.88889,-11.444445,51.77778,0.27503988,-2.395566,6
65.0,176.0,9,0.0,0.0,2.8888886,1.4707015,1.5,1.1690452,49.74074,45.22222,61.0,43.0,-13.555555,33.77778,-20.222221,61.0,0.294787,-1.9657031,6
226.0,110.0,9,0.0,0.0,0.33333334,0.08888887,0.49999997,0.2111111,1.6666666,0.11111111,4.4444447,0.44444445,-4.6666665,8.333333,-3.6666667,4.4444447,0.9777778,-2.1559837,3
183.0,157.0,9,0.0,0.0,0.6666667,0.4216376,2.1111114,0.62063295,19.666666,16.444445,18.666668,23.88889,-9.666667,-3.0,12.666667,23.88889,0.31418663,2.4052022,7
98.0,135.0,9,0.0,0.0,0.6111112,0.15185179,1.0555556,0.37407392,5.703704,7.4444447,6.4444447,3.2222223,5.2222223,2.2222223,-7.4444447,7.4444447,0.5654762,-0.7873758,1
24.0,215.0,9,0.22222222,0.0,0.8333333,0.80966425,2.5555556,1.2590423,18.074074,14.222222,15.444445,24.555555,-11.555555,-7.888889,19.444445,24.555555,0.42521268,2.2240133,7
141.0,163.0,9,0.0,0.0,0.7777767,0.42963055,18.777777,1.851823,40.703705,35.22222,48.88889,38.0,-16.444445,24.555555,-8.111111,48.88889,0.27005577,-2.3884537,6
215.0,190.0,9,0.11111111,0.0,1.388889,1.0417223,2.6111114,1.8429048,19.88889,16.0,17.11111,26.555555,-11.666667,-8.333333,20.0,26.555555,0.40352198,2.2044082,7
222.0,194.0,9,0.0,0.0,2.2777774,1.1434193,2.2777777,1.4207466,20.185184,16.555555,17.88889,26.11111,-10.888889,-6.888889,17.777779,26.11111,0.3721296,2.224382,7
121.0,237.0,9,0.0,0.0,1.3333331,1.155555,1.5555553,0.785185,7.4814816,6.111111,5.111111,11.222222,-4.111111,-7.111111,11.222222,11.222222,0.55723476,1.9384677,7
221.0,35.0,9,0.0,0.0,0.6666667,0.13333334,0.94444656,0.107407376,98.74074,83.333336,122.55556,90.333336,-46.22222,71.44444,-25.222221,122.55556,0.32001477,-2.280843,2
245.0,73.0,9,0.0,0.0,8.222222,6.2739906,10.722222,7.6809044,46.666668,32.11111,70.111115,37.77778,-43.666668,70.333336,-26.666666,70.111115,0.5490324,-2.2512536,3
209.0,122.0,9,0.0,0.0,0.8333327,0.07777824,11.444444,90.829605,39.22222,35.77778,47.555557,34.333336,-10.333333,25.0,-14.666667,47.555557,0.28241062,-1.9850266,4
4.0,87.0,9,0.11111111,0.0,2.7777777,3.0962942,2.722222,4.3740745,17.333334,18.222221,21.0,12.777778,2.6666667,11.0,-13.666667,21.11111,0.39173108,-1.3183731,1
95.0,100.0,9,0.11111111,0.0,0.7222223,0.1074075,1.2222217,1.140741,21.074074,21.666666,26.0,15.555555,1.7777778,14.777778,-16.555555,26.0,0.4010419,-1.4770186,1
102.0,158.0,9,0.22222222,0.0,2.2777774,2.1230664,1.8333334,1.0488074,39.333332,35.555557,47.444443,35.0,-11.333333,24.333334,-13.0,47.444443,0.26415184,-2.049172,4
35.0,107.0,9,0.0,0.0,10.222221,14.967619,9.833333,17.54708,9.518518,7.3333335,12.222222,9.0,-6.5555553,8.111111,-1.5555556,12.222222,0.6749559,-2.4929647,3
227.0,195.0,9,0.11111111,0.0,2.5,2.2385526,3.5000007,2.8886762,47.74074,42.77778,58.555557,41.88889,-14.888889,32.444443,-17.555555,58.555557,0.28449497,-2.038956,6
80.0,124.0,9,0.0,0.0,0.5555556,0.16296288,0.44444442,0.029629659,5.111111,6.6666665,6.0,2.6666667,4.6666665,2.6666667,-7.3333335,6.7777777,0.6084656,-0.877707,1
48.0,83.0,9,0.0,0.0,2.277778,4.0185175,2.3333333,1.6888885,6.259259,2.2222223,11.888889,4.666667,-12.111111,16.88889,-4.7777777,11.888889,0.82735026,-2.3450046,3
146.0,201.0,9,0.0,0.0,0.61111087,0.32773054,1.0555555,0.8004625,10.666667,8.666667,7.0,16.333334,-6.0,-11.0,17.0,16.333334,0.5708515,1.9092555,7
15.0,123.0,9,0.0,0.0,0.44444445,0.11851848,0.4444444,0.118518606,4.5555553,6.0,5.3333335,2.3333335,4.3333335,2.3333333,-6.6666665,6.0,0.6116402,-0.85354733,1
178.0,122.0,9,0.0,0.0,0.5555555,0.11851845,0.7777776,0.11851851,5.851852,7.3333335,6.888889,3.3333333,4.4444447,3.1111112,-7.5555553,7.4444447,0.54960316,-0.94255877,1
142.0,185.0,9,0.11111111,0.0,2.2777786,1.7690771,3.1111114,1.1674604,47.814816,43.88889,58.22222,41.333336,-11.777778,31.222221,-19.444445,58.22222,0.28914437,-1.937924,6
205.0,177.0,9,0.0,0.0,2.8333347,9.633328,8.499999,17.366692,32.444443,28.444445,40.333336,28.555555,-12.0,23.666666,-11.666667,40.333336,0.296365,-2.121237,6
26.0,67.0,9,0.11111111,0.0,1.0,0.8888903,2.4444447,3.1851847,20.0,19.555555,25.88889,14.555555,-1.3333334,17.666666,-16.333334,25.88889,0.4369392,-1.6232022,1
4.0,201.0,9,0.0,0.22222222,2.722222,1.6788458,5.2222214,3.1245742,53.703705,47.11111,67.22222,46.77778,-19.777779,40.555557,-20.777779,67.22222,0.30885938,-2.0752265,6
22.0,116.0,9,0.0,0.0,0.38888875,0.10740741,0.33333325,0.13333334,5.6296296,6.7777777,7.0,3.1111112,3.4444444,4.111111,-7.5555553,7.3333335,0.57539684,-1.0996237,1
187.0,89.0,9,0.0,0.0,1.7777777,1.7469549,0.9444444,0.80046284,5.037037,2.8888888,9.555555,2.6666667,-6.4444447,13.555555,-7.111111,9.555555,0.74090356,-2.0653422,5
166.0,66.0,9,0.0,0.0,0.7777767,0.6554609,5.2777767,4.959466,41.62963,40.555557,46.333332,38.0,-3.2222223,14.111111,-10.888889,46.333332,0.17887476,-1.7485459,4
79.0,28.0,9,0.0,0.0,4.277777,3.7618961,0.8333333,0.6582806,62.407406,53.444443,79.111115,54.666668,-26.88889,50.11111,-23.222221,79.111115,0.32455578,-2.1445074,4
152.0,18.0,9,0.0,0.0,0.7777774,0.4554219,0.55555725,0.2721644,112.111115,97.22222,130.44444,108.666664,-44.666668,55.0,-10.333333,130.44444,0.2546684,-2.45498,2
33.0,114.0,9,0.0,0.0,0.55555516,0.07407411,0.49999985,0.21111098,16.11111,11.777778,24.11111,12.444445,-13.0,24.0,-11.0,24.11111,0.51092404,-2.1490734,5
129.0,176.0,9,0.0,0.0,1.4444443,0.65546167,2.722222,1.5408025,22.74074,19.444445,19.777779,29.0,-9.888889,-8.888889,18.777779,29.0,0.33502117,2.1269014,7
219.0,80.0,9,0.0,0.0,2.0555556,2.9014688,2.9444444,1.0835476,14.481482,11.333333,20.333334,11.777778,-9.444445,17.555555,-8.111111,20.333334,0.43286037,-2.1389008,5
179.0,63.0,9,0.0,0.0,0.99999744,0.51639783,6.222223,5.6751566,105.59259,92.666664,123.22222,100.888885,-38.77778,52.88889,-14.111111,123.22222,0.2481359,-2.3752825,2
37.0,124.0,9,0.0,0.11111111,1.4999994,1.0111091,2.4444447,1.8074036,54.333332,49.444443,65.22222,48.333332,-14.666667,32.666668,-18.0,65.22222,0.2585428,-2.0300786,4
251.0,195.0,9,0.0,0.0,2.944444,2.8784,3.833334,2.3546653,47.925926,42.555557,59.22222,42.0,-16.11111,33.88889,-17.777779,59.22222,0.2918749,-2.0567336,6
67.0,40.0,9,0.0,0.0,0.6666654,0.51639676,0.6666667,0.699204,110.03704,95.333336,129.0,105.77778,-44.11111,56.88889,-12.777778,129.0,0.2609661,-2.4194565,2
156.0,79.0,9,0.0,0.11111111,1.9444443,2.4532669,4.7777777,3.4875438,14.185185,10.555555,20.555555,11.444445,-10.888889,19.11111,-8.222222,20.555555,0.4850439,-2.1758432,5
123.0,136.0,9,0.0,0.0,0.5555555,1.0962964,0.6666666,1.3333331,1.1111112,0.11111111,3.0,0.22222222,-3.0,5.6666665,-2.6666667,3.0,0.9861111,-2.1109743,3
237.0,135.0,9,0.0,0.0,0.5555556,0.20740725,0.66666675,0.35555547,4.148148,5.6666665,4.7777777,2.0,4.5555553,1.8888888,-6.4444447,5.6666665,0.6472222,-0.8078477,1
69.0,81.0,9,0.0,0.0,1.833333,2.2111096,1.8333334,1.0111104,19.851852,20.333334,24.666666,14.555555,1.4444444,14.444445,-15.888889,24.666666,0.41030994,-1.472378,1
82.0,51.0,9,0.0,0.0,0.6111107,0.44305146,0.6111107,0.74286705,123.18519,111.77778,138.88889,118.888885,-34.22222,47.11111,-12.888889,138.88889,0.19520037,-2.368498,2
139.0,185.0,9,0.0,0.0,1.9999994,0.63245475,1.222222,1.9051588,59.148148,52.22222,73.44444,51.77778,-20.777779,42.88889,-22.11111,73.44444,0.29643956,-2.0738695,6
127.0,57.0,9,0.11111111,0.0,0.944444,0.7123264,1.611112,1.1038661,124.25926,113.0,140.33334,119.44444,-33.77778,48.22222,-14.444445,140.33334,0.19475445,-2.3411634,2
236.0,117.0,9,0.0,0.0,0.7777786,0.40368706,1.277778,0.74286777,45.88889,39.555557,58.444443,39.666668,-19.0,37.666668,-18.666666,58.444443,0.33047688,-2.0994802,4
243.0,41.0,9,0.0,0.0,1.0,0.35555902,0.27777863,0.15185194,135.22223,128.44444,145.88889,131.33334,-20.333334,32.0,-11.666667,145.88889,0.11953241,-2.2702253,2
157.0,85.0,9,0.0,0.0,1.2222223,1.2412657,0.22222233,0.17213264,18.925926,14.555555,26.88889,15.333333,-13.111111,23.88889,-10.777778,26.88889,0.45902446,-2.1609125,5
207.0,115.0,9,0.0,0.0,1.0555555,0.3296295,0.16666669,0.033333343,1.2222222,0.44444445,2.8888888,0.33333334,-2.3333333,5.0,-2.6666667,2.8888888,0.93333334,-2.0655363,5
90.0,134.0,9,0.0,0.0,0.38888887,0.018518528,0.94444436,0.1518523,2.1111112,1.0,4.666667,0.6666667,-3.3333333,7.6666665,-4.3333335,4.666667,0.88148147,-2.0131435,5
51.0,56.0,9,0.0,0.0,0.88888675,0.16296297,0.7222214,0.10740789,126.44444,116.22222,141.66667,121.44444,-30.666666,45.666668,-15.0,141.66667,0.17948268,-2.3076565,2
52.0,89.0,9,0.0,0.0,5.2222223,2.721655,0.7222226,0.49065316,28.925926,25.222221,36.88889,24.666666,-11.111111,23.88889,-12.777778,36.88889,0.33112764,-2.0484614,4
8.0,199.0,9,0.0,0.0,1.6666671,0.78881073,1.3888893,0.71232533,15.0,13.333333,11.777778,19.88889,-5.0,-9.666667,14.666667,19.88889,0.40888458,1.9053026,7
169.0,199.0,9,0.0,0.0,1.277778,0.4430534,1.277778,1.041722,14.518518,11.111111,14.555555,17.88889,-10.222222,0.11111111,10.111111,17.88889,0.37847343,2.6341755,7
150.0,158.0,9,0.0,0.0,2.166667,1.6333338,1.388889,0.41851807,8.444445,7.0,12.222222,6.111111,-4.3333335,11.333333,-7.0,12.222222,0.50308645,-1.9434487,4
95.0,57.0,9,0.0,0.0,1.8333327,3.4111106,2.1111107,1.7185175,26.296297,24.666666,34.444447,19.777779,-4.888889,24.444445,-19.555555,34.444447,0.42569095,-1.7390174,1
17.0,204.0,9,0.0,0.0,2.0000007,1.2823583,2.1666667,0.7527733,57.25926,50.88889,71.22222,49.666668,-19.11111,41.88889,-22.777779,71.22222,0.3026711,-2.0373724,6
96.0,141.0,9,0.0,0.0,1.5555555,0.7407407,0.44444445,0.11851848,4.962963,3.1111112,8.777778,3.0,-5.5555553,11.444445,-5.888889,8.777778,0.6652397,-2.0750706,5
89.0,221.0,9,0.0,0.0,1.3888888,1.4851848,1.4444445,1.5851862,14.074074,10.666667,12.444445,19.11111,-10.222222,-4.888889,15.111111,19.11111,0.44601154,2.3172119,7
181.0,87.0,9,0.0,0.0,1.2222239,0.4740691,0.7777786,0.20740585,135.40741,127.888885,146.44444,131.88889,-22.555555,33.11111,-10.555555,146.44444,0.12657078,-2.312874,2
182.0,134.0,9,0.0,0.0,0.6111112,0.24074072,0.72222215,0.06296298,5.888889,7.6666665,6.6666665,3.3333333,5.3333335,2.3333333,-7.6666665,7.888889,0.57760143,-0.8060425,1
29.0,18.0,9,0.22222222,0.0,0.7777774,0.8073724,1.7222227,1.2895608,68.296295,59.0,86.111115,59.77778,-27.88889,53.444443,-25.555555,86.111115,0.31715608,-2.123641,4
164.0,45.0,9,0.0,0.0,1.0555559,0.59629923,1.0,0.22221947,101.92593,88.111115,124.55556,93.111115,-41.444443,67.888885,-26.444445,124.55556,0.29250294,-2.238324,2
128.0,116.0,9,0.0,0.0,0.77777785,0.6962963,0.8333333,0.9222224,1.962963,0.22222222,5.0,0.6666667,-5.2222223,9.111111,-3.8888888,5.0,0.9702381,-2.1634343,3
80.0,40.0,9,0.0,0.0,0.6111107,0.5741323,0.7222226,0.7722025,110.703705,96.22222,129.0,106.888885,-43.444443,54.88889,-11.444445,129.0,0.2540513,-2.4346924,2
241.0,135.0,9,0.0,0.0,0.22222225,0.029629627,0.16666667,0.07777778,0.14814815,0.0,0.44444445,0.0,-0.44444445,0.8888889,-0.44444445,0.44444445,0.33333334,-2.0943952,5
51.0,15.0,9,0.0,0.0,0.72222644,0.28518468,1.2222214,0.7851845,132.22223,123.0,145.33334,128.33334,-27.666666,39.333332,-11.666667,145.33334,0.15361586,-2.3410408,2
202.0,182.0,9,0.0,0.0,2.5555546,1.8579167,3.0,2.0548048,55.074074,49.555557,68.111115,47.555557,-16.555555,39.11111,-22.555555,68.111115,0.3016008,-1.9892213,6
93.0,29.0,9,0.0,0.0,1.2222239,1.2296363,1.3888906,1.5740819,128.48148,119.0,142.77777,123.666664,-28.444445,42.88889,-14.444445,142.77777,0.16648434,-2.2977605,2
174.0,112.0,9,0.0,0.0,2.3888881,0.99629515,0.6666663,0.79999924,31.62963,24.222221,43.666668,27.0,-22.222221,36.11111,-13.888889,43.666668,0.4450395,-2.2447722,5
121.0,154.0,9,0.0,0.0,0.44444442,0.118518524,2.611111,5.7518525,1.8518518,1.5555556,3.0,1.0,-0.8888889,3.4444444,-2.5555556,3.0,0.5343915,-1.9059265,5
18.0,87.0,9,0.0,0.0,1.5555555,1.9626132,1.8888887,1.7469552,2.925926,1.2222222,5.6666665,1.8888888,-5.111111,8.222222,-3.1111112,5.6666665,0.86277056,-2.2294934,3
78.0,201.0,9,0.0,0.0,2.8333333,2.6562307,4.9999995,4.071583,56.444443,51.444443,68.66667,49.22222,-15.0,36.666668,-21.666666,68.66667,0.28042978,-1.9694558,6
228.0,90.0,9,0.0,0.0,1.8333334,2.2085693,2.2222223,2.4645634,16.851852,12.888889,24.444445,13.222222,-11.888889,22.777779,-10.888889,24.444445,0.47554862,-2.1227303,5
214.0,236.0,9,0.0,0.0,0.5,0.25555578,3.7777774,1.3629639,16.592592,12.888889,14.666667,22.222221,-11.111111,-5.7777777,16.88889,22.222221,0.41959706,2.3066785,7
236.0,42.0,9,0.0,0.0,0.72222394,0.46296337,1.3888906,1.4407468,135.2963,128.11111,146.44444,131.33334,-21.555555,33.444443,-11.888889,146.44444,0.12513736,-2.2822175,2
235.0,35.0,9,0.0,0.0,0.44444528,0.29629743,1.2222214,0.607412,97.92593,83.0,122.0,88.77778,-44.77778,72.22222,-27.444445,122.0,0.31949878,-2.2482352,2
22.0,116.0,9,0.0,0.0,0.38888875,0.10740741,0.33333325,0.13333334,5.6296296,6.7777777,7.0,3.1111112,3.4444444,4.111111,-7.5555553,7.3333335,0.57539684,-1.0996237,1
131.0,125.0,9,0.0,0.0,0.6111111,0.3740741,0.49999997,0.30000004,1.3703704,0.0,3.8888888,0.22222222,-4.111111,7.5555553,-3.4444444,3.8888888,1.0,-2.1303394,3
16.0,117.0,9,0.0,0.0,0.27777776,0.15185185,0.50000006,0.2111111,5.888889,6.888889,7.4444447,3.3333333,3.0,4.6666665,-7.6666665,7.4444447,0.5535714,-1.1796917,1
19.0,102.0,9,0.0,0.0,3.88889,1.5006163,1.1666666,0.62360954,58.37037,50.666668,73.44444,51.0,-23.11111,45.22222,-22.11111,73.44444,0.317014,-2.1020474,4
14.0,60.0,9,0.0,0.0,0.55555505,0.78518444,1.0555553,0.06296298,19.333334,18.88889,24.777779,14.333333,-1.3333334,16.333334,-15.0,24.777779,0.41924807,-1.6233917,1
84.0,62.0,9,0.0,0.0,0.72222203,0.49065322,0.9444434,0.77220213,61.037037,53.444443,76.22222,53.444443,-22.777779,45.555557,-22.777779,76.22222,0.3031787,-2.0937438,4
63.0,203.0,9,0.0,0.0,4.277778,3.7913144,3.4444447,4.0368657,58.48148,52.444443,71.66667,51.333332,-18.11111,39.555557,-21.444445,71.66667,0.28710723,-2.0346415,6
189.0,48.0,9,0.0,0.0,0.72222203,0.38968173,4.6666665,4.3050365,42.074074,38.77778,49.88889,37.555557,-9.888889,23.444445,-13.555555,49.88889,0.24524052,-2.0032587,4
187.0,106.0,9,0.0,0.0,4.055556,12.329637,7.0,53.244434,37.703705,34.11111,45.77778,33.22222,-10.777778,24.222221,-13.444445,45.77778,0.27090696,-2.0101776,4
21.0,53.0,9,0.0,0.0,0.888889,0.5185181,1.1666666,0.43333283,21.555555,20.88889,27.444445,16.333334,-2.0,17.666666,-15.666667,27.444445,0.40413755,-1.6621771,1
84.0,200.0,9,0.0,0.0,4.722221,2.7032206,2.5,1.5311577,56.666668,50.666668,70.22222,49.11111,-18.0,40.666668,-22.666666,70.22222,0.30081734,-2.0153737,6
117.0,224.0,9,0.0,0.0,3.0555556,2.5596585,3.0555556,3.0215273,20.25926,15.444445,17.777779,27.555555,-14.444445,-7.4444447,21.88889,27.555555,0.44151622,2.3041532,7
86.0,33.0,9,0.0,0.0,1.1666654,0.6111112,0.61110944,0.19629543,109.888885,96.77778,130.55556,102.333336,-39.333332,62.0,-22.666666,130.55556,0.25860354,-2.2662253,2
93.0,236.0,9,0.11111111,0.0,1.7777777,2.6962965,1.9999999,0.93333334,12.518518,9.555555,10.777778,17.222223,-8.888889,-5.2222223,14.111111,17.222223,0.44724658,2.2671974,7
200.0,245.0,9,0.11111111,0.0,1.4999999,0.9222229,1.0555552,0.5074078,16.11111,11.888889,15.0,21.444445,-12.666667,-3.3333333,16.0,21.444445,0.44538036,2.432783,7
6.0,154.0,9,0.0,0.0,0.11111113,0.029629631,0.11111111,0.029629635,0.074074075,0.0,0.22222222,0.0,-0.22222222,0.44444445,-0.22222222,0.22222222,0.22222222,-2.0943952,5
20.0,122.0,9,0.0,0.0,1.5555547,1.1863433,1.7777773,1.4857366,60.74074,51.555557,78.22222,52.444443,-27.555555,52.444443,-24.88889,78.22222,0.34236288,-2.1284232,4
201.0,34.0,9,0.0,0.0,4.277778,3.05808,0.44444466,0.4036869,13.740741,9.777778,20.88889,10.555555,-11.888889,21.444445,-9.555555,20.88889,0.5448579,-2.1628716,5
234.0,122.0,9,0.0,0.0,1.7222222,7.8407397,1.3888888,7.574073,2.2592592,0.5555556,5.2222223,1.0,-5.111111,8.888889,-3.7777777,5.2222223,0.96031743,-2.1732037,3
250.0,160.0,9,0.0,0.0,2.1111114,1.1851863,1.5555553,2.740741,42.814816,36.444443,55.333332,36.666668,-19.11111,37.555557,-18.444445,55.333332,0.34714225,-2.1023183,6
151.0,89.0,9,0.0,0.0,8.388889,4.577317,0.72222203,0.38968238,31.703703,27.333334,41.0,26.777779,-13.111111,27.88889,-14.777778,41.0,0.35127252,-2.0465415,4
196.0,241.0,9,0.0,0.0,1.5555557,1.1287489,1.1666667,1.206464,8.259259,5.888889,7.0,11.888889,-7.111111,-3.7777777,10.888889,11.888889,0.5094597,2.2773511,7
63.0,201.0,9,0.0,0.0,1.4444445,0.9185186,0.94444424,0.5518518,7.7777777,6.2222223,5.5555553,11.555555,-4.6666665,-6.6666665,11.333333,11.555555,0.54320127,1.9829868,7
45.0,185.0,9,0.11111111,0.0,2.1666663,3.7222214,1.9444442,2.6851857,18.666666,14.666667,17.11111,24.222221,-12.0,-4.6666665,16.666666,24.222221,0.40087178,2.3618267,7
23.0,88.0,9,0.0,0.0,2.0000002,3.2,2.9444447,1.040741,20.592592,18.777779,27.333334,15.666667,-5.4444447,20.222221,-14.777778,27.333334,0.42490423,-1.7851468,1
162.0,66.0,9,0.0,0.0,2.055556,0.95258,9.222221,7.073164,42.592594,41.0,47.77778,39.0,-4.7777777,15.555555,-10.777778,47.77778,0.18499897,-1.8380795,4
44.0,20.0,9,0.0,0.0,0.6111107,0.06296326,1.4444427,0.56296283,113.85185,102.666664,132.33334,106.55556,-33.555557,55.444443,-21.88889,132.33334,0.2241392,-2.2318263,2
248.0,160.0,9,0.0,0.0,3.0,8.888896,2.166668,3.7666693,43.925926,37.11111,57.11111,37.555557,-20.444445,39.555557,-19.11111,57.11111,0.35403678,-2.1137917,6
33.0,90.0,9,0.11111111,0.0,0.49999985,0.4082481,1.8333335,0.5477228,16.666666,11.888889,25.777779,12.333333,-14.333333,27.333334,-13.0,25.777779,0.53911555,-2.1259756,5
70.0,197.0,9,0.0,0.11111111,2.7222226,2.0156798,5.277778,3.2756114,54.851852,48.88889,68.0,47.666668,-17.88889,39.444443,-21.555555,68.0,0.29870403,-2.0335052,6
68.0,109.0,9,0.0,0.0,1.5,3.2333333,1.111111,1.8962961,1.962963,0.33333334,4.7777777,0.7777778,-4.888889,8.444445,-3.5555556,4.7777777,0.9691358,-2.146531,3
56.0,32.0,9,0.0,0.0,0.9444453,0.41851896,0.83333206,0.6555584,112.03704,99.22222,132.55556,104.333336,-38.444443,61.555557,-23.11111,132.55556,0.25142038,-2.2556741,2
139.0,16.0,9,0.0,0.0,0.6666667,0.35555902,0.9444478,0.06296336,140.40741,134.66667,149.88889,136.66667,-17.222221,28.444445,-11.222222,149.88889,0.101526454,-2.2328947,2
124.0,162.0,9,0.11111111,0.0,1.3888888,1.1296295,2.0,0.8888891,10.037037,8.0,14.555555,7.5555553,-6.111111,13.555555,-7.4444447,14.555555,0.4799313,-2.0293121,4
68.0,122.0,9,0.0,0.0,2.777778,2.0294137,1.5555559,1.9962927,20.148148,14.222222,31.11111,15.111111,-17.777779,32.88889,-15.111111,31.11111,0.54582953,-2.0601704,3
247.0,115.0,9,0.0,0.0,3.555556,1.8094409,1.3888897,1.3066785,28.851852,24.88889,36.77778,24.88889,-11.888889,23.777779,-11.888889,36.77778,0.33166277,-2.094392,4
74.0,64.0,9,0.0,0.0,1.8333327,1.2064646,2.0,1.1155467,56.592594,49.666668,71.0,49.11111,-20.777779,43.22222,-22.444445,71.0,0.3130033,-2.0671675,4
173.0,152.0,9,0.0,0.0,0.22222221,0.029629616,0.8333333,0.16666685,3.5925925,2.6666667,5.7777777,2.3333335,-2.7777777,6.5555553,-3.7777777,5.7777777,0.59973544,-1.997796,5
205.0,156.0,9,0.0,0.0,2.1666667,1.2777781,2.0,2.3555562,18.25926,13.444445,17.333334,24.0,-14.444445,-2.7777777,17.222221,24.0,0.44057688,2.47582,7
198.0,122.0,9,0.0,0.0,1.5,0.8777781,11.444446,103.762955,36.185184,32.666668,44.0,31.88889,-10.555555,23.444445,-12.888889,44.0,0.29184964,-2.035377,4
118.0,126.0,9,0.0,0.0,0.6666667,0.39999974,1.8333336,2.1222224,20.555555,16.11111,28.666666,16.88889,-13.333333,24.333334,-11.0,28.666666,0.437078,-2.1588047,4
6.0,95.0,9,0.0,0.0,0.7777777,0.6074076,0.3888893,0.06296301,20.185184,15.555555,28.777779,16.222223,-13.888889,25.777779,-11.888889,28.777779,0.45946908,-2.1461854,5
118.0,133.0,9,0.0,0.0,0.22222221,0.029629631,0.22222221,0.029629631,0.7407407,0.0,2.2222223,0.0,-2.2222223,4.4444447,-2.2222223,2.2222223,1.0,-2.0943952,3
52.0,33.0,9,0.0,0.0,13.888889,13.024195,0.277778,0.2509246,35.814816,31.333334,45.555557,30.555555,-13.444445,29.222221,-15.777778,45.555557,0.33727008,-2.0304284,4
245.0,47.0,9,0.0,0.0,0.8333308,0.12222265,0.99999744,0.48888817,134.77777,127.44444,145.77777,131.11111,-22.0,33.0,-11.0,145.77777,0.12570898,-2.3024402,2
225.0,91.0,9,0.0,0.0,0.6666667,0.3555557,0.6666667,0.31111112,3.6666667,1.1111112,8.0,1.8888888,-7.6666665,13.0,-5.3333335,8.0,0.86781305,-2.2177355,3
252.0,137.0,9,0.0,0.0,0.88888884,0.544331,0.6111111,0.71232533,0.7407407,0.33333334,1.7777778,0.11111111,-1.2222222,3.1111112,-1.8888888,1.7777778,0.75,-2.0076063,5
191.0,101.0,9,0.0,0.0,1.111112,0.7793635,1.1111113,1.186342,45.037037,39.0,57.11111,39.0,-18.11111,36.22222,-18.11111,57.11111,0.32273299,-2.0943027,4
18.0,90.0,9,0.0,0.0,1.0555555,0.37407416,0.6666667,0.22222227,2.8148148,0.5555556,6.888889,1.0,-6.7777777,12.222222,-5.4444447,6.888889,0.9261464,-2.1643226,3
104.0,136.0,9,0.0,0.0,0.50000006,0.12222223,0.66666657,0.08888887,6.814815,8.333334,8.0,4.111111,4.5555553,3.5555556,-8.111111,8.666667,0.52623457,-0.96393055,1
160.0,95.0,9,0.0,0.0,3.2222223,3.544427,0.22222225,0.4036867,2.148148,2.1111112,2.5555556,1.7777778,-0.11111111,1.2222222,-1.1111112,2.5555556,0.10119048,-1.6289082,5
130.0,145.0,9,0.0,0.0,0.0,0.0,0.0,0.0,0.0,0.0,0.0,0.0,0.0,0.0,0.0,0.0,0.0,0.0,5
17.0,229.0,9,0.0,0.0,2.1111114,1.9851303,2.4444447,1.6147469,13.703704,11.222222,11.111111,18.777779,-7.4444447,-7.7777777,15.222222,18.777779,0.4398524,2.0999045,7
90.0,237.0,9,0.0,0.0,2.4444444,1.327766,2.7222216,2.678446,22.222221,17.555555,19.666668,29.444445,-14.0,-7.6666665,21.666666,29.444445,0.41374576,2.2802892,7
11.0,118.0,9,0.0,0.0,0.27777776,0.15185185,0.38888893,0.06296293,0.7037037,0.0,2.0,0.11111111,-2.1111112,3.8888888,-1.7777778,2.0,1.0,-2.132635,3
73.0,201.0,9,0.0,0.11111111,0.7222226,0.64693,4.444444,2.4555306,58.703705,52.88889,72.22222,51.0,-17.444445,40.555557,-23.11111,72.22222,0.29418743,-1.9977362,6
44.0,125.0,9,0.0,0.0,0.5,0.21111107,0.44444433,0.16296282,18.222221,14.888889,24.777779,15.0,-10.0,19.666666,-9.666667,24.777779,0.39868945,-2.1040828,4
79.0,28.0,9,0.0,0.0,4.277777,3.7618961,0.8333333,0.6582806,62.407406,53.444443,79.111115,54.666668,-26.88889,50.11111,-23.222221,79.111115,0.32455578,-2.1445074,4
72.0,222.0,9,0.11111111,0.0,2.3888888,2.6407404,1.611111,2.2851844,14.962963,11.666667,13.111111,20.11111,-9.888889,-5.5555553,15.444445,20.11111,0.4254409,2.2809224,7
142.0,119.0,9,0.0,0.0,5.277778,0.85418415,1.0555553,0.6116157,45.62963,40.666668,56.0,40.22222,-14.888889,31.11111,-16.222221,56.0,0.2807703,-2.0640383,4
120.0,108.0,9,0.0,0.0,4.611111,3.498677,1.666666,1.5634735,58.074074,52.666668,69.55556,52.0,-16.222221,34.444443,-18.222221,69.55556,0.25245842,-2.0538688,4
166.0,110.0,9,0.0,0.11111111,0.61111134,0.24074027,2.1111114,2.2962978,29.296297,23.0,40.444443,24.444445,-18.88889,33.444443,-14.555555,40.444443,0.4318249,-2.182018,5
26.0,67.0,9,0.11111111,0.0,1.0,0.8888903,2.4444447,3.1851847,20.0,19.555555,25.88889,14.555555,-1.3333334,17.666666,-16.333334,25.88889,0.4369392,-1.6232022,1
29.0,195.0,9,0.0,0.0,0.44444433,0.40368652,0.61111087,0.6804136,16.037037,14.444445,13.333333,20.333334,-4.7777777,-8.111111,12.888889,20.333334,0.34230694,1.9430399,7
211.0,139.0,9,0.0,0.0,0.33333334,0.0888889,0.27777782,0.06296302,5.2222223,3.2222223,9.555555,2.8888888,-6.0,13.0,-7.0,9.555555,0.69660497,-2.04457,5
183.0,91.0,9,0.0,0.0,2.666667,0.8944272,0.49999985,0.54772246,14.444445,11.0,21.0,11.333333,-10.333333,19.666666,-9.333333,21.0,0.47678283,-2.1284647,5
42.0,188.0,9,0.0,0.0,1.833333,1.8111092,1.388889,1.7518508,30.777779,27.555555,38.11111,26.666666,-9.666667,22.0,-12.333333,38.11111,0.3017472,-2.016443,6
204.0,177.0,9,0.0,0.0,1.7777786,10.696298,8.333332,27.333357,32.88889,29.0,40.666668,29.0,-11.666667,23.333334,-11.666667,40.666668,0.28108954,-2.1008399,6
224.0,34.0,9,0.0,0.0,1.3333321,0.9660913,1.0000013,0.63245475,123.22222,111.44444,140.0,118.22222,-35.333332,50.333332,-15.0,140.0,0.20392033,-2.3433814,2
84.0,40.0,9,0.0,0.0,1.1666641,0.16666654,1.2222214,2.1185126,127.40741,117.44444,142.22223,122.55556,-29.88889,44.444443,-14.555555,142.22223,0.17420864,-2.3087664,2
48.0,139.0,9,0.0,0.0,2.4444447,1.6821502,1.833334,1.048809,48.22222,42.555557,60.444443,41.666668,-17.0,36.666668,-19.666666,60.444443,0.3108182,-2.0442379,4
237.0,106.0,9,0.0,0.0,0.9444444,0.15185204,0.8333333,0.47777775,2.4074075,0.44444445,6.111111,0.6666667,-5.888889,11.111111,-5.2222223,6.111111,0.9404762,-2.133095,3
7.0,203.0,9,0.11111111,0.11111111,3.8888881,2.8570898,5.4444447,2.7460413,54.0,47.666668,67.66667,46.666668,-19.0,41.0,-22.0,67.66667,0.31489635,-2.0400128,6
121.0,189.0,9,0.0,0.0,2.277778,2.1951132,4.944445,4.007863,62.074074,54.77778,77.55556,53.88889,-21.88889,46.444443,-24.555555,77.55556,0.30540445,-2.054084,6
89.0,43.0,9,0.0,0.0,1.0555547,0.32962978,0.8888893,0.34074003,107.14815,94.111115,128.22223,99.111115,-39.11111,63.22222,-24.11111,128.22223,0.26602298,-2.247952,2
204.0,161.0,9,0.0,0.0,1.2777799,0.5074075,9.222222,73.0963,44.074074,38.0,54.555557,39.666668,-18.222221,31.444445,-13.222222,54.555557,0.3081043,-2.2382925,6
142.0,182.0,9,0.11111111,0.0,1.1111113,0.8344437,2.7777774,2.051197,43.62963,40.333336,52.88889,37.666668,-9.888889,27.777779,-17.88889,52.88889,0.28686288,-1.9049777,6
50.0,50.0,9,0.0,0.0,0.7777774,0.6554623,0.7777799,0.50185025,124.111115,113.111115,140.88889,118.333336,-33.0,50.333332,-17.333334,140.88889,0.19716202,-2.2882798,2
151.0,57.0,9,0.0,0.0,1.0555559,0.7740706,1.6111094,0.41851655,100.44444,86.22222,122.22222,92.888885,-42.666668,65.333336,-22.666666,122.22222,0.29451475,-2.2881315,2
13.0,83.0,9,0.0,0.0,0.83333325,0.54772246,0.6666666,0.63245547,3.7037036,1.5555556,6.0,3.5555556,-6.4444447,6.888889,-0.44444445,6.0,0.7404762,-2.5733812,3
233.0,184.0,9,0.0,0.0,0.5000002,0.077777766,0.7777777,0.785185,11.851851,9.777778,9.888889,15.888889,-6.2222223,-5.888889,12.111111,15.888889,0.40555555,2.1286457,7
179.0,150.0,9,0.0,0.0,1.055555,0.1962963,1.7222223,1.6185163,18.925926,13.444445,20.0,23.333334,-16.444445,3.2222223,13.222222,23.333334,0.42442176,2.7916744,7
186.0,173.0,9,0.0,0.0,1.4444445,0.82963055,2.1111114,1.9851853,17.148148,13.555555,15.555555,22.333334,-10.777778,-4.7777777,15.555555,22.333334,0.39643326,2.332739,7
158.0,151.0,9,0.0,0.0,0.38888898,0.38968158,4.4444447,4.0423675,19.0,15.222222,18.333334,23.444445,-11.333333,-2.0,13.333333,23.444445,0.352606,2.5052488,7
183.0,182.0,9,0.0,0.0,2.8333328,2.0949671,3.5555553,2.561829,58.962963,52.88889,73.333336,50.666668,-18.222221,43.11111,-24.88889,73.333336,0.30882537,-1.992052,6
71.0,125.0,9,0.0,0.0,0.6666667,0.47140455,0.7222223,0.49065357,16.407408,12.444445,23.666666,13.111111,-11.888889,21.777779,-9.888889,25.333334,0.56104016,-1.7934027,3
27.0,50.0,9,0.0,0.0,1.0555557,0.46296322,1.0000004,0.48888907,23.037037,21.666666,30.0,17.444445,-4.111111,20.88889,-16.777779,30.0,0.41874644,-1.7412539,1
26.0,137.0,9,0.0,0.0,0.055555563,0.018518524,0.11111113,0.029629637,0.25925925,0.0,0.7777778,0.0,-0.7777778,1.5555556,-0.7777778,0.7777778,0.7777778,-2.0943952,3
59.0,139.0,9,0.0,0.0,6.8888893,6.9629517,1.6666666,0.80000025,16.37037,12.444445,23.666666,13.0,-11.777778,21.88889,-10.111111,23.666666,0.48272505,-2.1182232,4
56.0,141.0,9,0.0,0.0,0.16666669,0.18257418,0.33333337,-1.5894573e-8,0.18518518,0.0,0.5555556,0.0,-0.5555556,1.1111112,-0.5555556,0.5555556,0.5555556,-2.0943952,5
119.0,138.0,9,0.0,0.0,0.77777785,0.5185185,0.7222223,0.2851852,3.5555556,1.7777778,7.2222223,1.6666666,-5.3333335,11.0,-5.6666665,7.2222223,0.7794973,-2.0712416,5
242.0,57.0,9,0.0,0.0,1.2222239,0.78518283,1.0000013,0.31111082,92.92593,76.44444,119.333336,83.0,-49.444443,79.22222,-29.777779,119.333336,0.35934293,-2.2542083,2
163.0,151.0,9,0.0,0.0,3.833333,11.055564,1.5555557,2.2518542,30.481482,23.11111,42.77778,25.555555,-22.11111,36.88889,-14.777778,42.77778,0.45744765,-2.2196255,4
39.0,137.0,9,0.0,0.0,0.2222222,0.029629627,0.27777776,0.1074074,1.3703704,0.0,4.111111,0.0,-4.111111,8.222222,-4.111111,4.111111,1.0,-2.0943952,5
29.0,184.0,9,0.0,0.0,1.6111107,1.0628402,2.6666667,1.8973663,13.62963,11.444445,11.333333,18.11111,-6.5555553,-6.888889,13.444445,18.11111,0.3876632,2.080445,7
226.0,84.0,9,0.0,0.0,3.055556,3.9740732,1.7777778,2.6962967,4.5555553,1.5555556,9.0,3.1111112,-9.0,13.333333,-4.3333335,9.0,0.84772927,-2.3057292,3
21.0,122.0,9,0.0,0.0,0.44444445,0.4036867,0.44444445,0.4036867,0.5555556,0.0,1.2222222,0.44444445,-1.6666666,2.0,-0.33333334,1.2222222,0.5555556,-2.4445627,3
212.0,140.0,9,0.0,0.0,3.8333333,4.204495,0.66666657,0.6666667,2.8888888,2.6666667,3.3333333,2.6666667,-0.6666667,1.3333334,-0.6666667,3.3333333,0.06888328,-2.0943952,5
214.0,108.0,9,0.0,0.0,0.6666667,0.365148,0.6666667,0.29814258,16.925926,13.555555,23.444445,13.777778,-10.111111,19.555555,-9.444445,23.444445,0.42167473,-2.117648,5
239.0,174.0,9,0.0,0.0,2.0000007,1.4452988,1.3888887,0.85418344,57.851852,50.444443,73.22222,49.88889,-22.222221,46.11111,-23.88889,73.22222,0.32026085,-2.069045,6
186.0,89.0,9,0.0,0.0,0.61111134,0.19629638,1.0555557,0.28518525,22.666666,16.444445,33.555557,18.0,-18.666666,32.666668,-14.0,33.555557,0.5094622,-2.188149,5
105.0,189.0,9,0.0,0.0,2.0555553,1.5116827,4.4444447,3.4555368,61.407406,55.0,75.44444,53.77778,-19.222221,42.11111,-22.88889,75.44444,0.28551513,-2.0358937,6
118.0,111.0,9,0.0,0.0,1.2222227,1.0470412,0.55555534,0.27216536,62.25926,56.444443,75.333336,55.0,-17.444445,39.22222,-21.777779,75.333336,0.2692176,-2.014126,4
227.0,116.0,9,0.0,0.0,0.38888875,0.15185185,0.22222225,0.07407413,5.4074073,6.5555553,6.7777777,2.8888888,3.4444444,4.111111,-7.5555553,6.888889,0.58002645,-1.093148,1
215.0,193.0,9,0.0,0.0,1.9999994,0.5163988,4.8333335,1.2952919,45.22222,40.88889,55.333332,39.444443,-13.0,30.333334,-17.333334,55.333332,0.28924206,-2.0001178,6
144.0,35.0,9,0.0,0.0,2.3333328,2.0330596,2.055556,1.7309813,37.592594,32.333336,47.444443,33.0,-15.777778,29.555555,-13.777778,47.444443,0.3197136,-2.138762,4
33.0,98.0,9,0.0,0.0,0.6111111,0.611616,1.3333331,0.9189368,2.0370371,0.5555556,3.5555556,2.0,-4.4444447,4.5555553,-0.11111111,3.5555556,0.8833333,-2.5488977,3
21.0,90.0,9,0.0,0.0,0.66666794,0.044444147,0.7777786,0.56296283,113.48148,105.888885,128.55556,106.0,-22.777779,45.22222,-22.444445,128.55556,0.17969723,-2.0978148,2
151.0,147.0,9,0.0,0.0,0.44444457,0.4296298,0.72222215,0.10740744,6.037037,5.6666665,9.222222,3.2222223,-1.1111112,9.555555,-8.444445,9.555555,0.6522477,-1.5083702,1
198.0,183.0,9,0.0,0.0,1.0555547,1.1816497,3.3888881,1.5974506,54.037037,48.88889,66.55556,46.666668,-15.444445,37.555557,-22.11111,66.55556,0.2986217,-1.9749589,6
147.0,34.0,9,0.0,0.0,4.611111,4.154872,0.7777786,0.7793621,47.592594,41.11111,60.0,41.666668,-19.444445,37.22222,-17.777779,60.0,0.3175422,-2.1228747,4
26.0,93.0,9,0.0,0.0,2.4999993,0.21111093,2.1111114,9.1407385,20.37037,18.88889,26.777779,15.444445,-4.4444447,19.222221,-14.777778,26.777779,0.4192332,-1.7303063,1
122.0,11.0,9,0.0,0.0,1.0,0.31111577,2.8888905,5.051852,143.44444,136.88889,150.88889,142.55556,-19.666666,22.333334,-2.6666667,150.88889,0.09277301,-2.5216477,2
85.0,121.0,9,0.0,0.0,1.611111,1.0628405,0.94444495,0.71232516,17.222221,8.888889,29.222221,13.555555,-25.0,36.0,-11.0,29.222221,0.696178,-2.3358712,3
69.0,136.0,9,0.0,0.0,3.1111114,2.8100348,2.777778,3.1669588,19.444445,16.88889,25.777779,15.666667,-7.6666665,19.0,-11.333333,26.666666,0.42529303,-1.6157203,3
126.0,20.0,9,0.0,0.0,0.99999744,1.1925684,1.1666654,1.1498771,126.55556,115.666664,142.33334,121.666664,-32.666668,47.333332,-14.666667,142.33334,0.18729347,-2.3280342,2
38.0,116.0,9,0.0,0.0,0.9444445,0.24074072,1.2222222,1.0962965,2.8148148,0.5555556,5.6666665,2.2222223,-6.7777777,8.555555,-1.7777778,5.6666665,0.9126984,-2.4202576,3
43.0,141.0,9,0.0,0.0,0.44444442,0.17213267,0.16666667,0.18257418,0.7777778,0.0,2.3333335,0.0,-2.3333333,4.6666665,-2.3333333,2.3333335,1.0,-2.0943952,5
238.0,61.0,9,0.0,0.0,0.66666657,0.4714045,0.7222221,0.49065334,8.777778,5.888889,14.333333,6.111111,-8.666667,16.666666,-8.0,14.333333,0.5888227,-2.1218371,5
197.0,182.0,9,0.0,0.0,2.222222,1.2590424,3.444444,2.8258078,55.851852,50.11111,69.111115,48.333332,-17.222221,39.77778,-22.555555,69.111115,0.30064347,-2.0015576,6
223.0,161.0,9,0.0,0.0,1.3888893,3.040736,8.999999,31.022234,42.037037,36.0,52.22222,37.88889,-18.11111,30.555555,-12.444445,52.22222,0.30841646,-2.282295,6
45.0,149.0,9,0.0,0.0,2.5,3.322223,0.6666663,0.2666663,16.814816,13.444445,23.777779,13.222222,-10.111111,20.88889,-10.777778,23.777779,0.45334122,-2.0692513,4
30.0,102.0,9,0.0,0.0,1.2222217,0.11851845,1.333333,0.7999998,20.25926,20.333334,25.0,15.444445,0.22222222,14.222222,-14.444445,25.0,0.38105944,-1.5550972,1
143.0,24.0,9,0.0,0.0,1.2777773,0.9074056,0.88888806,1.1407489,127.62963,117.666664,141.66667,123.55556,-29.88889,42.11111,-12.222222,141.66667,0.16939692,-2.349252,2
80.0,72.0,9,0.0,0.0,1.2222227,1.0036967,1.4444441,1.1674612,59.0,51.333332,74.44444,51.22222,-23.0,46.333332,-23.333334,74.44444,0.31460637,-2.0902212,4
98.0,133.0,9,0.0,0.0,0.5555555,0.17213255,0.38888887,0.3277307,0.962963,0.0,2.7777777,0.11111111,-2.8888888,5.4444447,-2.5555556,2.7777777,1.0,-2.123254,3
19.0,147.0,9,0.0,0.0,0.22222225,0.0740741,0.4999999,0.077777766,4.148148,3.8888888,6.6666665,1.8888888,-0.7777778,7.5555553,-6.7777777,7.0,0.7132275,-1.4756428,1
