202.0,63.0,9,0.0,0.0,0.38888907,0.3277309,0.44444466,0.27216563,6.0740743,4.0,10.555555,3.6666667,-6.2222223,13.444445,-7.2222223,10.555555,0.65353537,-2.04457,5
133.0,182.0,9,0.0,0.0,2.5000012,5.4555516,8.666666,71.24447,29.777779,27.222221,35.444447,26.666666,-7.6666665,17.0,-9.333333,35.88889,0.25607783,-2.2177355,6
35.0,112.0,9,0.11111111,0.0,0.88888913,0.2962967,0.55555564,0.16296294,16.185184,12.111111,23.88889,12.555555,-12.222222,23.11111,-10.888889,23.88889,0.492526,-2.1333125,5
57.0,89.0,9,0.0,0.0,1.7222222,1.3066783,6.1666665,4.7034264,17.0,13.0,24.555555,13.444445,-12.0,22.666666,-10.666667,24.555555,0.47748852,-2.1297464,5
189.0,141.0,9,0.0,0.0,0.0,0.0,0.0,0.0,0.0,0.0,0.0,0.0,0.0,0.0,0.0,0.0,0.0,0.0,5
45.0,188.0,9,0.0,0.0,2.4444447,2.740741,3.1111116,7.540742,33.333332,29.666666,41.333336,29.0,-11.0,24.0,-13.0,41.333336,0.29986525,-2.0407205,6
18.0,209.0,9,0.0,0.11111111,2.6111119,0.7123263,4.555556,2.6722174,48.77778,43.0,60.77778,42.555557,-17.333334,36.0,-18.666666,60.77778,0.30298224,-2.0669804,6
4.0,201.0,9,0.0,0.22222222,2.722222,1.6788458,5.2222214,3.1245742,53.703705,47.11111,67.22222,46.77778,-19.777779,40.555557,-20.777779,67.22222,0.30885938,-2.0752265,6
167.0,190.0,9,0.0,0.0,3.055556,0.85418355,5.055556,2.784215,51.074074,44.88889,63.22222,45.11111,-18.555555,36.444443,-17.88889,63.22222,0.29895782,-2.1126902,6
86.0,155.0,9,0.0,0.0,4.277778,10.551853,5.3888893,60.240738,8.740741,6.6666665,12.888889,6.6666665,-6.2222223,12.444445,-6.2222223,12.888889,0.3923854,-2.079296,5
174.0,115.0,9,0.0,0.0,2.444444,3.407407,3.6666663,12.266669,29.481482,23.11111,40.11111,25.222221,-19.11111,31.88889,-12.777778,40.11111,0.42149335,-2.2186553,5
165.0,186.0,9,0.0,0.0,2.5555546,1.5729187,2.0,1.173788,49.51852,45.11111,61.11111,42.333336,-13.222222,34.77778,-21.555555,61.11111,0.3072572,-1.9408131,6
54.0,134.0,9,0.0,0.0,0.22222222,0.029629637,0.055555556,0.01851852,0.5185185,0.0,1.5555556,0.0,-1.5555556,3.1111112,-1.5555556,1.5555556,1.0,-2.0943952,5
38.0,134.0,9,0.0,0.0,0.16666667,0.18257421,0.33333334,0.2108186,1.037037,0.0,3.1111112,0.0,-3.1111112,6.2222223,-3.1111112,3.1111112,1.0,-2.0943952,5
195.0,161.0,9,0.0,0.0,2.1111107,1.8074051,10.499999,91.32222,41.48148,36.0,51.11111,37.333336,-16.444445,28.88889,-12.444445,51.22222,0.29470626,-2.3165061,6
252.0,181.0,9,0.0,0.0,0.9999997,0.6324556,2.055555,2.037609,16.296297,13.555555,13.888889,21.444445,-8.222222,-7.2222223,15.444445,21.444445,0.38555545,2.141428,7
83.0,117.0,9,0.0,0.0,1.8333334,1.3784049,0.7222223,0.49065298,17.11111,14.555555,23.0,13.777778,-7.6666665,17.666666,-10.0,23.0,0.40220302,-2.005139,5
115.0,195.0,9,0.0,0.0,3.833334,2.9571006,3.9444447,1.7051116,57.11111,51.333332,70.111115,49.88889,-17.333334,39.0,-21.666666,70.111115,0.28835976,-2.015595,6
42.0,203.0,9,0.0,0.0,0.94444466,0.6469296,6.055556,2.4623086,54.51852,48.666668,67.111115,47.77778,-17.555555,37.77778,-20.222221,67.111115,0.28979304,-2.0465353,6
199.0,140.0,9,0.0,0.0,0.44444442,0.25185186,0.50000006,0.388889,6.0,7.4444447,6.888889,3.6666667,4.3333335,2.6666667,-7.0,7.5555553,0.5138889,-0.91962,1
163.0,131.0,9,0.0,0.0,0.16666669,0.18257421,0.27777776,0.25092423,1.5555556,0.8888889,3.6666667,0.11111111,-2.0,6.3333335,-4.3333335,3.6666667,0.9722222,-1.871048,5
85.0,101.0,9,0.0,0.0,1.3333334,1.2888881,1.2777777,1.2185181,21.296297,21.222221,26.777779,15.888889,-0.22222222,16.444445,-16.222221,26.777779,0.4047922,-1.5585992,1
123.0,187.0,9,0.0,0.0,2.6666667,1.8499243,3.444444,1.6555183,58.666668,52.555557,72.55556,50.88889,-18.333334,41.666668,-23.333334,72.55556,0.29855335,-2.0135245,6
96.0,94.0,9,0.0,0.0,0.7222226,0.28518537,0.44444466,0.42963016,20.222221,16.0,28.777779,15.888889,-12.666667,25.666666,-13.0,28.777779,0.45154575,-2.084893,5
176.0,100.0,9,0.0,0.0,1.9444441,0.7740748,1.4444447,0.6518514,55.37037,50.333332,66.88889,48.88889,-15.111111,34.555557,-19.444445,66.88889,0.26862052,-2.00619,4
218.0,147.0,9,0.0,0.0,0.0,0.0,0.0,0.0,0.0,0.0,0.0,0.0,0.0,0.0,0.0,0.0,0.0,0.0,5
169.0,117.0,9,0.0,0.0,1.222222,0.6206324,1.111111,1.2938602,31.25926,27.444445,39.0,27.333334,-11.444445,23.222221,-11.777778,39.0,0.30714995,-2.0889142,4
114.0,242.0,9,0.0,0.0,2.7222223,2.4532676,4.6666675,1.9206476,24.074074,19.222221,22.444445,30.555555,-14.555555,-4.888889,19.444445,30.555555,0.3716949,2.395778,7
138.0,116.0,9,0.0,0.0,0.6111111,0.15185188,0.4444445,0.20740739,6.4814816,7.5555553,8.222222,3.6666667,3.2222223,5.2222223,-8.444445,8.333334,0.5591711,-1.1910701,1
165.0,96.0,9,0.0,0.0,2.38889,1.5740778,1.722222,1.2185229,67.03704,61.0,80.22222,59.88889,-18.11111,39.555557,-21.444445,80.22222,0.25459513,-2.0363362,4
170.0,226.0,9,0.0,0.0,1.5555553,1.4246508,2.3888888,1.2895594,11.888889,10.111111,8.0,17.555555,-5.3333335,-11.666667,17.0,17.555555,0.5483297,1.872506,7
189.0,115.0,9,0.0,0.0,0.16666675,0.033333365,0.33333325,0.13333328,6.6666665,8.222222,7.888889,3.8888888,4.6666665,3.6666667,-8.333333,8.444445,0.53858024,-0.96514446,1
119.0,181.0,9,0.11111111,0.0,0.7777774,0.7503084,3.277777,1.6113026,21.407408,16.555555,19.666668,28.0,-14.555555,-5.2222223,19.777779,28.0,0.40955147,2.3788457,7
161.0,190.0,9,0.0,0.0,3.7777774,2.0940847,4.5555553,3.7277741,58.11111,51.666668,71.111115,51.555557,-19.333334,39.0,-19.666666,71.111115,0.28591606,-2.102898,6
34.0,131.0,9,0.0,0.0,0.3333333,0.17777775,0.72222215,0.5518518,0.8148148,0.33333334,1.8888888,0.22222222,-1.4444444,3.2222223,-1.7777778,1.8888888,0.9259259,-2.0561552,5
107.0,191.0,9,0.0,0.0,3.722222,2.999382,2.8888874,2.7862093,62.037037,54.444443,78.111115,53.555557,-22.777779,48.22222,-25.444445,78.111115,0.3146827,-2.0561104,6
62.0,140.0,9,0.0,0.0,2.4444447,1.0074071,1.388889,0.68518525,23.0,17.88889,32.22222,18.88889,-15.333333,27.666666,-12.333333,32.22222,0.4443531,-2.1672623,4
165.0,99.0,9,0.0,0.0,0.88889056,0.47407392,0.7777786,0.47407353,93.40741,79.0,118.0,83.22222,-43.22222,73.77778,-30.555555,118.0,0.33041757,-2.2077565,2
208.0,154.0,9,0.0,0.11111111,11.666667,125.8667,0.94444424,0.68518424,8.703704,5.888889,13.888889,6.3333335,-8.444445,15.555555,-7.111111,13.888889,0.77151674,-2.0669158,5
147.0,111.0,9,0.0,0.0,0.38888893,0.1518518,0.4444445,0.118518546,5.6666665,7.0,7.0,3.0,4.0,4.0,-8.0,7.3333335,0.59126985,-1.0414338,1
53.0,53.0,9,0.0,0.0,1.0000013,0.44444403,1.1111094,0.42962876,113.14815,104.333336,130.22223,104.888885,-26.444445,51.22222,-24.777779,130.22223,0.20048407,-2.117007,2
78.0,107.0,9,0.0,0.0,0.8333332,0.65555614,1.6111108,1.92963,17.185184,18.333334,20.666668,12.555555,3.4444444,10.444445,-13.888889,20.777779,0.3952535,-1.3124995,1
184.0,197.0,9,0.0,0.0,3.0555553,3.2551951,4.5555553,2.7460418,11.962963,8.888889,9.555555,17.444445,-9.222222,-7.2222223,16.444445,17.444445,0.51518697,2.164262,7
131.0,234.0,9,0.0,0.0,0.8333333,0.29999986,0.88888884,0.60740733,5.740741,4.0,4.4444447,8.777778,-5.2222223,-3.8888888,9.111111,8.777778,0.55661374,2.1935678,7
219.0,134.0,9,0.0,0.0,0.27777788,0.10740747,0.6666667,0.4444444,4.740741,6.4444447,5.2222223,2.5555556,5.111111,1.4444444,-6.5555553,6.4444447,0.6037037,-0.7304648,1
79.0,154.0,9,0.0,0.0,1.1111112,1.5851849,0.16666669,0.07777777,0.7407407,0.44444445,1.5555556,0.22222222,-0.8888889,2.4444444,-1.5555556,1.5555556,0.2888889,-1.9196393,5
64.0,49.0,9,0.0,0.0,0.94444656,0.2407416,0.7222252,0.4185201,108.888885,97.111115,128.88889,100.666664,-35.333332,60.0,-24.666666,128.88889,0.246491,-2.211659,2
177.0,85.0,9,0.0,0.0,0.8333333,0.16666768,0.88888806,0.429629,93.55556,79.22222,118.0,83.44444,-43.0,73.333336,-30.333334,118.0,0.32860348,-2.2084136,2
11.0,62.0,9,0.0,0.0,0.88889056,0.5018489,0.72222394,0.3896814,66.77778,57.444443,84.66667,58.22222,-28.0,53.666668,-25.666666,84.66667,0.3227603,-2.124459,4
216.0,17.0,9,0.0,0.0,0.6666654,0.51639974,1.2777786,1.0201668,126.14815,115.0,141.88889,121.55556,-33.444443,47.22222,-13.777778,141.88889,0.18946369,-2.3484151,2
8.0,79.0,9,0.0,0.0,1.2777778,2.2851846,2.111111,0.51851857,16.814816,17.333334,21.0,12.111111,1.5555556,12.555555,-14.111111,21.0,0.42233688,-1.4531144,1
241.0,145.0,9,0.0,0.0,0.0,0.0,0.0,0.0,0.0,0.0,0.0,0.0,0.0,0.0,0.0,0.0,0.0,0.0,5
188.0,133.0,9,0.0,0.0,0.33333334,0.26666674,0.5,0.077777736,6.6666665,8.333334,7.7777777,3.8888888,5.0,3.3333333,-8.333333,8.444445,0.53858024,-0.92481726,1
248.0,13.0,9,0.0,0.0,0.7777786,0.20740782,1.111112,0.29629365,104.111115,88.22222,128.44444,95.666664,-47.666668,73.0,-25.333334,128.44444,0.31315902,-2.2870803,2
19.0,184.0,9,0.0,0.0,0.5555555,0.34426498,0.8333333,0.62360954,14.222222,12.333333,11.0,19.333334,-5.6666665,-9.666667,15.333333,19.333334,0.43115196,1.9378915,7
250.0,131.0,9,0.0,0.0,0.0,0.0,0.0,0.0,0.0,0.0,0.0,0.0,0.0,0.0,0.0,0.0,0.0,0.0,5
173.0,158.0,9,0.11111111,0.0,1.888889,3.6740744,1.1666666,0.477778,8.37037,7.111111,11.777778,6.2222223,-3.7777777,10.222222,-6.4444447,11.777778,0.47297516,-1.9046513,4
208.0,34.0,9,0.0,0.0,1.7222224,1.7309811,0.4444445,0.50184834,14.444445,10.777778,21.0,11.555555,-11.0,19.666666,-8.666667,21.0,0.479958,-2.1623826,5
206.0,61.0,9,0.0,0.0,0.5555555,0.40368673,0.4999999,0.45946813,7.0740743,4.666667,12.222222,4.3333335,-7.2222223,15.444445,-8.222222,12.222222,0.64589113,-2.0487173,5
128.0,161.0,9,0.0,0.0,0.55555534,0.25185192,0.77777785,0.16296278,7.148148,5.5555553,10.888889,5.0,-4.7777777,11.222222,-6.4444447,10.888889,0.5409177,-1.9963073,4
109.0,111.0,9,0.0,0.0,1.4444447,1.0886633,1.5000006,1.471961,57.77778,51.333332,71.66667,50.333332,-19.333334,41.666668,-22.333334,71.66667,0.29889232,-2.045165,4
92.0,62.0,9,0.0,0.0,1.8888868,1.3109239,1.8888868,0.72008234,123.48148,112.333336,139.33334,118.77778,-33.444443,47.555557,-14.111111,139.33334,0.19369136,-2.3434038,2
203.0,93.0,9,0.0,0.0,2.6666667,6.4444437,3.4444444,11.674076,6.7777777,3.2222223,11.888889,5.2222223,-10.666667,15.333333,-4.6666665,11.888889,0.7601911,-2.332766,3
95.0,97.0,9,0.0,0.0,0.611111,0.534027,0.7777774,0.45541978,19.592592,15.333333,27.777779,15.666667,-12.777778,24.555555,-11.777778,27.777779,0.4474942,-2.121346,5
62.0,223.0,9,0.0,0.0,2.5,5.722223,1.6666666,2.4444442,6.6666665,4.888889,4.666667,10.444445,-5.3333335,-6.0,11.333333,10.444445,0.5931498,2.0465877,7
193.0,66.0,9,0.11111111,0.0,1.3888906,1.4407414,0.88888806,0.60741055,95.111115,80.66667,118.77778,85.888885,-43.333332,71.0,-27.666666,118.77778,0.32066384,-2.2357008,2
206.0,30.0,9,0.0,0.0,0.7777774,0.50184685,0.83333206,0.54772305,123.333336,112.77778,139.66667,117.55556,-31.666666,49.0,-17.333334,139.66667,0.19250989,-2.2795098,2
229.0,175.0,9,0.0,0.0,1.166666,0.52222264,5.666666,26.133337,33.0,29.0,41.0,29.0,-12.0,24.0,-12.0,41.0,0.28683385,-2.091209,6
233.0,124.0,9,0.11111111,0.0,2.1111114,1.5006171,2.0555553,0.49065465,40.925926,35.77778,51.444443,35.555557,-15.444445,31.555555,-16.11111,51.444443,0.31709695,-2.0769668,4
173.0,93.0,9,0.0,0.0,0.0,0.0,0.0,0.0,0.0,0.0,0.0,0.0,0.0,0.0,0.0,0.0,0.0,0.0,5
223.0,141.0,9,0.11111111,0.0,2.111111,1.8074076,0.7777777,0.16296323,9.851851,6.0,16.555555,7.0,-11.555555,20.11111,-8.555555,16.555555,0.6402237,-2.191662,5
4.0,188.0,9,0.0,0.0,1.5555555,0.68853056,2.333333,0.7601162,15.740741,13.333333,14.0,19.88889,-7.2222223,-5.2222223,12.444445,19.88889,0.3424082,2.2046695,7
88.0,180.0,9,0.0,0.0,1.4999994,0.93689823,3.833332,2.888675,50.407406,45.22222,62.333332,43.666668,-15.555555,35.77778,-20.222221,62.333332,0.3009182,-2.0087192,6
86.0,193.0,9,0.0,0.0,3.2777793,1.6521593,2.222222,1.8094397,61.407406,53.666668,76.55556,54.0,-23.222221,45.444443,-22.222221,76.55556,0.29957896,-2.1093748,6
217.0,73.0,9,0.0,0.0,0.88888884,0.78518516,1.7222223,0.86296207,4.851852,1.7777778,9.666667,3.1111112,-9.222222,14.444445,-5.2222223,9.666667,0.82250714,-2.268176,3
238.0,180.0,9,0.11111111,0.0,0.55555564,0.34074086,1.7222222,1.6629628,13.592592,11.111111,11.888889,17.777779,-7.4444447,-5.111111,12.555555,17.777779,0.3762527,2.2128983,7
31.0,106.0,9,0.0,0.0,1.6111107,0.7296303,0.7222223,1.1740737,19.11111,19.555555,23.666666,14.111111,1.3333334,13.666667,-15.0,23.666666,0.40322387,-1.4845796,1
35.0,76.0,9,0.0,0.11111111,7.777778,192.20744,7.8333335,201.72226,13.518518,8.444445,19.444445,12.666667,-15.222222,17.777779,-2.5555556,19.444445,0.6374209,-2.5233247,3
199.0,116.0,9,0.0,0.0,0.5555555,0.2962963,0.44444442,0.029629644,1.962963,0.6666667,4.888889,0.33333334,-3.8888888,8.777778,-4.888889,4.888889,0.94074076,-2.018925,5
34.0,115.0,9,0.0,0.0,0.5,0.3888888,0.7777779,0.60740745,6.296296,7.3333335,7.888889,3.6666667,3.1111112,4.7777777,-7.888889,8.0,0.5418871,-1.175454,1
136.0,216.0,9,0.11111111,0.0,2.7777774,1.3277673,2.7222226,2.984528,15.074074,11.444445,13.222222,20.555555,-10.888889,-5.5555553,16.444445,20.555555,0.44167453,2.2845712,7
185.0,84.0,9,0.0,0.0,0.61111134,0.49065334,0.49999937,0.4594679,23.25926,18.666668,31.333334,19.777779,-13.777778,24.222221,-10.444445,31.333334,0.40409946,-2.1848617,5
60.0,131.0,9,0.0,0.0,0.33333334,0.088888854,0.33333325,0.08888887,5.2222223,7.2222223,5.4444447,3.0,6.0,0.6666667,-6.6666665,7.2222223,0.5813492,-0.62122244,1
121.0,107.0,9,0.0,0.0,1.5555553,0.8740748,13.166667,5.5888996,54.0,49.444443,64.44444,48.11111,-13.666667,31.333334,-17.666666,64.44444,0.25266927,-2.0036066,4
244.0,105.0,9,0.0,0.0,5.9444447,4.9234886,1.4999996,0.80966365,22.703703,19.11111,29.555555,19.444445,-10.777778,20.555555,-9.777778,29.555555,0.36449948,-2.1255476,5
137.0,105.0,9,0.0,0.11111111,10.722224,16.507421,31.222223,650.42957,42.851852,35.77778,52.666668,40.11111,-21.222221,29.444445,-8.222222,52.666668,0.37578005,-2.380238,3
2.0,245.0,9,0.0,0.0,1.8888888,2.162963,3.1666667,3.2777781,6.4074073,6.2222223,6.0,7.0,-0.5555556,-1.2222222,1.7777778,7.2222223,0.19104938,1.7566451,7
124.0,29.0,9,0.0,0.0,1.0000013,0.7111076,1.0555534,0.90741664,128.44444,119.22222,142.88889,123.22222,-27.666666,43.333332,-15.666667,142.88889,0.16561614,-2.271128,2
117.0,110.0,9,0.0,0.0,2.3333333,2.9059324,2.277777,1.9022408,17.222221,9.222222,29.0,13.444445,-24.0,35.333332,-11.333333,29.0,0.6807869,-2.321226,3
202.0,129.0,9,0.0,0.0,0.22222225,0.54433113,3.4444447,3.804481,2.2962964,2.4444444,2.5555556,1.8888888,0.44444445,0.7777778,-1.2222222,2.6666667,0.09656084,-1.1013936,5
191.0,107.0,9,0.0,0.0,2.0555553,1.5263124,10.333333,3.0110908,29.222221,26.88889,35.88889,24.88889,-7.0,20.0,-13.0,35.88889,0.31155226,-1.8771589,4
174.0,181.0,9,0.0,0.0,3.2777786,3.1511326,4.1666675,2.786875,59.074074,52.333332,74.22222,50.666668,-20.222221,45.444443,-25.222221,74.22222,0.31734532,-2.0208647,6
104.0,137.0,9,0.0,0.0,0.2777778,0.1518518,0.2777778,0.1518518,3.7037036,2.1111112,7.111111,1.8888888,-4.7777777,10.222222,-5.4444447,7.111111,0.7319224,-2.0584507,5
49.0,240.0,9,0.0,0.11111111,3.0555553,1.638654,2.0555556,1.7437719,20.444445,15.222222,18.777779,27.333334,-15.666667,-5.0,20.666666,27.333334,0.44580838,2.4207911,7
183.0,66.0,9,0.0,0.0,1.277778,0.82775986,2.555556,1.8934586,42.11111,41.555557,45.88889,38.88889,-1.6666666,11.333333,-9.666667,45.88889,0.15200906,-1.6838505,4
101.0,137.0,9,0.0,0.0,0.44444445,0.50184834,0.8333333,0.8096638,1.1481482,0.22222222,2.6666667,0.5555556,-2.7777777,4.5555553,-1.7777778,2.6666667,0.95,-2.2005885,3
244.0,194.0,9,0.0,0.0,1.722222,1.14342,2.277778,2.03761,49.74074,44.444443,61.666668,43.11111,-15.888889,35.77778,-19.88889,61.666668,0.30085307,-2.0218375,6
29.0,52.0,9,0.0,0.0,0.3888893,0.01851813,1.3333334,0.17777863,125.77778,115.55556,140.22223,121.55556,-30.666666,43.333332,-12.666667,140.22223,0.17584935,-2.3484936,2
2.0,96.0,9,0.0,0.0,3.833333,13.2777815,2.3333333,7.5111103,5.2222223,2.1111112,9.777778,3.7777777,-9.333333,13.666667,-4.3333335,9.777778,0.82478386,-2.3306925,3
190.0,186.0,9,0.0,0.11111111,2.722222,2.2451591,6.0555553,2.8159592,50.074074,45.666668,60.22222,44.333332,-13.222222,30.444445,-17.222221,60.22222,0.26619545,-2.0288115,6
81.0,79.0,9,0.0,0.0,0.44444466,0.074074,0.88888866,0.6518533,45.814816,42.88889,53.88889,40.666668,-8.777778,24.222221,-15.444445,53.88889,0.245206,-1.9188883,4
102.0,179.0,9,0.11111111,0.0,1.8333334,1.5311582,2.4444447,1.8816848,49.185184,44.88889,59.77778,42.88889,-12.888889,31.777779,-18.88889,59.77778,0.28268683,-1.970398,6
199.0,144.0,9,0.0,0.0,0.33333334,0.5163977,0.33333334,0.36514834,0.44444445,0.11111111,1.1111112,0.11111111,-1.0,2.0,-1.0,1.1111112,0.7407407,-2.0943952,5
225.0,181.0,9,0.0,0.0,1.1666666,0.86281204,1.8333327,1.3291602,55.333332,49.0,68.77778,48.22222,-19.0,40.333332,-21.333334,68.77778,0.30000642,-2.0531886,6
185.0,85.0,9,0.0,0.0,9.277779,81.485176,2.8333328,9.188898,49.148148,45.0,59.555557,42.88889,-12.444445,31.222221,-18.777779,59.555557,0.27872574,-1.9542203,4
122.0,106.0,9,0.11111111,0.0,1.611111,0.59629595,1.6111113,2.7296302,23.037037,22.0,29.88889,17.222223,-3.1111112,20.555555,-17.444445,29.88889,0.42334643,-1.6958038,1
97.0,126.0,9,0.0,0.0,1.0555555,0.37407416,1.0000001,0.8444445,6.4814816,7.6666665,8.0,3.7777777,3.5555556,4.5555553,-8.111111,8.333334,0.5515873,-1.1181307,1
84.0,86.0,9,0.0,0.0,0.8333346,0.6912141,1.1666692,0.69121444,105.77778,92.888885,124.111115,100.333336,-38.666668,55.0,-16.333334,124.111115,0.25155202,-2.3437886,2
115.0,39.0,9,0.0,0.0,0.7222226,0.06296253,1.2222176,0.47407454,127.07407,116.333336,142.44444,122.44444,-32.22222,46.11111,-13.888889,142.44444,0.18324198,-2.3360245,2
80.0,116.0,9,0.0,0.0,1.5,1.6333328,1.5555557,0.87407404,21.703703,21.222221,27.555555,16.333334,-1.4444444,17.555555,-16.11111,27.555555,0.40736422,-1.6322426,1
237.0,137.0,9,0.0,0.0,0.38888887,0.1074074,0.33333334,0.04444445,0.6666667,0.0,2.0,0.0,-2.0,4.0,-2.0,2.0,1.0,-2.0943952,3
188.0,88.0,9,0.0,0.0,0.6666667,0.4714045,0.33333325,0.29814243,7.3333335,5.111111,12.222222,4.666667,-6.6666665,14.666667,-8.0,12.222222,0.61790985,-2.0357685,5
167.0,53.0,9,0.0,0.0,1.2777773,0.4906541,0.9444434,0.389682,40.444443,36.88889,48.666668,35.77778,-10.666667,24.666666,-14.0,48.666668,0.2645635,-2.0045598,4
86.0,20.0,9,0.0,0.0,0.94444656,1.0201677,1.9444441,1.0628412,65.18519,56.444443,81.66667,57.444443,-26.222221,49.444443,-23.222221,81.66667,0.30955637,-2.1330314,4
141.0,17.0,9,0.11111111,0.22222222,3.7222226,4.4493027,5.0,2.319004,44.592594,40.333336,54.0,39.444443,-12.777778,28.222221,-15.444445,54.0,0.26818594,-2.030048,4
6.0,90.0,9,0.0,0.0,1.9444447,0.5962962,1.3333336,1.8222237,18.11111,18.777779,22.11111,13.444445,2.0,12.0,-14.0,22.11111,0.38846022,-1.4258847,1
23.0,237.0,9,0.0,0.0,1.6666666,2.444445,1.7777777,2.074075,5.851852,4.2222223,4.5555553,8.777778,-4.888889,-3.8888888,8.777778,8.777778,0.54126585,2.1805263,7
18.0,123.0,9,0.0,0.0,0.72222227,0.86296284,0.6111111,0.41851848,1.074074,0.11111111,2.6666667,0.44444445,-2.8888888,4.7777777,-1.8888888,2.6666667,0.9814815,-2.1692097,3
123.0,152.0,9,0.0,0.0,0.0,0.0,0.0,0.0,0.0,0.0,0.0,0.0,0.0,0.0,0.0,0.0,0.0,0.0,5
37.0,78.0,9,0.0,0.0,1.0000006,0.17777735,2.5555565,2.8740728,43.814816,41.11111,51.88889,38.444443,-8.111111,24.222221,-16.11111,51.88889,0.25891644,-1.8860723,4
94.0,135.0,9,0.0,0.0,2.277778,1.2629623,0.5555555,0.38518512,2.1851852,0.7777778,4.888889,0.8888889,-4.2222223,8.111111,-3.8888888,4.888889,0.88800704,-2.1109743,5
45.0,89.0,9,0.0,0.0,0.7777777,0.3407409,0.77777773,0.47407398,2.2962964,0.11111111,6.4444447,0.33333334,-6.5555553,12.444445,-5.888889,6.4444447,0.9861111,-2.1239047,3
94.0,67.0,9,0.0,0.0,2.5555556,3.3629644,1.5555557,1.1851852,23.74074,22.88889,30.777779,17.555555,-2.5555556,21.11111,-18.555555,30.777779,0.42989677,-1.6701708,1
193.0,35.0,9,0.0,0.0,0.27777863,0.28518325,0.7222214,0.28518334,136.48148,131.22223,146.22223,132.0,-15.777778,29.222221,-13.444445,146.22223,0.103336096,-2.146845,2
176.0,187.0,9,0.0,0.0,1.7777773,1.6009252,2.333334,2.0221,54.77778,49.0,68.0,47.333332,-17.333334,39.666668,-22.333334,68.0,0.30412614,-2.0096147,6
138.0,21.0,9,0.0,0.0,0.6666654,0.76011735,1.0,0.5163958,127.296295,116.22222,143.11111,122.55556,-33.22222,47.444443,-14.222222,143.11111,0.18785286,-2.3393772,2
212.0,68.0,9,0.11111111,0.0,2.8888886,2.083444,1.8333334,0.93689704,37.962963,37.555557,41.666668,34.666668,-1.2222222,11.111111,-9.888889,41.666668,0.16790761,-1.6596414,4
127.0,118.0,9,0.22222222,0.0,1.722222,1.5296288,3.444444,9.496296,22.74074,21.555555,29.0,17.666668,-3.5555556,18.777779,-15.222222,29.0,0.3903984,-1.707392,1
67.0,118.0,9,0.0,0.0,1.111111,0.38518602,2.2777777,4.2851844,21.11111,20.222221,27.333334,15.777778,-2.6666667,18.666666,-16.0,27.333334,0.41688403,-1.620749,1
229.0,104.0,9,0.0,0.0,0.49999985,0.54772234,2.8333333,2.0412421,19.777779,16.333334,26.11111,16.88889,-10.333333,19.0,-8.666667,26.11111,0.37553233,-2.1506376,5
20.0,117.0,9,0.0,0.0,0.0,0.0,0.0,0.0,0.0,0.0,0.0,0.0,0.0,0.0,0.0,0.0,0.0,0.0,3
161.0,138.0,9,0.0,0.0,0.22222221,0.17213258,0.22222222,0.2721655,1.2222222,0.44444445,3.2222223,0.0,-2.3333333,6.0,-3.6666667,3.2222223,1.0,-1.9491665,5
17.0,18.0,9,0.0,0.0,1.2222214,1.2938598,1.2777773,1.2546203,125.62963,114.0,142.0,120.888885,-34.88889,49.11111,-14.222222,142.0,0.1971055,-2.3521838,2
25.0,208.0,9,0.0,0.0,5.7222233,4.841564,6.3333344,3.5527778,55.62963,48.22222,70.333336,48.333332,-22.222221,44.11111,-21.88889,70.333336,0.32059526,-2.0945847,6
21.0,232.0,9,0.0,0.0,2.3888888,2.6851852,2.277778,2.3740737,13.555555,11.333333,12.333333,17.0,-6.6666665,-3.6666667,10.333333,17.0,0.32791784,2.2831473,7
33.0,132.0,9,0.11111111,0.0,1.0555555,0.99814653,1.7222222,0.99814636,1.962963,0.6666667,4.2222223,1.0,-3.8888888,6.7777777,-2.8888888,4.2222223,0.6768879,-2.1524317,3
201.0,161.0,9,0.0,0.0,2.555556,0.5185191,11.500001,96.65553,41.814816,35.77778,51.444443,38.22222,-18.11111,28.88889,-10.777778,51.444443,0.30298296,-2.338974,6
49.0,95.0,9,0.0,0.0,1.6666665,5.911111,3.0,3.2888885,5.185185,2.2222223,9.444445,3.8888888,-8.888889,12.777778,-3.8888888,9.444445,0.79410774,-2.3264554,3
110.0,92.0,9,0.11111111,0.0,1.8888887,4.0296297,2.277778,3.529629,7.4444447,3.2222223,12.666667,6.4444447,-12.666667,15.666667,-3.0,12.666667,0.7590125,-2.452176,3
225.0,244.0,9,0.0,0.0,3.3888886,2.1951127,2.9999998,1.5202343,12.259259,10.333334,9.333334,17.11111,-5.7777777,-8.777778,14.555555,17.11111,0.48014903,1.9879022,7
142.0,208.0,9,0.0,0.0,1.9444442,2.6407385,2.4999995,1.3222219,18.555555,15.444445,14.888889,25.333334,-9.333333,-11.0,20.333334,25.333334,0.4408947,2.1022124,7
39.0,138.0,9,0.0,0.0,1.1111107,0.50184846,2.3888893,1.638653,54.62963,49.11111,66.77778,48.0,-16.555555,36.444443,-19.88889,66.77778,0.28091076,-2.0296564,4
28.0,188.0,9,0.0,0.0,1.4444441,1.4962955,5.111111,19.007412,29.962963,26.88889,36.444443,26.555555,-9.222222,19.444445,-10.222222,36.444443,0.2758629,-2.083566,6
248.0,103.0,9,0.0,0.0,0.9444434,0.57413447,1.1111113,0.9349196,35.62963,30.777779,45.22222,30.88889,-14.555555,28.777779,-14.222222,45.22222,0.32391465,-2.1026068,4
62.0,223.0,9,0.0,0.0,2.5,5.722223,1.6666666,2.4444442,6.6666665,4.888889,4.666667,10.444445,-5.3333335,-6.0,11.333333,10.444445,0.5931498,2.0465877,7
66.0,160.0,9,0.0,0.0,3.0000007,4.044447,2.777778,0.4296295,22.851852,18.222221,31.555555,18.777779,-13.888889,26.11111,-12.222222,31.555555,0.4260139,-2.1387258,4
180.0,162.0,9,0.0,0.0,3.1111095,5.762963,12.944446,9.396256,41.48148,35.666668,50.555557,38.22222,-17.444445,27.222221,-9.777778,50.555557,0.29110643,-2.3353713,6
59.0,96.0,9,0.0,0.0,0.6111107,0.4185212,0.61111194,0.24074087,111.59259,103.44444,128.11111,103.22222,-24.444445,49.555557,-25.11111,128.11111,0.19773355,-2.0859544,2
29.0,85.0,9,0.0,0.0,2.833333,2.9420328,2.3888888,3.0508046,4.0740743,2.1111112,6.7777777,3.3333333,-5.888889,8.111111,-2.2222223,6.7777777,0.76296294,-2.3698635,3
90.0,116.0,9,0.0,0.0,1.277778,0.85418403,1.3333336,1.1352925,18.74074,11.777778,29.555555,14.888889,-20.88889,32.444443,-11.555555,29.555555,0.5961039,-2.2599666,3
17.0,98.0,9,0.11111111,0.0,0.72222215,0.71232533,0.6666667,0.73029673,1.5185186,0.33333334,2.8888888,1.3333334,-3.5555556,4.111111,-0.5555556,2.8888888,0.9166667,-2.4238,3
170.0,113.0,9,0.0,0.0,2.833333,0.62360847,1.222222,0.68853045,28.333334,24.333334,34.88889,25.777779,-12.0,19.666666,-7.6666665,34.88889,0.30207062,-2.2362506,5
252.0,82.0,9,0.0,0.0,1.0555547,0.41851985,0.77777797,0.47407353,38.88889,34.555557,48.444443,33.666668,-13.0,28.666666,-15.666667,48.444443,0.3038762,-2.028043,4
163.0,152.0,9,0.0,0.0,0.0,0.0,0.0,0.0,0.0,0.0,0.0,0.0,0.0,0.0,0.0,0.0,0.0,0.0,5
31.0,62.0,9,0.0,0.0,1.8333336,0.83333385,1.8333334,0.9666677,21.185184,20.555555,27.222221,15.777778,-1.8888888,18.11111,-16.222221,27.222221,0.4194691,-1.6501234,1
108.0,144.0,9,0.0,0.0,0.38888893,0.15185183,0.22222222,0.07407406,0.962963,0.0,2.8888888,0.0,-2.8888888,5.7777777,-2.8888888,2.8888888,1.0,-2.0943952,3
38.0,41.0,9,0.11111111,0.0,1.7777777,1.6740736,1.6666666,1.7777781,22.481482,20.777779,29.777779,16.88889,-5.111111,21.88889,-16.777779,29.777779,0.4320471,-1.7716596,1
229.0,104.0,9,0.0,0.0,0.49999985,0.54772234,2.8333333,2.0412421,19.777779,16.333334,26.11111,16.88889,-10.333333,19.0,-8.666667,26.11111,0.37553233,-2.1506376,5
79.0,47.0,9,0.11111111,0.0,0.6666692,0.35555688,1.0000013,1.155558,126.37037,116.0,141.66667,121.44444,-31.11111,45.88889,-14.777778,141.66667,0.18101238,-2.3157923,2
201.0,86.0,9,0.0,0.11111111,9.5,222.70003,8.777779,105.54074,13.407408,8.777778,19.88889,11.555555,-13.888889,19.444445,-5.5555553,19.88889,0.6309454,-2.363577,3
180.0,116.0,9,0.0,0.0,2.9444456,1.611303,1.333333,0.81649673,33.185184,29.11111,41.666668,28.777779,-12.222222,25.444445,-13.222222,41.666668,0.30946052,-2.068113,4
252.0,195.0,9,0.0,0.0,2.6111119,2.091428,3.722222,2.2052138,47.666668,42.444443,58.77778,41.77778,-15.666667,33.333332,-17.666666,58.77778,0.28878826,-2.0516715,6
105.0,110.0,9,0.0,0.0,0.5,0.12222223,1.9444445,2.3740728,4.2222223,4.3333335,6.3333335,2.0,0.33333334,6.3333335,-6.6666665,6.3333335,0.7083333,-1.5397619,1
161.0,147.0,9,0.0,0.0,0.0,0.0,0.0,0.0,0.0,0.0,0.0,0.0,0.0,0.0,0.0,0.0,0.0,0.0,5
229.0,24.0,9,0.0,0.0,1.777778,1.1088876,1.2222233,1.0470423,49.185184,42.333336,61.22222,44.0,-20.555555,36.11111,-15.555555,61.22222,0.3086199,-2.1867971,4
240.0,26.0,9,0.0,0.0,1.2222239,1.0074004,0.88888806,0.20741068,136.88889,131.0,146.55556,133.11111,-17.666666,29.0,-11.333333,146.55556,0.10610159,-2.2307248,2
96.0,119.0,9,0.0,0.0,0.3333333,0.08888888,0.5555555,0.20740744,1.4444444,0.0,4.2222223,0.11111111,-4.3333335,8.333333,-4.0,4.2222223,1.0,-2.1137195,3
97.0,116.0,9,0.0,0.0,0.72222227,0.1962963,0.5555555,0.20740739,6.6296296,7.5555553,8.444445,3.8888888,2.7777777,5.4444447,-8.222222,8.555555,0.5465168,-1.2339455,1
207.0,215.0,9,0.0,0.0,3.222222,2.0403335,2.4999998,1.6158936,23.814816,18.11111,22.666666,30.666666,-17.11111,-3.4444444,20.555555,30.666666,0.40983668,2.4717567,7
29.0,125.0,9,0.0,0.0,0.38888875,0.06296301,0.6666667,0.1777776,5.851852,7.2222223,6.888889,3.4444444,4.111111,3.1111112,-7.2222223,7.3333335,0.5297619,-0.9442725,1
24.0,58.0,9,0.0,0.0,0.8888893,0.1629633,1.3888887,2.285186,20.925926,20.0,27.333334,15.444445,-2.7777777,19.222221,-16.444445,27.333334,0.4347433,-1.6850739,1
10.0,190.0,9,0.0,0.0,2.6666672,6.977775,2.5000007,2.6555543,32.962963,29.333334,41.11111,28.444445,-10.888889,24.444445,-13.555555,41.11111,0.30570525,-2.020042,6
76.0,198.0,9,0.0,0.0,1.7777778,1.2049282,1.5000001,0.69121444,14.555555,12.111111,11.777778,19.777779,-7.3333335,-8.333333,15.666667,19.777779,0.4115727,2.0556724,7
212.0,160.0,9,0.0,0.0,1.4444441,1.2938602,1.4444443,1.7722135,23.25926,17.777779,23.444445,28.555555,-16.444445,0.5555556,15.888889,28.555555,0.37821564,2.6425967,7
54.0,133.0,9,0.0,0.0,1.5555557,1.0074074,0.50000006,0.3444443,5.3703704,3.6666667,9.0,3.4444444,-5.111111,10.888889,-5.7777777,9.0,0.6304714,-2.0480003,5
159.0,116.0,9,0.11111111,0.0,0.4444437,0.34426528,2.0555553,1.1038655,29.814816,25.666666,37.11111,26.666666,-12.444445,21.88889,-9.444445,37.11111,0.31028613,-2.1775072,5
44.0,79.0,9,0.0,0.0,0.44444403,0.34426486,0.7777786,0.4036864,107.74074,93.888885,126.55556,102.77778,-41.555557,56.444443,-14.888889,126.55556,0.2580791,-2.3779652,2
97.0,21.0,9,0.0,0.0,0.944444,0.6116148,1.3333321,0.8692265,126.81481,115.0,142.88889,122.55556,-35.444443,48.22222,-12.777778,142.88889,0.19512747,-2.3778136,2
129.0,91.0,9,0.0,0.11111111,27.277779,752.24066,25.277779,377.9295,44.296295,38.444443,52.666668,41.77778,-17.555555,25.11111,-7.5555553,52.666668,0.34888473,-2.3202722,3
31.0,42.0,9,0.11111111,0.0,1.2777773,0.68518394,0.944444,0.7740725,127.03704,117.0,141.77779,122.333336,-30.11111,44.22222,-14.111111,141.77779,0.17463355,-2.3144195,2
133.0,67.0,9,0.0,0.0,1.388889,1.3962967,2.1111114,1.2296311,27.148148,25.11111,35.88889,20.444445,-6.111111,26.222221,-20.11111,35.88889,0.42930815,-1.7683556,1
84.0,134.0,9,0.0,0.0,0.44444442,0.118518464,0.72222215,0.1518519,2.1111112,1.0,4.666667,0.6666667,-3.3333333,7.6666665,-4.3333335,4.666667,0.8740741,-2.0131435,5
191.0,47.0,9,0.0,0.0,0.44444528,0.38518775,1.1111094,0.38518983,135.74074,129.0,146.33334,131.88889,-20.222221,31.777779,-11.555555,146.33334,0.11839892,-2.2625546,2
103.0,125.0,9,0.0,0.0,0.9444445,0.82775915,0.83333343,0.6912146,1.7777778,0.44444445,3.8888888,1.0,-4.0,6.3333335,-2.3333333,3.8888888,0.9238095,-2.2375617,3
148.0,192.0,9,0.11111111,0.0,4.0000005,2.1807232,4.944445,3.866763,58.11111,51.77778,72.0,50.555557,-19.0,41.666668,-22.666666,72.0,0.2993077,-2.0340476,6
45.0,111.0,9,0.0,0.0,0.49999967,0.34960282,0.9999998,0.7888104,16.11111,12.222222,23.777779,12.333333,-11.666667,23.0,-11.333333,23.777779,0.4898966,-2.1006706,5
112.0,201.0,9,0.0,0.0,2.833333,1.2952907,3.111111,1.7847089,21.296297,16.666668,20.333334,26.88889,-13.888889,-2.8888888,16.777779,26.88889,0.3819119,2.4679377,7
239.0,32.0,9,0.0,0.0,0.7777786,0.20740789,1.5000013,1.1888878,121.44444,110.22222,138.11111,116.0,-33.666668,50.0,-16.333334,138.11111,0.2018977,-2.3093905,2
245.0,140.0,9,0.0,0.0,0.16666666,0.27888668,0.6111111,0.7428674,0.4074074,0.22222222,0.7777778,0.22222222,-0.5555556,1.1111112,-0.5555556,0.7777778,0.24074075,-2.0943952,5
25.0,18.0,9,0.0,0.0,0.6666654,0.08888919,0.55555344,0.3851843,114.14815,102.44444,132.33334,107.666664,-35.11111,54.555557,-19.444445,132.33334,0.22572522,-2.2784517,2
142.0,100.0,9,0.0,0.0,0.6666667,0.26666614,1.388889,0.9074066,22.222221,21.777779,28.444445,16.444445,-1.3333334,18.666666,-17.333334,28.444445,0.42199442,-1.6233006,1
142.0,111.0,9,0.0,0.0,1.1111113,0.45541987,0.55555534,0.34426492,28.74074,24.555555,35.88889,25.777779,-12.555555,21.444445,-8.888889,35.88889,0.31548372,-2.2026672,5
204.0,194.0,9,0.0,0.0,2.6111114,1.9254627,5.1111107,3.4167333,41.037037,37.0,49.77778,36.333336,-12.111111,26.222221,-14.111111,49.77778,0.27541482,-2.0452008,6
238.0,25.0,9,0.0,0.0,0.38888678,0.25092345,0.94444656,0.8277594,116.25926,103.666664,133.77779,111.333336,-37.77778,52.555557,-14.777778,133.77779,0.22497466,-2.3601954,2
116.0,203.0,9,0.0,0.0,3.0555553,1.9484084,2.9444437,1.7564695,19.518518,15.444445,17.666668,25.444445,-12.222222,-5.5555553,17.777779,25.444445,0.39386794,2.320382,7
14.0,134.0,9,0.0,0.0,0.38888884,0.062962994,0.38888893,0.062963024,5.296296,6.7777777,6.2222223,2.8888888,4.4444447,2.7777777,-7.2222223,7.0,0.5873016,-0.91263086,1
69.0,59.0,9,0.0,0.0,1.2777773,0.9518511,2.055555,1.4851853,23.851852,22.666666,30.88889,18.0,-3.5555556,21.11111,-17.555555,30.88889,0.41530126,-1.6993256,1
67.0,64.0,9,0.0,0.0,2.1111107,2.1185186,2.388889,3.440744,22.481482,22.0,28.88889,16.555555,-1.4444444,19.222221,-17.777779,28.88889,0.42692268,-1.6256685,1
110.0,189.0,9,0.0,0.0,1.0000004,0.66666675,1.2222223,1.1863422,12.925926,10.888889,9.222222,18.666668,-6.111111,-11.111111,17.222221,18.666668,0.50813884,1.9108642,7
140.0,188.0,9,0.0,0.0,2.0,2.1081848,3.0555546,2.4981472,61.666668,54.444443,76.55556,54.0,-21.666666,44.666668,-23.0,76.55556,0.29562417,-2.074028,6
208.0,65.0,9,0.0,0.0,1.3888874,1.2367799,26.444445,25.537477,56.703705,52.666668,64.44444,53.0,-12.111111,23.222221,-11.111111,64.44444,0.19713038,-1.9708116,4
42.0,133.0,9,0.0,0.0,1.1666667,1.9061303,2.7222223,3.1581755,2.7037036,1.2222222,5.0,1.8888888,-4.4444447,6.888889,-2.4444444,5.0,0.8606061,-2.208419,5
127.0,120.0,9,0.0,0.0,0.5,0.47777766,0.72222215,0.5962963,1.5185186,0.11111111,4.111111,0.33333334,-4.2222223,7.7777777,-3.5555556,4.111111,0.984127,-2.133095,3
70.0,71.0,9,0.11111111,0.0,2.1111119,1.8074061,2.8333333,2.077779,22.777779,21.88889,29.666666,16.777779,-2.6666667,20.666666,-18.0,29.666666,0.43356952,-1.6679595,1
217.0,208.0,9,0.0,0.0,2.5000002,2.1666656,2.6666667,2.4444458,16.074074,12.666667,14.444445,21.11111,-10.222222,-4.888889,15.111111,21.11111,0.40212956,2.3109324,7
67.0,71.0,9,0.0,0.0,1.6666666,0.8888911,1.4999987,0.29999846,125.96296,115.55556,140.88889,121.44444,-31.222221,44.77778,-13.555555,140.88889,0.17967218,-2.339758,2
63.0,220.0,9,0.0,0.0,3.055556,15.2629595,3.6666667,6.0888896,8.185185,6.5555553,6.4444447,11.555555,-4.888889,-5.2222223,10.111111,11.555555,0.48671728,2.0931497,7
68.0,103.0,9,0.0,0.0,0.66666675,0.57777774,1.111111,0.96296334,2.148148,0.11111111,5.6666665,0.6666667,-6.111111,10.555555,-4.4444447,5.6666665,0.9876543,-2.1854658,3
228.0,91.0,9,0.0,0.0,0.72222227,0.1962963,1.1111112,0.38518512,2.6296296,0.44444445,6.2222223,1.2222222,-6.5555553,10.777778,-4.2222223,6.2222223,0.9398148,-2.2257352,3
233.0,211.0,9,0.11111111,0.0,2.6666667,6.0888896,1.6666666,1.7333333,15.444445,12.444445,15.222222,18.666668,-9.0,-0.6666667,9.666667,18.666668,0.33542147,2.5549645,7
29.0,100.0,9,0.0,0.0,2.2222226,1.3629644,2.6666672,3.6444447,20.62963,20.88889,25.555555,15.444445,0.7777778,14.777778,-15.555555,25.555555,0.39433068,-1.519702,1
169.0,102.0,9,0.0,0.0,1.0,0.35555485,0.8888893,0.2962955,58.22222,53.444443,69.66667,51.555557,-14.333333,34.333332,-20.0,69.66667,0.25975996,-1.9855843,4
180.0,179.0,9,0.0,0.0,2.2777784,2.5074108,4.555556,7.274074,35.48148,31.333334,44.11111,31.0,-12.444445,25.88889,-13.444445,44.11111,0.30116582,-2.0752,6
57.0,93.0,9,0.0,0.0,0.38888898,0.38968158,0.22222202,0.17213243,17.925926,13.222222,27.11111,13.444445,-14.111111,27.555555,-13.444445,27.11111,0.5119048,-2.1104572,5
96.0,123.0,9,0.0,0.0,1.2777777,0.1518523,1.8333334,2.0777776,21.62963,14.777778,34.22222,15.888889,-20.555555,37.77778,-17.222221,34.22222,0.5595462,-2.149759,4
81.0,122.0,9,0.0,0.11111111,7.388889,64.95186,4.8333335,42.255566,6.6296296,3.3333333,11.333333,5.2222223,-9.888889,14.111111,-4.2222223,11.333333,0.8093314,-2.3490174,3
102.0,50.0,9,0.0,0.0,1.611112,1.0628405,1.333334,0.8692274,60.851852,53.0,75.77778,53.77778,-23.555555,44.77778,-21.222221,75.77778,0.30477422,-2.1294794,4
182.0,186.0,9,0.11111111,0.0,3.666666,2.0439608,1.7777767,1.2412661,48.444443,43.77778,59.88889,41.666668,-14.0,34.333332,-20.333334,59.88889,0.30452195,-1.9730555,6
208.0,34.0,9,0.0,0.0,1.7222224,1.7309811,0.4444445,0.50184834,14.444445,10.777778,21.0,11.555555,-11.0,19.666666,-8.666667,21.0,0.479958,-2.1623826,5
49.0,148.0,9,0.0,0.0,0.7777777,0.25185102,6.6666665,33.422226,15.962963,12.0,16.88889,19.0,-11.888889,2.7777777,9.111111,19.444445,0.4037081,2.9124804,7
172.0,183.0,9,0.0,0.0,2.8888893,1.6821506,4.0555553,3.0725813,56.333332,50.444443,70.0,48.555557,-17.666666,41.0,-23.333334,70.0,0.30547154,-1.9975766,6
149.0,92.0,9,0.0,0.0,1.2222223,0.5629636,2.3333333,3.822222,23.666666,23.11111,30.333334,17.555555,-1.6666666,20.0,-18.333334,30.333334,0.4209725,-1.6377774,1
92.0,89.0,9,0.0,0.0,1.9999994,1.2649107,1.2222214,0.95839226,58.925926,51.0,74.44444,51.333332,-23.777779,46.555557,-22.777779,74.44444,0.31787068,-2.1087568,4
169.0,66.0,9,0.0,0.0,2.0000007,2.08889,0.94444466,0.41851884,51.592594,47.77778,61.22222,45.77778,-11.444445,28.88889,-17.444445,61.22222,0.25210327,-1.9612544,4
96.0,130.0,9,0.0,0.0,0.5555555,0.45542008,1.2222222,0.65546143,2.4074075,0.44444445,5.0,1.7777778,-5.888889,7.7777777,-1.8888888,5.0,0.93121696,-2.3662155,3
150.0,158.0,9,0.0,0.0,2.166667,1.6333338,1.388889,0.41851807,8.444445,7.0,12.222222,6.111111,-4.3333335,11.333333,-7.0,12.222222,0.50308645,-1.9434487,4
91.0,115.0,9,0.11111111,0.0,1.7222223,1.4407418,3.888889,2.8296306,19.925926,20.555555,24.11111,15.111111,1.8888888,12.555555,-14.444445,24.11111,0.37532148,-1.4409626,1
108.0,130.0,9,0.0,0.0,0.94444466,0.59629655,1.0000001,0.66666657,6.6296296,8.444445,7.2222223,4.2222223,5.4444447,1.7777778,-7.2222223,8.444445,0.5010141,-0.76407653,1
163.0,180.0,9,0.0,0.0,1.777778,1.1851858,9.166667,63.944435,30.37037,27.444445,36.333336,27.333334,-8.777778,17.88889,-9.111111,36.333336,0.23849043,-2.2170947,6
189.0,39.0,9,0.0,0.0,1.0555547,0.57413566,0.77777606,0.58372843,124.18519,113.888885,140.33334,118.333336,-30.88889,48.444443,-17.555555,140.33334,0.18839076,-2.268113,2
207.0,58.0,9,0.0,0.0,0.7777774,0.34426582,0.88888806,0.58372843,110.37037,97.666664,128.11111,105.333336,-38.11111,53.22222,-15.111111,128.11111,0.2375665,-2.3572707,2
231.0,123.0,9,0.0,0.0,0.66666675,0.08888893,0.38888893,0.15185189,5.814815,7.111111,6.888889,3.4444444,3.8888888,3.2222223,-7.111111,7.3333335,0.53174603,-0.9884131,1
147.0,193.0,9,0.0,0.0,6.6111126,3.6050377,7.055556,5.4095254,51.74074,46.555557,63.0,45.666668,-15.555555,33.77778,-18.222221,63.0,0.27526647,-2.0801742,6
158.0,186.0,9,0.0,0.0,0.88888884,0.3407409,1.4999999,1.8111099,12.074074,9.333334,10.777778,16.11111,-8.222222,-3.8888888,12.111111,16.11111,0.4288645,2.3195195,7
14.0,71.0,9,0.0,0.0,13.055554,10.382501,21.888885,16.536379,31.851852,25.555555,40.22222,29.777779,-18.88889,25.11111,-6.2222223,40.22222,0.39567065,-2.4018247,3
106.0,65.0,9,0.22222222,0.0,2.222222,1.655519,2.2777786,0.82775915,60.62963,53.666668,74.55556,53.666668,-20.88889,41.77778,-20.88889,74.55556,0.28732476,-2.0910368,4
226.0,83.0,9,0.0,0.0,0.8888893,0.5185186,1.0555521,0.50740635,90.62963,74.55556,116.888885,80.44444,-48.22222,78.77778,-30.555555,116.888885,0.36206177,-2.2390528,2
65.0,70.0,9,0.0,0.0,0.6666654,0.17777647,1.1111082,0.5629626,112.51852,104.0,127.77778,105.77778,-25.555555,45.77778,-20.222221,127.77778,0.18609881,-2.17166,2
133.0,141.0,9,0.0,0.0,0.11111111,0.17213261,0.11111113,0.1721326,0.074074075,0.0,0.22222222,0.0,-0.22222222,0.44444445,-0.22222222,0.22222222,0.22222222,-2.0943952,5
127.0,81.0,9,0.0,0.0,24.33333,442.17786,22.111109,263.09634,42.555557,34.88889,51.77778,41.0,-23.0,27.666666,-4.6666665,51.77778,0.3669463,-2.476481,3
161.0,176.0,9,0.0,0.0,0.38888898,0.15185188,1.1666666,0.3888888,13.0,10.111111,11.777778,17.11111,-8.666667,-3.6666667,12.333333,17.11111,0.40773422,2.3406181,7
66.0,160.0,9,0.0,0.0,3.0000007,4.044447,2.777778,0.4296295,22.851852,18.222221,31.555555,18.777779,-13.888889,26.11111,-12.222222,31.555555,0.4260139,-2.1387258,4
32.0,240.0,9,0.0,0.0,1.2777776,1.540803,2.2777777,1.7051125,12.148149,9.777778,9.333334,17.333334,-7.111111,-8.444445,15.555555,17.333334,0.47067475,2.0438652,7
170.0,159.0,9,0.11111111,0.0,2.2777777,1.420746,1.611111,1.1816499,20.518518,20.333334,22.333334,18.88889,-0.5555556,5.4444447,-4.888889,22.333334,0.15127982,-1.5966792,4
212.0,239.0,9,0.0,0.0,1.9444443,1.4516913,2.3333333,2.8205595,10.37037,7.6666665,9.666667,13.777778,-8.111111,-2.1111112,10.222222,13.777778,0.4459687,2.4263785,7
52.0,170.0,9,0.0,0.0,0.55555564,0.4554201,0.94444436,0.38968262,25.444445,20.11111,25.333334,30.88889,-16.0,-0.33333334,16.333334,30.88889,0.34911168,2.6040132,7
112.0,114.0,9,0.0,0.0,0.7222224,0.06296291,0.6666668,0.0444444,5.259259,6.5555553,6.111111,3.1111112,3.8888888,2.5555556,-6.4444447,6.6666665,0.5343915,-0.9106101,1
86.0,140.0,9,0.0,0.0,5.444444,4.7687263,3.0555556,2.6784468,9.925926,6.0,15.111111,8.666667,-11.777778,15.555555,-3.7777777,15.111111,0.627944,-2.417818,3
70.0,122.0,9,0.0,0.0,3.6666667,4.033196,4.111111,3.7810435,19.88889,17.88889,25.11111,16.666668,-6.0,15.666667,-9.666667,26.444445,0.40249237,-1.5402138,3
2.0,44.0,9,0.0,0.0,2.1666672,2.3888876,2.3888896,1.5296285,18.74074,17.333334,25.222221,13.666667,-4.2222223,19.444445,-15.222222,25.222221,0.45768142,-1.7537255,1
230.0,41.0,9,0.0,0.0,0.88889056,0.6885295,1.8888893,1.2412663,121.48148,110.22222,138.88889,115.333336,-33.77778,52.22222,-18.444445,138.88889,0.2063918,-2.2808032,2
186.0,162.0,9,0.0,0.0,1.6111122,0.59629595,12.388888,66.818535,44.074074,37.444443,54.666668,40.11111,-19.88889,31.777779,-11.888889,54.666668,0.3015076,-2.3866708,6
81.0,158.0,9,0.0,0.0,2.8333333,1.1444448,1.4444447,1.7629628,21.037037,16.777779,29.0,17.333334,-12.777778,23.88889,-11.111111,29.0,0.41915956,-2.142701,4
40.0,35.0,9,0.0,0.0,0.7222226,0.25092337,1.0555547,0.6469281,69.44444,61.77778,85.333336,61.22222,-23.0,47.666668,-24.666666,85.333336,0.2874884,-2.0742002,4
235.0,196.0,9,0.0,0.0,1.6666666,1.333334,2.222222,1.1482682,47.25926,41.77778,58.555557,41.444443,-16.444445,33.88889,-17.444445,58.555557,0.29423782,-2.0746155,6
161.0,89.0,9,0.0,0.0,4.6666665,5.1164227,0.16666682,0.27888685,3.1111112,2.8888888,3.7777777,2.6666667,-0.6666667,2.0,-1.3333334,3.7777777,0.0976431,-1.8904839,5
239.0,160.0,9,0.0,0.0,1.8333334,0.9222209,5.944443,4.5962973,45.148148,37.88889,58.333332,39.22222,-21.777779,39.555557,-17.777779,58.333332,0.35212588,-2.1629994,6
58.0,128.0,9,0.11111111,0.0,2.9444447,1.75647,2.4444444,1.6821501,16.481482,10.111111,25.88889,13.444445,-19.11111,28.222221,-9.111111,25.88889,0.6133847,-2.3163002,3
217.0,130.0,9,0.0,0.0,2.3333333,2.5333333,1.4444447,0.4740743,21.37037,15.777778,31.88889,16.444445,-16.777779,31.555555,-14.777778,31.88889,0.50544137,-2.1349237,4
40.0,73.0,9,0.11111111,0.0,1.3888893,1.0851853,1.6111116,2.5074077,20.62963,19.777779,26.777779,15.333333,-2.5555556,18.444445,-15.888889,26.777779,0.42697316,-1.6754649,1
184.0,91.0,9,0.0,0.0,1.222222,0.38518563,0.3888893,0.10740757,24.074074,17.777779,34.88889,19.555555,-18.88889,32.444443,-13.555555,34.88889,0.48999,-2.2024248,5
27.0,134.0,9,0.0,0.0,1.111111,0.9813067,1.6111113,1.0628402,8.703704,3.6666667,15.888889,6.5555553,-15.111111,21.555555,-6.4444447,15.888889,0.772831,-2.3430035,3
150.0,152.0,9,0.0,0.0,0.11111108,0.029629618,2.0555556,3.5740747,1.3703704,1.0,2.3333335,0.7777778,-1.1111112,2.8888888,-1.7777778,2.3333335,0.537037,-2.0073514,5
105.0,139.0,9,0.0,0.0,0.27777782,0.107407436,0.83333325,0.52222216,6.111111,7.5555553,7.2222223,3.5555556,4.3333335,3.3333333,-7.6666665,7.5555553,0.5326279,-0.96594584,1
242.0,89.0,9,0.0,0.0,0.5,0.47777787,0.9444445,0.5518519,1.8148148,0.7777778,4.111111,0.5555556,-3.1111112,6.888889,-3.7777777,4.111111,0.8962963,-2.0422592,5
72.0,118.0,9,0.0,0.0,0.27777776,0.06296293,0.5555556,0.11851845,5.4814816,6.5555553,6.6666665,3.2222223,3.2222223,3.5555556,-6.7777777,7.111111,0.5458554,-1.053347,1
71.0,113.0,9,0.0,0.0,0.7222221,0.24074072,0.7222221,0.1518519,5.4814816,7.111111,6.3333335,3.0,4.888889,2.5555556,-7.4444447,7.111111,0.58002645,-0.8512021,1
25.0,116.0,9,0.0,0.0,0.94444484,0.1518519,4.777777,3.0962973,16.185184,17.0,20.0,11.555555,2.4444444,11.444445,-13.888889,21.222221,0.44718736,-1.1628438,1
60.0,52.0,9,0.0,0.0,0.7222226,0.5963011,0.7777774,0.7407436,111.62963,101.0,129.22223,104.666664,-31.88889,52.77778,-20.88889,129.22223,0.21837935,-2.2296848,2
33.0,149.0,9,0.0,0.0,0.5555556,0.25185165,0.72222227,0.15185171,5.4444447,4.111111,8.666667,3.5555556,-4.0,9.666667,-5.6666665,8.666667,0.5783389,-1.9857028,1
100.0,194.0,9,0.0,0.0,1.722222,2.5941534,3.2222233,1.5006163,61.555557,54.77778,76.22222,53.666668,-20.333334,44.0,-23.666666,76.22222,0.29590768,-2.0427177,6
169.0,136.0,9,0.0,0.0,0.27777782,0.06296299,0.8333333,0.21111113,2.074074,0.6666667,4.888889,0.6666667,-4.2222223,8.444445,-4.2222223,4.888889,0.87751323,-2.0943952,5
173.0,67.0,9,0.0,0.0,1.1111112,1.2412658,0.22222225,0.34426522,0.7407407,0.7777778,1.1111112,0.33333334,0.11111111,1.1111112,-1.2222222,1.1111112,0.23148148,-1.5126845,5
48.0,79.0,9,0.0,0.0,1.7777778,1.8518519,1.1666667,1.3222216,5.4074073,1.7777778,10.555555,3.8888888,-10.888889,15.444445,-4.5555553,10.555555,0.8424523,-2.3397982,3
99.0,107.0,9,0.11111111,0.0,1.5555557,2.0296292,3.3333333,2.2666647,18.62963,19.444445,23.0,13.444445,2.4444444,13.111111,-15.555555,23.11111,0.41378537,-1.3703691,1
203.0,133.0,9,0.0,0.0,0.11111111,0.029629635,0.11111111,0.029629635,0.5925926,0.0,1.7777778,0.0,-1.7777778,3.5555556,-1.7777778,1.7777778,1.0,-2.0943952,5
206.0,133.0,9,0.0,0.0,0.055555556,0.13608277,0.055555556,0.13608277,0.37037036,0.0,1.1111112,0.0,-1.1111112,2.2222223,-1.1111112,1.1111112,1.0,-2.0943952,5
250.0,87.0,9,0.0,0.0,0.72222203,0.24074072,0.61111087,0.37407398,11.148149,6.6666665,19.555555,7.2222223,-13.444445,25.222221,-11.777778,19.555555,0.6593289,-2.1386166,5
39.0,17.0,9,0.0,0.0,1.1111107,1.0886621,0.88889056,0.8073737,71.18519,63.333332,87.333336,62.88889,-23.555555,48.444443,-24.88889,87.333336,0.2848739,-2.0751612,4
44.0,187.0,9,0.0,0.0,1.4444448,0.3442649,0.8333335,1.0274024,15.222222,13.222222,12.777778,19.666668,-6.0,-7.3333335,13.333333,19.666668,0.35552603,2.038483,7
71.0,197.0,9,0.0,0.0,2.7222233,1.8549237,4.555556,2.1464868,55.444443,49.11111,69.55556,47.666668,-19.0,42.333332,-23.333334,69.55556,0.31473875,-2.0243213,6
118.0,180.0,9,0.0,0.0,1.9444447,1.4819913,3.1111114,1.0886629,48.555557,44.11111,59.0,42.555557,-13.333333,31.333334,-18.0,59.0,0.27882218,-1.9960423,6
192.0,162.0,9,0.0,0.0,2.3888886,2.1962967,14.944444,219.57411,40.444443,34.444447,49.444443,37.444443,-18.0,27.0,-9.0,50.333332,0.30781415,-2.5736349,6
118.0,38.0,9,0.0,0.0,0.7777774,0.58372986,0.88888806,1.0680552,124.85185,113.333336,141.66667,119.55556,-34.555557,50.444443,-15.888889,141.66667,0.19997217,-2.322923,2
76.0,138.0,9,0.0,0.22222222,3.2222226,3.8796716,5.5,2.4289908,16.518518,9.888889,24.777779,14.888889,-19.88889,24.777779,-4.888889,24.777779,0.60921985,-2.4395385,3
143.0,24.0,9,0.0,0.0,1.2777773,0.9074056,0.88888806,1.1407489,127.62963,117.666664,141.66667,123.55556,-29.88889,42.11111,-12.222222,141.66667,0.16939692,-2.349252,2
138.0,116.0,9,0.0,0.0,0.6111111,0.15185188,0.4444445,0.20740739,6.4814816,7.5555553,8.222222,3.6666667,3.2222223,5.2222223,-8.444445,8.333334,0.5591711,-1.1910701,1
72.0,111.0,9,0.0,0.0,0.5,0.3,0.9444444,1.396296,1.2962962,0.0,3.5555556,0.33333334,-3.8888888,6.7777777,-2.8888888,3.5555556,1.0,-2.1394942,3
95.0,141.0,9,0.0,0.0,0.72222215,0.24074078,0.72222215,0.1518519,1.5555556,0.11111111,3.6666667,0.8888889,-4.3333335,6.3333335,-2.0,3.6666667,0.9777778,-2.2859912,3
58.0,25.0,9,0.0,0.0,0.7777799,0.50184816,0.3888893,0.3277306,112.22222,97.77778,131.33334,107.55556,-43.333332,57.333332,-14.0,131.33334,0.25541002,-2.3968942,2
138.0,49.0,9,0.0,0.0,1.0555573,0.9289595,1.7777799,1.0680549,124.03704,113.111115,140.44444,118.55556,-32.77778,49.22222,-16.444445,140.44444,0.19462235,-2.303412,2
57.0,177.0,9,0.0,0.0,0.94444495,0.55185163,1.4444443,1.71852,19.592592,15.777778,18.444445,24.555555,-11.444445,-3.4444444,14.888889,24.555555,0.3589904,2.413262,7
189.0,142.0,9,0.0,0.0,0.0,0.0,0.0,0.0,0.0,0.0,0.0,0.0,0.0,0.0,0.0,0.0,0.0,0.0,5
24.0,93.0,9,0.0,0.0,1.6111094,0.7722033,2.0555553,1.7309806,62.851852,54.77778,79.22222,54.555557,-24.222221,49.11111,-24.88889,79.22222,0.3155379,-2.0837152,4
160.0,41.0,9,0.0,0.0,0.8333333,0.8096638,0.22222225,0.17213258,0.7037037,0.5555556,1.2222222,0.33333334,-0.44444445,1.5555556,-1.1111112,1.2222222,0.537037,-1.8451205,5
63.0,179.0,9,0.0,0.0,0.6666668,0.22222233,1.5555557,0.5629631,11.814815,9.777778,9.444445,16.222223,-6.111111,-7.111111,13.222222,16.222223,0.41976216,2.04457,7
199.0,220.0,9,0.0,0.0,1.1666667,0.83333284,0.88888884,0.47407386,6.6296296,5.3333335,5.0,9.555555,-3.8888888,-4.888889,8.777778,9.555555,0.5039001,2.0308669,7
90.0,122.0,9,0.11111111,0.0,1.6666669,1.398412,1.1666669,0.69121486,16.185184,10.222222,25.333334,13.0,-17.88889,27.444445,-9.555555,25.333334,0.584744,-2.2472665,3
12.0,154.0,9,0.0,0.0,3.222222,3.0518484,2.3333333,3.200002,19.703703,14.888889,28.555555,15.666667,-14.444445,26.555555,-12.111111,28.555555,0.47971532,-2.1425292,4
170.0,62.0,9,0.0,0.0,0.0,0.0,0.0,0.0,0.0,0.0,0.0,0.0,0.0,0.0,0.0,0.0,0.0,0.0,5
97.0,176.0,9,0.0,0.0,0.77777797,0.6554612,2.3888893,1.3066785,22.185184,19.0,19.777779,27.777779,-9.555555,-7.2222223,16.777779,27.777779,0.31604066,2.1798449,7
204.0,12.0,9,0.0,0.0,0.7777774,0.51851887,1.7777786,0.78518295,127.44444,115.55556,143.11111,123.666664,-35.666668,47.0,-11.333333,143.11111,0.19251962,-2.4029171,2
42.0,200.0,9,0.0,0.0,0.5555555,0.4296296,0.44444433,0.25185174,7.703704,5.7777777,5.888889,11.444445,-5.7777777,-5.4444447,11.222222,11.444445,0.5153199,2.10726,7
203.0,83.0,9,0.0,0.0,0.3888893,0.1360832,0.22222233,0.40368673,17.074074,12.888889,24.88889,13.444445,-12.555555,23.444445,-10.888889,24.88889,0.48185185,-2.1437612,5
88.0,91.0,9,0.0,0.0,1.0555559,0.8277575,0.7222214,0.77220345,104.888885,92.55556,123.44444,98.666664,-37.0,55.666668,-18.666666,123.44444,0.2502041,-2.300486,2
214.0,161.0,9,0.0,0.0,3.7222223,0.72963357,11.5,18.922234,40.444443,35.333336,49.666668,36.333336,-15.333333,27.666666,-12.333333,49.666668,0.29805613,-2.198939,6
112.0,77.0,9,0.0,0.0,0.94444656,0.57413495,1.1666654,0.80966693,107.62963,93.888885,125.22222,103.77778,-41.22222,52.77778,-11.555555,125.22222,0.2501428,-2.4246798,2
109.0,76.0,9,0.0,0.0,1.5000006,0.69121444,0.3888887,0.32773072,51.77778,47.666668,61.555557,46.11111,-12.333333,29.333334,-17.0,61.555557,0.25070548,-1.9899223,4
26.0,211.0,9,0.0,0.0,1.6666666,1.4666667,1.6666669,1.8222221,16.37037,13.777778,14.666667,20.666668,-7.7777777,-5.111111,12.888889,20.666668,0.33385554,2.239034,7
18.0,87.0,9,0.0,0.0,1.5555555,1.9626132,1.8888887,1.7469552,2.925926,1.2222222,5.6666665,1.8888888,-5.111111,8.222222,-3.1111112,5.6666665,0.86277056,-2.2294934,3
44.0,123.0,9,0.0,0.0,1.0555556,0.99629647,1.0000001,0.8444444,1.4814814,0.22222222,3.6666667,0.5555556,-3.7777777,6.5555553,-2.7777777,3.6666667,0.96190476,-2.1617603,3
232.0,175.0,9,0.0,0.0,1.1666669,0.62360954,2.8333333,2.1679492,15.37037,12.444445,13.555555,20.11111,-8.777778,-5.4444447,14.222222,20.11111,0.38741234,2.2421958,7
37.0,104.0,9,0.0,0.0,7.8333325,9.713106,22.111109,21.61858,18.62963,14.888889,23.444445,17.555555,-11.222222,14.444445,-3.2222223,23.444445,0.6076133,-2.4250698,3
99.0,160.0,9,0.0,0.0,2.0,0.84327424,3.055555,2.3609476,28.037037,21.11111,29.666666,33.333336,-20.777779,4.888889,15.888889,33.333336,0.36751375,2.8271055,7
20.0,70.0,9,0.0,0.0,11.499999,8.767999,7.944445,6.9166985,18.592592,13.666667,23.88889,18.222221,-14.777778,15.888889,-1.1111112,23.88889,0.47688422,-2.5891109,3
179.0,162.0,9,0.0,0.0,1.9444447,1.3074076,14.055556,5.929622,40.296295,34.666668,49.22222,37.0,-16.88889,26.777779,-9.888889,49.22222,0.28965172,-2.3411982,6
193.0,154.0,9,0.0,0.0,1.7222217,2.5518515,2.0,1.8666656,28.148148,21.555555,39.555557,23.333334,-19.777779,34.22222,-14.444445,39.555557,0.45353317,-2.1910727,4
6.0,118.0,9,0.0,0.0,0.055555563,0.13608278,0.055555563,0.13608278,0.037037037,0.0,0.11111111,0.0,-0.11111111,0.22222222,-0.11111111,0.11111111,0.11111111,-2.0943952,3
92.0,56.0,9,0.0,0.0,0.44444275,0.029629406,0.8333333,0.5666677,126.0,115.888885,140.66667,121.44444,-30.333334,44.0,-13.666667,140.66667,0.17606053,-2.3267827,2
252.0,201.0,9,0.0,0.0,4.6111107,5.495115,5.5555553,5.795274,40.296295,35.77778,49.0,36.11111,-13.555555,26.11111,-12.555555,49.0,0.2753682,-2.1758256,6
79.0,57.0,9,0.0,0.0,1.7222223,1.6185173,1.9444447,1.9740733,26.814816,24.0,36.22222,20.222221,-8.444445,28.222221,-19.777779,36.22222,0.44050935,-1.8376745,1
229.0,124.0,9,0.0,0.0,0.888889,0.074073985,0.8888889,0.3407407,5.888889,7.111111,7.111111,3.4444444,3.6666667,3.6666667,-7.3333335,7.5555553,0.5458554,-1.0376626,1
145.0,101.0,9,0.11111111,0.0,0.55555534,0.118518576,1.611111,0.5962954,22.444445,21.555555,29.222221,16.555555,-2.6666667,20.333334,-17.666666,29.222221,0.43281928,-1.6743178,1
93.0,190.0,9,0.0,0.0,5.5000014,1.8226972,2.6111114,3.234651,53.592594,47.333332,66.88889,46.555557,-18.777779,39.88889,-21.11111,66.88889,0.3036015,-2.052546,6
152.0,199.0,9,0.0,0.0,1.111111,0.5185188,0.8333337,0.2555551,17.962963,15.222222,15.444445,23.222221,-8.222222,-7.5555553,15.777778,23.222221,0.34806257,2.129513,7
223.0,161.0,9,0.0,0.0,1.3888893,3.040736,8.999999,31.022234,42.037037,36.0,52.22222,37.88889,-18.11111,30.555555,-12.444445,52.22222,0.30841646,-2.282295,6
207.0,97.0,9,0.0,0.0,0.88888884,0.65185195,0.7777777,0.4740743,2.6296296,0.5555556,5.888889,1.4444444,-6.2222223,9.777778,-3.5555556,5.888889,0.91534394,-2.2690227,3
201.0,92.0,9,0.0,0.0,0.8333346,0.2111112,0.7777799,0.2962967,90.333336,74.888885,115.44444,80.66667,-46.333332,75.333336,-29.0,115.44444,0.35122013,-2.2428021,2
16.0,82.0,9,0.0,0.0,4.3333335,41.288895,6.222223,66.65185,8.481482,4.3333335,14.555555,6.5555553,-12.444445,18.222221,-5.7777777,14.555555,0.7428191,-2.3206284,3
112.0,18.0,9,0.0,0.0,0.8333333,0.6912159,0.5,0.27888793,113.77778,102.333336,130.11111,108.888885,-34.333332,49.0,-14.666667,130.11111,0.21325745,-2.3408391,2
222.0,62.0,9,0.0,0.0,0.27777782,0.2509242,0.6666667,0.55777335,6.4074073,4.111111,11.444445,3.6666667,-6.888889,15.111111,-8.222222,11.444445,0.68080807,-2.0341523,5
243.0,120.0,9,0.0,0.0,4.4444447,4.359749,1.5555547,1.8338387,47.851852,44.77778,56.333332,42.444443,-9.222222,25.444445,-16.222221,56.333332,0.2453213,-1.9107349,4
172.0,140.0,9,0.0,0.0,3.0,0.42163622,0.6666666,0.42163697,3.2222223,2.6666667,5.0,2.0,-1.6666666,5.3333335,-3.6666667,5.0,0.65608466,-1.8531612,5
251.0,24.0,9,0.0,0.0,1.1666666,0.9666646,1.6111094,0.41851908,121.62963,110.77778,137.77779,116.333336,-32.555557,48.444443,-15.888889,137.77779,0.19597653,-2.3079143,2
97.0,86.0,9,0.11111111,0.0,1.5000004,0.8333331,3.555556,2.1629639,23.814816,23.333334,30.222221,17.88889,-1.4444444,19.222221,-17.777779,30.222221,0.40554056,-1.6085904,1
234.0,194.0,9,0.0,0.22222222,1.4444453,1.9512585,3.8333333,3.0894084,48.62963,43.0,60.333332,42.555557,-16.88889,35.11111,-18.222221,60.333332,0.29836866,-2.0718758,6
168.0,209.0,9,0.0,0.0,1.3333334,0.6666665,0.7222217,0.7123257,22.518518,17.666668,20.88889,29.0,-14.555555,-4.888889,19.444445,29.0,0.39033788,2.3893912,7
69.0,17.0,9,0.0,0.0,0.61111194,0.10740544,0.6666667,0.3111077,130.2963,120.77778,143.88889,126.22222,-28.555555,40.77778,-12.222222,143.88889,0.1606036,-2.3394933,2
5.0,118.0,9,0.0,0.0,0.22222222,0.07407408,0.33333334,0.0888889,0.9259259,0.0,2.5555556,0.22222222,-2.7777777,4.888889,-2.1111112,2.5555556,1.0,-2.1712801,3
152.0,152.0,9,0.0,0.0,0.16666669,0.033333343,2.1111112,4.340741,1.4074074,1.0,2.4444444,0.7777778,-1.2222222,3.1111112,-1.8888888,2.4444444,0.43915343,-2.000272,5
209.0,70.0,9,0.0,0.11111111,2.222223,1.8216797,8.777778,3.4619644,36.74074,33.666668,44.444443,32.11111,-9.222222,23.11111,-13.888889,44.444443,0.27335805,-1.9605819,4
63.0,201.0,9,0.0,0.0,1.4444445,0.9185186,0.94444424,0.5518518,7.7777777,6.2222223,5.5555553,11.555555,-4.6666665,-6.6666665,11.333333,11.555555,0.54320127,1.9829868,7
121.0,102.0,9,0.11111111,0.0,2.9444435,1.8549231,1.222222,0.86066246,51.666668,47.11111,62.333332,45.555557,-13.666667,32.0,-18.333334,62.333332,0.2694,-1.9948803,4
232.0,175.0,9,0.0,0.0,1.1666669,0.62360954,2.8333333,2.1679492,15.37037,12.444445,13.555555,20.11111,-8.777778,-5.4444447,14.222222,20.11111,0.38741234,2.2421958,7
79.0,44.0,9,0.0,0.0,4.8888893,3.2018518,2.1111126,1.1287482,58.666668,50.11111,75.55556,50.333332,-25.666666,50.666668,-25.0,75.55556,0.33991683,-2.1026516,4
231.0,124.0,9,0.0,0.0,3.4444447,14.962965,1.8333334,6.4333353,3.0,1.4444444,5.888889,1.6666666,-4.6666665,8.666667,-4.0,5.888889,0.895369,-2.118937,3
76.0,200.0,9,0.0,0.0,2.7777786,0.77936363,4.3333325,2.8828998,56.37037,50.444443,69.66667,49.0,-17.777779,39.88889,-22.11111,69.66667,0.29683578,-2.0211716,6
200.0,165.0,9,0.11111111,0.0,2.277778,3.9740758,1.7777776,0.9185186,17.333334,12.888889,16.444445,22.666666,-13.333333,-2.6666667,16.0,22.666666,0.43081954,2.4711971,7
47.0,127.0,9,0.0,0.0,1.166667,0.9603239,1.0555559,0.49065298,17.592592,9.0,30.11111,13.666667,-25.777779,37.555557,-11.777778,30.11111,0.70147634,-2.326275,3
143.0,89.0,9,0.0,0.0,2.6666665,2.1908906,0.33333316,0.0,18.0,14.0,25.777779,14.222222,-12.0,23.333334,-11.333333,25.777779,0.45909294,-2.1130323,5
17.0,94.0,9,0.0,0.0,1.7222223,3.174073,1.0555557,0.9518536,20.037037,15.777778,28.666666,15.666667,-12.777778,25.88889,-13.111111,28.666666,0.45777184,-2.0842547,5
33.0,99.0,9,0.0,0.0,1.5555557,1.2590411,2.4444444,1.128749,15.481482,11.222222,23.777779,11.444445,-12.777778,24.88889,-12.111111,23.777779,0.54147977,-2.112503,5
34.0,137.0,9,0.0,0.0,0.5000002,0.16666673,1.111111,0.47407418,5.851852,7.7777777,6.4444447,3.3333333,5.7777777,1.7777778,-7.5555553,7.7777777,0.57363313,-0.74427164,1
153.0,116.0,9,0.0,0.0,3.2777777,2.4713163,1.1111107,0.8344438,29.444445,25.0,38.333336,25.0,-13.333333,26.666666,-13.333333,38.333336,0.35575584,-2.0907812,4
49.0,112.0,9,0.11111111,0.0,1.3333334,1.3777776,1.5555555,1.7185184,3.8148148,1.1111112,7.2222223,3.1111112,-8.111111,10.222222,-2.1111112,7.2222223,0.86766475,-2.4357176,3
31.0,88.0,9,0.11111111,0.0,0.88888884,0.60740745,2.1666665,1.9888896,5.259259,1.5555556,10.111111,4.111111,-11.111111,14.555555,-3.4444444,10.111111,0.85137916,-2.3966565,3
227.0,69.0,9,0.0,0.0,3.6111114,45.929623,4.333333,36.400005,11.074074,6.888889,16.0,10.333334,-12.555555,14.777778,-2.2222223,16.0,0.6042809,-2.4818742,3
40.0,85.0,9,0.11111111,0.0,1.111111,0.5185188,2.5000007,0.6555552,21.11111,20.777779,27.11111,15.444445,-1.0,18.0,-17.0,27.11111,0.42873532,-1.6039575,1
140.0,124.0,9,0.0,0.0,1.0,0.44444454,1.1111112,1.0518516,2.5185184,0.22222222,6.111111,1.2222222,-6.888889,10.777778,-3.8888888,6.111111,0.97376543,-2.267462,3
142.0,182.0,9,0.0,0.0,2.499999,1.0999985,2.277777,3.618518,34.51852,31.555555,42.22222,29.777779,-8.888889,23.11111,-14.222222,42.22222,0.29320765,-1.9430385,6
235.0,249.0,9,0.0,0.11111111,1.6111113,2.4259405,2.666667,1.5055449,22.851852,19.777779,21.222221,27.555555,-9.222222,-4.888889,14.111111,27.555555,0.28660962,2.2826295,7
33.0,131.0,9,0.0,0.0,0.44444445,0.80737346,1.0,1.0954453,0.7407407,0.22222222,1.7777778,0.22222222,-1.5555556,3.1111112,-1.5555556,1.7777778,0.4074074,-2.0943952,3
36.0,243.0,9,0.11111111,0.0,1.888889,1.8518513,2.0,0.7111104,13.333333,9.888889,12.111111,18.0,-10.333333,-3.6666667,14.0,18.0,0.4522286,2.3683105,7
164.0,83.0,9,0.11111111,0.0,2.5,6.077768,1.5555559,0.78518397,66.25926,60.22222,79.66667,58.88889,-18.11111,40.22222,-22.11111,79.66667,0.26032928,-2.0277708,4
58.0,109.0,9,0.0,0.0,1.1666666,0.6236098,1.0555553,0.49065349,41.814816,36.11111,53.666668,35.666668,-17.11111,35.555557,-18.444445,53.666668,0.3349617,-2.068644,4
64.0,19.0,9,0.0,0.0,0.9444453,0.15185343,1.6666718,0.31110966,137.77777,131.55556,146.44444,135.33334,-18.666666,26.0,-7.3333335,146.44444,0.10151485,-2.3586016,2
140.0,73.0,9,0.0,0.0,1.7222214,0.8277598,0.7777774,1.0036957,46.296295,45.666668,51.11111,42.11111,-1.8888888,14.444445,-12.555555,51.11111,0.1761556,-1.6815889,4
187.0,80.0,9,0.0,0.0,1.3333327,0.7111114,1.3333334,0.7111086,40.51852,37.77778,47.666668,36.11111,-8.222222,21.444445,-13.222222,47.666668,0.24472968,-1.942698,4
86.0,67.0,9,0.0,0.0,1.0,0.62222165,1.0555559,0.68518525,108.85185,99.44444,125.55556,101.55556,-28.222221,50.11111,-21.88889,125.55556,0.20770195,-2.1730993,2
105.0,193.0,9,0.0,0.0,3.222222,1.9051597,2.8888893,2.1773255,60.11111,53.11111,75.111115,52.11111,-21.0,45.0,-24.0,75.111115,0.30846536,-2.047766,6
205.0,190.0,9,0.0,0.0,1.2777773,0.9981452,1.6111107,1.1238158,49.48148,44.77778,60.666668,43.0,-14.111111,33.555557,-19.444445,60.666668,0.29078844,-1.9875989,6
9.0,80.0,9,0.0,0.0,2.9444444,13.751853,16.666666,71.5111,23.62963,17.333334,31.666666,21.88889,-18.88889,24.11111,-5.2222223,31.666666,0.5142537,-2.4315135,3
44.0,50.0,9,0.0,0.0,1.1666673,0.96032333,1.0555573,0.389682,65.111115,57.333332,80.333336,57.666668,-23.333334,45.666668,-22.333334,80.333336,0.29016516,-2.1077845,4
47.0,189.0,9,0.0,0.0,2.2777774,4.5518537,5.8888893,14.6074095,29.62963,26.777779,36.555557,25.555555,-8.555555,20.777779,-12.222222,36.555557,0.29741284,-1.9545742,6
9.0,76.0,9,0.0,0.0,1.2777778,1.4207457,1.6666666,1.8618987,2.4444444,0.8888889,4.666667,1.7777778,-4.6666665,6.6666665,-2.0,4.666667,0.87222224,-2.3408008,3
62.0,177.0,9,0.0,0.0,1.2777786,0.8798145,1.6666673,0.9428091,51.074074,46.333332,63.11111,43.77778,-14.222222,36.11111,-21.88889,63.11111,0.30621472,-1.9560046,6
45.0,121.0,9,0.0,0.0,2.0555573,1.2546208,6.6111107,2.678445,54.962963,47.77778,68.66667,48.444443,-21.555555,41.11111,-19.555555,68.66667,0.3071933,-2.1269433,4
227.0,222.0,9,0.0,0.0,2.111111,2.6074066,2.6111114,7.26296,9.333333,8.555555,7.6666665,11.777778,-2.3333333,-5.0,7.3333335,11.777778,0.37369296,1.9050448,7
26.0,90.0,9,0.0,0.0,0.61111194,0.3740762,1.2777799,0.28518537,113.111115,105.666664,128.33334,105.333336,-22.333334,45.666668,-23.333334,128.33334,0.18178941,-2.0784183,2
238.0,73.0,9,0.0,0.0,2.277776,1.4050171,1.5,0.7817362,43.51852,38.77778,53.0,38.77778,-14.222222,28.444445,-14.222222,53.0,0.27433428,-2.0964146,4
53.0,42.0,9,0.0,0.0,3.2777774,0.71232545,0.611111,0.534027,28.25926,24.444445,36.22222,24.11111,-11.444445,23.88889,-12.444445,36.22222,0.33789337,-2.0610058,4
160.0,168.0,9,0.0,0.0,1.5,1.1498789,0.6666663,0.47140402,25.11111,20.88889,23.0,31.444445,-12.666667,-6.3333335,19.0,31.444445,0.33538613,2.302124,7
136.0,70.0,9,0.0,0.0,1.0,0.31111133,1.7222223,2.196296,26.037037,24.444445,34.0,19.666668,-4.7777777,23.88889,-19.11111,34.0,0.42128146,-1.7451795,1
31.0,68.0,9,0.0,0.0,27.944443,203.35188,18.277777,338.64075,47.185184,38.555557,60.11111,42.88889,-25.88889,38.77778,-12.888889,60.11111,0.41303283,-2.3086562,3
113.0,123.0,9,0.11111111,0.0,1.4444441,0.6206331,1.9444441,1.7180963,59.333332,51.88889,73.77778,52.333332,-22.333334,43.333332,-21.0,73.77778,0.29916364,-2.1119413,4
134.0,187.0,9,0.0,0.0,1.8888887,1.5153537,2.1111114,1.7847083,59.37037,52.666668,74.111115,51.333332,-20.11111,44.22222,-24.11111,74.111115,0.30745777,-2.03348,6
162.0,159.0,9,0.0,0.0,2.1666667,0.9603238,2.2222223,1.4555128,26.11111,25.222221,29.555555,23.555555,-2.6666667,10.333333,-7.6666665,29.555555,0.20284556,-1.8025542,4
155.0,135.0,9,0.0,0.0,2.3888867,3.2629583,0.83333206,0.122224174,69.92593,63.666668,83.888885,62.22222,-18.777779,41.88889,-23.11111,83.888885,0.25830337,-2.0249448,4
72.0,191.0,9,0.11111111,0.0,1.2777777,0.5074075,3.1111114,4.6074066,15.185185,12.111111,14.888889,18.555555,-9.222222,-0.8888889,10.111111,18.555555,0.3503698,2.545329,7
222.0,54.0,9,0.0,0.0,1.1666718,0.16666654,1.0,0.84444314,134.33333,127.55556,145.55556,129.88889,-20.333334,33.666668,-13.333333,145.55556,0.12431249,-2.231555,2
30.0,91.0,9,0.0,0.0,3.3888886,6.4629617,3.277778,9.040739,6.259259,2.4444444,12.111111,4.2222223,-11.444445,17.555555,-6.111111,12.111111,0.82302064,-2.2827444,3
2.0,198.0,9,0.11111111,0.0,0.888889,0.6206327,1.9444448,1.3567389,12.185185,9.666667,10.555555,16.333334,-7.5555553,-4.888889,12.444445,16.333334,0.4157716,2.2212758,7
23.0,188.0,9,0.0,0.0,1.6666673,0.4888878,7.38889,37.218513,30.592592,27.444445,37.77778,26.555555,-9.444445,21.555555,-12.111111,37.77778,0.28414816,-2.0145087,6
8.0,39.0,9,0.11111111,0.0,1.3888906,1.129629,1.8333334,0.699999,113.37037,102.55556,132.0,105.55556,-32.444443,55.88889,-23.444445,132.0,0.22295359,-2.1981578,2
158.0,219.0,9,0.11111111,0.0,2.277778,3.5296311,2.1111112,4.074075,14.888889,11.444445,13.555555,19.666668,-10.333333,-4.0,14.333333,19.666668,0.42601216,2.3586955,7
33.0,104.0,9,0.11111111,0.0,1.5555559,0.96296257,3.0555563,5.040743,20.185184,20.222221,24.88889,15.444445,0.11111111,14.111111,-14.222222,24.88889,0.38036656,-1.5553759,1
183.0,29.0,9,0.0,0.0,0.7777786,0.6074099,0.7777786,0.4296294,103.25926,88.77778,126.333336,94.666664,-43.444443,69.22222,-25.777779,126.333336,0.2972053,-2.2572172,2
69.0,74.0,9,0.22222222,0.0,3.8888886,9.940739,2.166667,2.4777777,23.592592,22.555555,30.555555,17.666668,-3.1111112,20.88889,-17.777779,30.555555,0.4202516,-1.6665796,1
168.0,187.0,9,0.0,0.0,3.5,2.1679482,2.8333333,1.602082,58.0,52.555557,71.44444,50.0,-16.333334,40.333332,-24.0,71.44444,0.29964966,-1.9666711,6
170.0,121.0,9,0.0,0.0,2.166667,1.8348485,2.7222223,1.9254632,32.37037,28.666666,40.555557,27.88889,-11.111111,24.555555,-13.444445,40.555557,0.3134271,-2.0242684,4
91.0,54.0,9,0.0,0.0,0.8333333,0.4082483,0.8333346,0.6582833,110.0,97.888885,127.111115,105.0,-36.333332,51.333332,-15.0,127.111115,0.22967392,-2.345744,2
53.0,28.0,9,0.0,0.0,0.44444403,0.40368605,1.7777786,0.86066204,111.59259,96.44444,130.66667,107.666664,-45.444443,57.22222,-11.777778,130.66667,0.26183844,-2.4385846,2
247.0,197.0,9,0.0,0.0,0.33333316,0.044444434,0.611111,0.06296301,6.0,4.111111,4.0,9.888889,-5.6666665,-6.0,11.666667,9.888889,0.61705947,2.0749567,7
56.0,196.0,9,0.0,0.0,2.38889,1.4207458,4.444445,4.3902254,50.074074,44.333332,62.22222,43.666668,-17.222221,36.444443,-19.222221,62.22222,0.2979628,-2.0547533,6
207.0,172.0,9,0.0,0.0,1.0000004,0.29814267,1.6666673,0.9189365,19.0,16.444445,16.333334,24.222221,-7.6666665,-8.0,15.666667,24.222221,0.34374964,2.0838537,7
120.0,124.0,9,0.0,0.0,8.999999,112.57778,11.166668,184.5222,53.77778,49.0,64.44444,47.88889,-14.333333,32.0,-17.666666,64.44444,0.26124597,-2.0173788,4
14.0,136.0,9,0.0,0.0,0.0,0.0,0.0,0.0,0.0,0.0,0.0,0.0,0.0,0.0,0.0,0.0,0.0,0.0,3
103.0,195.0,9,0.11111111,0.0,2.0555556,1.5740733,2.0555556,3.7962956,8.518518,6.3333335,6.888889,12.333333,-6.5555553,-4.888889,11.444445,12.333333,0.5016835,2.1870224,7
137.0,94.0,9,0.22222222,0.0,1.666667,0.7999998,3.666667,2.8888905,21.222221,20.666668,27.333334,15.666667,-1.6666666,18.333334,-16.666666,27.333334,0.42781135,-1.627145,1
80.0,203.0,9,0.0,0.0,1.3888887,0.74286735,1.9444443,1.5263122,12.407408,10.0,9.0,18.222221,-7.2222223,-10.222222,17.444445,18.222221,0.5144446,1.9867483,7
140.0,19.0,9,0.11111111,0.0,1.0555534,0.5518513,1.888888,1.9851776,110.296295,97.666664,130.22223,103.0,-37.88889,59.77778,-21.88889,130.22223,0.2498948,-2.264331,2
1.0,45.0,9,0.0,0.0,0.88889056,0.45542085,1.1111132,0.45541877,122.85185,110.55556,140.0,118.0,-36.88889,51.444443,-14.555555,140.0,0.21017425,-2.3593597,2
196.0,244.0,9,0.0,0.0,1.277778,0.5518518,3.6111114,6.9518504,7.740741,6.6666665,7.0,9.555555,-3.2222223,-2.2222223,5.4444447,9.555555,0.3833719,2.340587,7
174.0,50.0,9,0.0,0.0,1.0000013,0.7601153,0.9444453,0.9525792,107.44444,94.666664,125.77778,101.888885,-38.333332,55.0,-16.666666,125.77778,0.2473368,-2.3372955,2
78.0,100.0,9,0.0,0.0,1.5555553,8.296297,2.5555556,8.829631,4.5925927,1.4444444,9.444445,2.8888888,-9.444445,14.555555,-5.111111,9.444445,0.87633204,-2.2805398,3
228.0,22.0,9,0.0,0.0,1.1111107,0.8606628,1.3888887,0.9756292,49.666668,42.77778,62.88889,43.333332,-20.666666,39.666668,-19.0,62.88889,0.3194739,-2.123537,4
23.0,142.0,9,0.0,0.0,0.38888893,0.1074074,0.9444444,0.37407392,5.037037,6.5555553,5.7777777,2.7777777,4.5555553,2.2222223,-6.7777777,6.5555553,0.57473546,-0.8297117,1
231.0,124.0,9,0.0,0.0,3.4444447,14.962965,1.8333334,6.4333353,3.0,1.4444444,5.888889,1.6666666,-4.6666665,8.666667,-4.0,5.888889,0.895369,-2.118937,3
113.0,128.0,9,0.0,0.0,0.22222222,0.07407408,0.38888887,0.15185186,0.7407407,0.0,2.2222223,0.0,-2.2222223,4.4444447,-2.2222223,2.2222223,1.0,-2.0943952,3
142.0,183.0,9,0.11111111,0.0,1.0,0.8692275,1.5555553,1.4857352,43.185184,40.22222,52.0,37.333336,-8.888889,26.444445,-17.555555,52.0,0.28154,-1.8877307,6
120.0,51.0,9,0.0,0.0,1.0555547,0.7123238,2.0555534,0.742867,124.40741,113.22222,141.11111,118.888885,-33.555557,50.11111,-16.555555,141.11111,0.19756877,-2.3053098,2
67.0,194.0,9,0.0,0.0,3.7222207,1.4969094,6.4444447,3.9646575,58.814816,51.77778,72.55556,52.11111,-21.11111,41.22222,-20.11111,72.55556,0.28679082,-2.112941,6
31.0,96.0,9,0.0,0.0,2.3333333,3.6,2.7777777,6.162962,3.7777777,1.0,8.0,2.3333335,-8.333333,12.666667,-4.3333335,8.0,0.90923554,-2.268209,3
144.0,187.0,9,0.0,0.0,1.9444441,2.0484867,6.222222,3.512938,56.148148,49.88889,69.66667,48.88889,-18.777779,40.555557,-21.777779,69.66667,0.29995137,-2.0438795,6
115.0,183.0,9,0.0,0.0,1.055555,0.7722019,4.722222,1.0201681,19.851852,14.555555,19.0,26.0,-15.888889,-2.5555556,18.444445,26.0,0.44994184,2.5068066,7
197.0,105.0,9,0.0,0.0,3.7222223,15.662961,3.6666663,14.400001,4.148148,1.6666666,8.333334,2.4444444,-7.4444447,12.555555,-5.111111,8.333334,0.88604844,-2.2054374,3
67.0,61.0,9,0.0,0.0,1.0555557,0.50740737,0.8333333,0.38888904,23.74074,22.666666,30.666666,17.88889,-3.2222223,20.777779,-17.555555,30.666666,0.41575083,-1.7009131,1
101.0,121.0,9,0.11111111,0.0,0.6666667,0.843274,1.5,0.88819396,3.4074075,1.1111112,6.0,3.1111112,-6.888889,7.7777777,-0.8888889,6.0,0.8435185,-2.5191648,3
187.0,120.0,9,0.0,0.0,2.2222214,2.083445,1.2777786,0.6469289,60.037037,56.88889,69.333336,53.88889,-9.444445,27.88889,-18.444445,69.333336,0.22280817,-1.8929771,4
6.0,81.0,9,0.0,0.11111111,4.111111,8.740745,5.722223,28.50741,12.481482,7.6666665,18.88889,10.888889,-14.444445,19.222221,-4.7777777,18.88889,0.6281558,-2.388561,3
90.0,189.0,9,0.0,0.0,0.88888884,0.7793635,1.0555555,0.82775915,12.888889,10.444445,9.444445,18.777779,-7.3333335,-10.333333,17.666666,18.777779,0.49709514,1.9855517,7
185.0,35.0,9,0.0,0.0,1.3888868,1.0417228,1.1666654,0.80966425,109.111115,96.44444,125.44444,105.44444,-38.0,49.0,-11.0,125.44444,0.23116584,-2.4202032,2
197.0,236.0,9,0.0,0.0,2.4444444,6.829628,3.3333333,7.599998,16.074074,13.111111,16.666668,18.444445,-8.888889,1.7777778,7.111111,18.555555,0.29272884,2.7898002,7
178.0,185.0,9,0.0,0.0,2.6111119,1.8063676,3.1111114,2.2771008,49.037037,44.0,60.666668,42.444443,-15.111111,34.88889,-19.777779,60.666668,0.30003616,-2.006186,6
186.0,28.0,9,0.0,0.0,0.94444275,0.38968328,1.4444414,1.29386,122.51852,111.0,138.66667,117.888885,-34.555557,48.444443,-13.888889,138.66667,0.19951321,-2.35398,2
27.0,189.0,9,0.0,0.0,0.9999997,0.31111082,2.6111114,2.5074077,32.77778,29.0,40.666668,28.666666,-11.333333,23.666666,-12.333333,40.666668,0.29784104,-2.0642734,6
141.0,31.0,9,0.0,0.0,1.4444441,0.3851827,1.2222227,1.1851845,126.81481,117.111115,141.22223,122.111115,-29.11111,43.22222,-14.111111,141.22223,0.17071788,-2.310766,2
200.0,215.0,9,0.0,0.0,1.5555559,0.95839405,4.722222,2.6450515,23.037037,17.11111,22.555555,29.444445,-17.777779,-1.4444444,19.222221,29.444445,0.42076695,2.5610487,7
185.0,110.0,9,0.0,0.0,18.444445,375.09625,1.2777773,0.59629697,50.666668,46.11111,60.444443,45.444443,-13.666667,29.333334,-15.666667,60.444443,0.24925283,-2.0325177,4
154.0,249.0,9,0.0,0.0,3.5,2.306994,4.5555553,3.5381527,18.0,14.666667,15.666667,23.666666,-10.0,-7.0,17.0,23.666666,0.39839673,2.214996,7
16.0,190.0,9,0.0,0.0,3.7777774,6.8740745,8.555555,73.674065,29.62963,26.11111,36.88889,25.88889,-10.555555,21.777779,-11.222222,36.88889,0.30038968,-2.1606584,6
14.0,95.0,9,0.0,0.0,1.3333334,0.699206,1.1111112,0.62063295,2.2592592,0.6666667,3.8888888,2.2222223,-4.7777777,4.888889,-0.11111111,3.8888888,0.8740741,-2.5527236,3
231.0,160.0,9,0.0,0.0,2.611111,8.240739,13.166667,139.85553,40.88889,34.11111,51.77778,36.77778,-20.333334,32.666668,-12.333333,51.77778,0.33961803,-2.335837,6
128.0,15.0,9,0.0,0.0,0.7777799,0.27216768,0.555556,0.6206318,129.25926,118.333336,144.0,125.44444,-32.77778,44.22222,-11.444445,144.0,0.17818023,-2.3824396,2
91.0,64.0,9,0.0,0.0,0.94444466,0.71232474,1.0555559,1.0201671,62.0,53.666668,78.111115,54.22222,-25.0,48.333332,-23.333334,78.111115,0.31425992,-2.1180868,4
189.0,68.0,9,0.0,0.0,1.6666666,1.619327,1.1111113,1.344399,38.592594,38.333336,42.333336,35.11111,-0.7777778,11.222222,-10.444445,42.333336,0.17044854,-1.6248463,4
184.0,44.0,9,0.0,0.0,0.50000125,0.12222207,1.0,0.7555569,99.0,85.0,121.44444,90.55556,-42.0,67.333336,-25.333334,121.44444,0.30001867,-2.2545414,2
196.0,129.0,9,0.0,0.0,0.83333325,0.43333334,0.6666667,0.17777774,6.3333335,7.888889,7.3333335,3.7777777,4.6666665,3.0,-7.6666665,8.222222,0.54012346,-0.9327826,1
119.0,191.0,9,0.0,0.0,3.11111,2.9489486,5.2222233,3.4297178,59.592594,52.333332,75.22222,51.22222,-21.777779,46.88889,-25.11111,75.22222,0.31901047,-2.047053,6
5.0,92.0,9,0.0,0.0,1.3333335,0.48888856,2.1666667,1.2777781,18.703703,18.777779,23.777779,13.555555,0.22222222,15.222222,-15.444445,23.777779,0.4288601,-1.5482956,1
196.0,182.0,9,0.0,0.0,1.1666664,0.43333244,0.6111107,0.37407404,19.88889,16.88889,18.11111,24.666666,-9.0,-5.3333335,14.333333,24.666666,0.31489658,2.2716928,7
197.0,156.0,9,0.0,0.0,0.9444439,0.49065349,2.0555558,1.705112,16.925926,13.444445,15.555555,21.777779,-10.444445,-4.111111,14.555555,21.777779,0.38463837,2.3635807,7
177.0,131.0,9,0.0,0.0,0.44444442,0.4296296,0.77777785,0.20740739,5.962963,7.5555553,6.6666665,3.6666667,4.7777777,2.1111112,-6.888889,7.5555553,0.515873,-0.8048458,1
160.0,30.0,9,0.0,0.0,0.22222137,0.27216452,0.61110944,0.6116157,111.22222,97.666664,129.0,107.0,-40.666668,53.333332,-12.666667,129.0,0.24285044,-2.405295,2
151.0,143.0,9,0.0,0.0,0.3888887,0.06296294,0.4999999,0.0333333,5.6666665,7.5555553,6.4444447,3.0,5.6666665,2.3333333,-8.0,7.5555553,0.60119045,-0.79691786,1
140.0,16.0,9,0.0,0.0,0.5,0.34444305,0.88889056,0.3851836,111.81481,99.111115,131.11111,105.22222,-38.11111,57.88889,-19.777779,131.11111,0.2440208,-2.2939334,2
100.0,124.0,9,0.0,0.0,0.27777767,0.06296294,0.99999994,0.4444444,7.0740743,8.222222,8.777778,4.2222223,3.4444444,5.111111,-8.555555,9.0,0.5311728,-1.1570816,1
177.0,129.0,9,0.0,0.0,0.44444433,0.25185192,1.111111,0.29629606,6.4074073,8.0,7.4444447,3.7777777,4.7777777,3.1111112,-7.888889,8.222222,0.5418871,-0.9127656,1
205.0,47.0,9,0.0,0.0,1.2222227,0.6074092,1.5555573,0.8296282,123.85185,114.111115,139.77779,117.666664,-29.222221,47.77778,-18.555555,139.77779,0.18354028,-2.2398903,2
241.0,76.0,9,0.0,0.0,0.83333206,0.21111444,1.3333334,0.71110994,90.07407,74.55556,116.55556,79.111115,-46.555557,79.44444,-32.88889,116.55556,0.3601942,-2.2080188,2
88.0,115.0,9,0.0,0.0,1.666667,1.8222212,4.166667,4.2111125,22.037037,21.333334,28.0,16.777779,-2.1111112,17.88889,-15.777778,28.0,0.3973624,-1.6195486,1
26.0,91.0,9,0.11111111,0.0,2.0,2.177777,2.5555556,2.1629624,19.74074,19.777779,24.555555,14.888889,0.11111111,14.444445,-14.555555,24.555555,0.39415666,-1.5522503,1
