206.0,64.0,9,0.0,0.0,0.055555504,0.13608263,0.27777776,0.13608277,5.703704,3.6666667,10.333334,3.1111112,-6.111111,13.888889,-7.7777777,10.333334,0.6979798,-2.015428,5
187.0,36.0,9,0.0,0.0,0.38888884,0.2509243,0.4999999,0.2788868,7.5185184,4.7777777,13.0,4.7777777,-8.222222,16.444445,-8.222222,13.0,0.6486569,-2.0972927,5
161.0,144.0,9,0.0,0.0,0.0,0.0,0.0,0.0,0.0,0.0,0.0,0.0,0.0,0.0,0.0,0.0,0.0,0.0,5
57.0,89.0,9,0.0,0.0,1.7222222,1.3066783,6.1666665,4.7034264,17.0,13.0,24.555555,13.444445,-12.0,22.666666,-10.666667,24.555555,0.47748852,-2.1297464,5
60.0,116.0,9,0.0,0.0,0.7222226,0.38968164,0.7777774,0.34426582,23.407408,19.333334,31.444445,19.444445,-12.222222,24.11111,-11.888889,31.444445,0.39214933,-2.1049783,5
253.0,150.0,9,0.0,0.0,0.0,0.0,0.0,0.0,0.0,0.0,0.0,0.0,0.0,0.0,0.0,0.0,0.0,0.0,5
166.0,135.0,9,0.0,0.0,0.44444442,0.2721655,0.22222221,0.4036867,1.4074074,0.7777778,3.3333333,0.11111111,-1.8888888,5.7777777,-3.8888888,3.3333333,0.9722222,-1.8807242,5
201.0,133.0,9,0.0,0.0,0.6111111,0.24074069,0.22222222,0.07407406,0.7407407,0.33333334,1.7777778,0.11111111,-1.2222222,3.1111112,-1.8888888,1.7777778,0.962963,-1.999063,5
123.0,152.0,9,0.0,0.0,0.0,0.0,0.0,0.0,0.0,0.0,0.0,0.0,0.0,0.0,0.0,0.0,0.0,0.0,5
129.0,136.0,9,0.0,0.0,2.0,1.5555573,0.8333333,0.1222222,6.185185,3.6666667,10.666667,4.2222223,-7.5555553,13.444445,-5.888889,10.666667,0.6577441,-2.1752956,5
178.0,134.0,9,0.0,0.0,0.11111108,0.17213255,0.22222222,0.2721655,1.8518518,1.0,3.8888888,0.6666667,-2.5555556,6.111111,-3.5555556,3.8888888,0.8333333,-1.997796,5
226.0,144.0,9,0.0,0.0,0.0,0.0,0.0,0.0,0.0,0.0,0.0,0.0,0.0,0.0,0.0,0.0,0.0,0.0,5
77.0,135.0,9,0.0,0.0,0.22222221,0.029629624,0.22222221,0.029629624,0.7777778,0.0,2.3333335,0.0,-2.3333333,4.6666665,-2.3333333,2.3333335,1.0,-2.0943952,5
106.0,136.0,9,0.0,0.0,0.3333333,0.17777778,0.38888887,0.1074074,0.7037037,0.11111111,1.8888888,0.11111111,-1.7777778,3.5555556,-1.7777778,1.8888888,0.962963,-2.0943952,3
18.0,90.0,9,0.0,0.0,1.0555555,0.37407416,0.6666667,0.22222227,2.8148148,0.5555556,6.888889,1.0,-6.7777777,12.222222,-5.4444447,6.888889,0.9261464,-2.1643226,3
196.0,100.0,9,0.0,0.0,7.277777,83.351845,5.777778,68.87406,8.148149,4.666667,13.333333,6.4444447,-10.444445,15.555555,-5.111111,13.333333,0.7380342,-2.2898738,3
46.0,131.0,9,0.0,0.0,0.27777776,0.06296298,1.7777777,1.8518522,1.4074074,0.7777778,2.7777777,0.6666667,-1.8888888,4.111111,-2.2222223,2.7777777,0.77037036,-2.0513444,5
245.0,176.0,9,0.0,0.0,1.0000006,0.516398,1.0,0.5577736,18.481482,15.111111,17.0,23.333334,-10.111111,-4.4444447,14.555555,23.333334,0.35206997,2.332243,7
186.0,12.0,9,0.0,0.0,0.44444433,0.27216548,2.3333333,1.9663839,6.259259,3.8888888,11.333333,3.5555556,-7.111111,15.222222,-8.111111,11.333333,0.6873016,-2.057978,5
233.0,159.0,9,0.0,0.0,2.4999998,0.5222224,1.2777778,1.5740741,6.6296296,5.111111,10.111111,4.666667,-4.5555553,10.444445,-5.888889,10.111111,0.5416667,-1.9994432,4
238.0,98.0,9,0.0,0.0,1.333334,1.2888875,1.2777773,0.5962972,52.851852,47.555557,64.66667,46.333332,-15.888889,35.444443,-19.555555,64.66667,0.28510964,-2.025773,4
53.0,198.0,9,0.0,0.0,1.7222233,1.8549244,5.111111,1.6009259,51.666668,45.555557,64.22222,45.22222,-18.333334,37.666668,-19.333334,64.22222,0.29970714,-2.0726159,6
87.0,196.0,9,0.11111111,0.0,1.3333321,0.8692278,2.222222,1.6688869,61.592594,55.0,75.66667,54.11111,-19.777779,42.22222,-22.444445,75.66667,0.28752622,-2.0487363,6
204.0,156.0,9,0.0,0.0,0.5000003,0.27888626,1.9999996,0.55777323,23.703703,17.333334,25.444445,28.333334,-19.11111,5.2222223,13.888889,28.333334,0.38903406,2.8649306,7
160.0,110.0,9,0.0,0.0,0.833333,0.6912145,0.4444437,0.2721654,31.62963,27.222221,39.333336,28.333334,-13.222222,23.11111,-9.888889,39.333336,0.3074441,-2.1872416,5
176.0,233.0,9,0.11111111,0.0,1.4444443,1.1482676,2.611111,1.90224,12.481482,10.333334,8.333334,18.777779,-6.4444447,-12.444445,18.88889,18.777779,0.554881,1.9036856,7
51.0,111.0,9,0.0,0.0,16.222223,16.443394,0.44444498,0.34426522,34.11111,30.333334,42.22222,29.777779,-11.333333,24.333334,-13.0,42.22222,0.29035455,-2.0057423,4
19.0,28.0,9,0.0,0.0,1.1666666,1.2780217,1.111112,1.186343,111.51852,96.111115,131.22223,107.22222,-46.22222,59.11111,-12.888889,131.22223,0.26754448,-2.4259923,2
235.0,88.0,9,0.0,0.0,0.6111111,0.24074072,0.9444445,0.32962963,2.7777777,0.44444445,6.4444447,1.4444444,-7.0,11.0,-4.0,6.4444447,0.93849206,-2.2695446,3
199.0,100.0,9,0.0,0.0,2.3888886,1.4407414,2.4444444,6.02963,6.0740743,2.7777777,11.555555,3.8888888,-9.888889,16.444445,-6.5555553,11.555555,0.7738155,-2.2262468,3
58.0,113.0,9,0.0,0.0,3.4444447,1.2232318,0.7222223,0.38968182,20.851852,16.88889,28.444445,17.222223,-11.888889,22.777779,-10.888889,28.444445,0.4148072,-2.1256926,5
46.0,88.0,9,0.0,0.0,1.5,1.3666672,1.5555557,1.2740738,3.2962964,0.6666667,7.6666665,1.5555556,-7.888889,13.111111,-5.2222223,7.6666665,0.92957354,-2.2165444,3
35.0,189.0,9,0.0,0.0,2.5555544,2.8740702,4.5,15.366663,31.925926,29.0,38.555557,28.222221,-8.777778,19.88889,-11.111111,38.555557,0.26298115,-2.0222268,6
166.0,222.0,9,0.0,0.0,1.5555555,0.83444345,1.1666665,0.6236094,10.481482,8.666667,6.6666665,16.11111,-5.4444447,-11.444445,16.88889,16.11111,0.58765954,1.8704867,7
80.0,184.0,9,0.0,0.0,3.444444,11.851854,4.166667,5.8555503,17.62963,13.555555,17.11111,22.222221,-12.222222,-1.5555556,13.777778,22.222221,0.39835298,2.524273,7
242.0,148.0,9,0.0,0.0,0.0,0.0,0.0,0.0,0.0,0.0,0.0,0.0,0.0,0.0,0.0,0.0,0.0,0.0,5
186.0,173.0,9,0.0,0.0,1.4444445,0.82963055,2.1111114,1.9851853,17.148148,13.555555,15.555555,22.333334,-10.777778,-4.7777777,15.555555,22.333334,0.39643326,2.332739,7
75.0,65.0,9,0.0,0.0,2.5,1.1105564,1.5555553,0.9349202,57.74074,50.444443,72.66667,50.11111,-21.88889,44.77778,-22.88889,72.66667,0.31478265,-2.077647,4
172.0,31.0,9,0.0,0.0,0.7222214,0.4185166,0.6666641,0.7111098,136.40741,130.77779,145.44444,133.0,-16.88889,27.11111,-10.222222,145.44444,0.100709505,-2.2515037,2
187.0,86.0,9,0.0,0.0,1.0555556,1.0628402,3.0555553,2.5422366,6.703704,4.666667,10.888889,4.5555553,-6.111111,12.555555,-6.4444447,10.888889,0.5942257,-2.0544748,5
159.0,180.0,9,0.11111111,0.0,1.5555557,0.87407404,3.277778,3.3962972,21.25926,18.11111,18.11111,27.555555,-9.444445,-9.444445,18.88889,27.555555,0.3588616,2.1139183,7
63.0,33.0,9,0.0,0.0,0.6111107,0.32962793,0.7222214,0.062962785,111.333336,97.77778,132.0,104.22222,-40.666668,62.0,-21.333334,132.0,0.25913006,-2.2904212,2
100.0,115.0,9,0.11111111,0.0,0.77777785,0.16296305,0.7222223,0.32962963,2.7407408,0.33333334,6.2222223,1.6666666,-7.2222223,10.444445,-3.2222223,6.2222223,0.9543651,-2.3218653,3
127.0,121.0,9,0.0,0.0,1.6666664,0.8000008,2.0000002,2.4444427,23.11111,21.666666,30.11111,17.555555,-4.3333335,21.0,-16.666666,30.11111,0.4155243,-1.7407364,1
92.0,46.0,9,0.0,0.0,0.61111194,0.24074195,1.111112,1.0074095,107.51852,93.888885,128.88889,99.77778,-40.88889,64.111115,-23.222221,128.88889,0.27150124,-2.2708514,2
224.0,73.0,9,0.0,0.0,1.5,1.2777776,2.3333333,1.0666656,5.814815,2.3333335,10.666667,4.4444447,-10.444445,14.555555,-4.111111,10.666667,0.7899301,-2.3556414,3
224.0,190.0,9,0.0,0.0,2.8888886,2.1361103,3.0000007,1.8499246,47.48148,42.444443,58.666668,41.333336,-15.111111,33.555557,-18.444445,58.666668,0.2956214,-2.025942,6
240.0,75.0,9,0.0,0.0,29.222221,749.76294,10.222221,99.0963,38.037037,29.777779,50.666668,33.666668,-24.777779,37.88889,-13.111111,50.666668,0.46491185,-2.2841873,3
116.0,192.0,9,0.11111111,0.0,6.055556,2.8238401,4.3333335,3.062316,57.074074,50.333332,72.111115,48.77778,-20.222221,45.11111,-24.88889,72.111115,0.32401717,-2.024748,6
114.0,184.0,9,0.0,0.0,0.7222226,0.32962984,9.388888,28.951855,31.185184,28.444445,37.11111,28.0,-8.222222,17.777779,-9.555555,37.11111,0.23234288,-2.1603296,6
44.0,162.0,9,0.0,0.0,0.88888836,0.4554205,1.9444447,1.3567389,24.518518,19.555555,24.11111,29.88889,-14.888889,-1.2222222,16.11111,29.88889,0.34703225,2.5573888,7
228.0,123.0,9,0.0,0.0,0.16666667,0.077777766,0.4444444,0.20740741,0.7037037,0.0,2.0,0.11111111,-2.1111112,3.8888888,-1.7777778,2.0,1.0,-2.123254,3
81.0,126.0,9,0.0,0.11111111,1.9444443,1.12963,1.0555555,0.28518513,2.9629629,0.5555556,6.5555553,1.7777778,-7.2222223,10.777778,-3.5555556,6.5555553,0.93570626,-2.2890973,3
206.0,233.0,9,0.0,0.0,1.388889,1.5408032,1.7222227,0.82775885,26.814816,21.88889,25.11111,33.444447,-14.777778,-5.111111,19.88889,33.444447,0.34575516,2.3893497,7
40.0,95.0,9,0.0,0.11111111,1.2777778,1.5740741,1.6111112,1.2185184,4.6296296,1.0,9.222222,3.6666667,-10.888889,13.777778,-2.8888888,9.222222,0.90709877,-2.4294486,3
187.0,162.0,9,0.0,0.0,1.500001,1.1444442,11.666667,73.1111,43.22222,36.77778,53.666668,39.22222,-19.333334,31.333334,-12.0,53.666668,0.30018225,-2.3916814,6
14.0,66.0,9,0.0,0.0,1.5555553,1.0074071,1.5,1.0111104,18.666666,18.555555,24.0,13.444445,-0.33333334,16.0,-15.666667,24.0,0.43785483,-1.5692534,1
217.0,122.0,9,0.0,0.0,0.33333316,0.13333336,0.5,0.3,6.0,7.2222223,7.3333335,3.4444444,3.6666667,4.0,-7.6666665,7.6666665,0.55180776,-1.0514401,1
42.0,57.0,9,0.0,0.0,1.3888906,0.97562754,0.99999875,0.36514837,65.703705,59.444443,79.44444,58.22222,-18.777779,41.22222,-22.444445,79.44444,0.26677614,-2.0307028,4
189.0,144.0,9,0.0,0.0,0.0,0.0,0.0,0.0,0.0,0.0,0.0,0.0,0.0,0.0,0.0,0.0,0.0,0.0,5
146.0,238.0,9,0.0,0.0,2.0555556,0.59629667,2.6666665,1.8666656,17.777779,15.0,16.555555,21.777779,-8.333333,-3.6666667,12.0,21.777779,0.3152556,2.3374724,7
77.0,185.0,9,0.0,0.0,2.944445,7.6629586,6.2222214,32.118523,32.555557,29.222221,39.666668,28.777779,-10.0,21.333334,-11.333333,39.666668,0.27036038,-2.0852716,6
13.0,103.0,9,0.0,0.0,1.3888888,0.5962964,2.277778,2.1518524,16.148148,17.666668,19.11111,11.666667,4.5555553,8.888889,-13.444445,19.444445,0.39890292,-1.2192107,1
244.0,79.0,9,0.0,0.0,0.5555547,0.11851797,1.0555534,0.46296528,89.44444,73.55556,115.333336,79.44444,-47.666668,77.666664,-30.0,115.333336,0.36217153,-2.2416325,2
19.0,90.0,9,0.0,0.0,1.3888888,1.8851852,1.1111112,2.1185184,3.4074075,0.8888889,7.888889,1.4444444,-7.5555553,13.444445,-5.888889,7.888889,0.904321,-2.1660802,3
86.0,136.0,9,0.0,0.0,3.888889,4.193469,2.111111,2.3913426,12.185185,6.6666665,20.88889,9.0,-16.555555,26.11111,-9.555555,20.88889,0.6957549,-2.268991,3
220.0,36.0,9,0.0,0.0,0.94444275,0.8004619,1.0555559,0.85418165,114.03704,100.77778,132.44444,108.888885,-39.77778,55.22222,-15.444445,132.44444,0.23908533,-2.3622375,2
22.0,60.0,9,0.0,0.0,0.5,0.30000025,1.2777777,0.7296294,19.925926,19.333334,25.777779,14.666667,-1.7777778,17.555555,-15.777778,25.777779,0.43048432,-1.650048,1
195.0,119.0,9,0.0,0.11111111,3.611111,1.4050171,1.2222223,0.91084015,8.62963,5.888889,13.666667,6.3333335,-8.222222,15.111111,-6.888889,13.666667,0.58956474,-2.1427078,5
15.0,189.0,9,0.0,0.0,1.499999,0.9222211,2.0,2.8888876,32.11111,28.333334,40.333336,27.666666,-11.333333,24.666666,-13.333333,40.333336,0.31536263,-2.0379822,6
217.0,245.0,9,0.11111111,0.11111111,3.1666667,3.0166214,2.1666667,1.2427571,9.740741,7.4444447,7.111111,14.666667,-6.888889,-7.888889,14.777778,14.666667,0.57276654,2.0694523,7
170.0,36.0,9,0.0,0.0,1.1111107,0.34074324,1.8333346,1.4555568,103.03704,89.55556,125.22222,94.333336,-40.444443,66.55556,-26.11111,125.22222,0.2846535,-2.2323463,2
73.0,194.0,9,0.0,0.0,3.222222,2.3349202,4.611112,3.3560352,60.77778,53.444443,76.111115,52.77778,-22.0,46.0,-24.0,76.111115,0.30925295,-2.0605488,6
123.0,68.0,9,0.0,0.0,0.944444,0.5741346,0.72222394,0.57413423,107.37037,94.22222,126.333336,101.55556,-39.444443,56.88889,-17.444445,126.333336,0.25415963,-2.333212,2
238.0,162.0,9,0.22222222,0.0,0.94444466,0.7123257,2.666667,0.73029745,19.0,15.777778,17.333334,23.88889,-9.666667,-5.0,14.666667,23.88889,0.34003016,2.2914152,7
37.0,25.0,9,0.0,0.0,1.3333321,0.73029673,0.9999962,0.76011676,126.03704,114.333336,142.22223,121.55556,-35.11111,48.555557,-13.444445,142.22223,0.19609308,-2.36518,2
37.0,165.0,9,0.0,0.0,2.388889,8.1074,16.444445,23.89629,35.814816,30.777779,42.88889,33.77778,-15.111111,21.222221,-6.111111,42.88889,0.2736466,-2.470153,6
79.0,104.0,9,0.11111111,0.0,0.9444453,0.3740738,1.5,1.0111135,65.296295,59.77778,78.0,58.11111,-16.555555,38.11111,-21.555555,78.0,0.25469732,-2.0078323,4
200.0,250.0,9,0.0,0.0,2.2777777,1.420746,1.4444445,1.0255988,9.222222,6.5555553,7.3333335,13.777778,-8.0,-5.6666665,13.666667,13.777778,0.5633903,2.1929355,7
237.0,137.0,9,0.0,0.0,8.944446,8.654905,2.6111104,1.5551589,36.925926,34.88889,42.333336,33.555557,-6.111111,16.222221,-10.111111,42.333336,0.2144562,-1.9409745,4
134.0,187.0,9,0.0,0.0,1.8888887,1.5153537,2.1111114,1.7847083,59.37037,52.666668,74.111115,51.333332,-20.11111,44.22222,-24.11111,74.111115,0.30745777,-2.03348,6
162.0,190.0,9,0.0,0.0,3.0555553,1.0628418,6.1111107,5.2182016,57.333332,51.0,70.0,51.0,-19.0,38.0,-19.0,70.0,0.27956137,-2.1120865,6
187.0,80.0,9,0.0,0.0,1.3333327,0.7111114,1.3333334,0.7111086,40.51852,37.77778,47.666668,36.11111,-8.222222,21.444445,-13.222222,47.666668,0.24472968,-1.942698,4
236.0,194.0,9,0.0,0.0,2.666666,1.9321826,2.4444435,1.7971164,50.11111,44.22222,62.444443,43.666668,-17.666666,37.0,-19.333334,62.444443,0.30066735,-2.0642767,6
221.0,195.0,9,0.0,0.0,1.2222223,1.408966,2.9444447,1.5263131,14.740741,11.666667,12.444445,20.11111,-9.222222,-6.888889,16.11111,20.11111,0.43448815,2.1937644,7
228.0,143.0,9,0.0,0.0,0.50000006,0.3444443,0.6666668,0.31111094,5.296296,6.6666665,6.2222223,3.0,4.111111,2.7777777,-6.888889,6.7777777,0.5564374,-0.9148125,1
243.0,48.0,9,0.0,0.0,1.2222239,0.20740649,1.2777811,1.2629704,134.85185,127.55556,146.11111,130.88889,-21.88889,33.77778,-11.888889,146.11111,0.1269675,-2.2784278,2
226.0,72.0,9,0.0,0.0,1.2777778,0.81851846,1.3888888,1.4407405,4.5185184,1.5555556,9.444445,2.5555556,-8.888889,14.777778,-5.888889,9.444445,0.84168977,-2.2167206,3
162.0,159.0,9,0.0,0.0,2.1666667,0.9603238,2.2222223,1.4555128,26.11111,25.222221,29.555555,23.555555,-2.6666667,10.333333,-7.6666665,29.555555,0.20284556,-1.8025542,4
140.0,125.0,9,0.0,0.0,0.2777779,0.06296301,0.66666675,0.31111118,6.185185,7.3333335,7.6666665,3.5555556,3.4444444,4.4444447,-7.888889,7.7777777,0.5456349,-1.1218182,1
115.0,75.0,9,0.0,0.0,0.9444453,0.774077,1.0555586,0.59629595,126.07407,115.888885,141.22223,121.111115,-30.555555,45.444443,-14.888889,141.22223,0.17935319,-2.309804,2
36.0,145.0,9,0.0,0.0,0.2777778,0.19629629,1.2777778,2.0629628,0.8518519,0.33333334,1.4444444,0.7777778,-1.5555556,1.7777778,-0.22222222,1.4444444,0.25185186,-2.5309503,3
136.0,139.0,9,0.0,0.0,0.6666667,0.17777774,0.7777776,0.20740725,5.3333335,6.5555553,6.4444447,3.0,3.6666667,3.3333333,-7.0,6.888889,0.5667989,-1.004936,1
9.0,92.0,9,0.0,0.0,1.3888887,2.4185164,2.4999998,0.87777764,19.074074,18.777779,24.11111,14.333333,-0.8888889,15.111111,-14.222222,24.11111,0.40102458,-1.5705879,1
105.0,193.0,9,0.0,0.0,3.222222,1.9051597,2.8888893,2.1773255,60.11111,53.11111,75.111115,52.11111,-21.0,45.0,-24.0,75.111115,0.30846536,-2.047766,6
99.0,103.0,9,0.0,0.0,1.0,0.40000102,0.8333359,0.43333372,64.44444,58.333332,78.111115,56.88889,-18.333334,41.0,-22.666666,78.111115,0.271568,-2.022581,4
24.0,172.0,9,0.0,0.0,1.166667,0.9128703,9.777778,5.455545,42.037037,38.0,50.333332,37.77778,-12.111111,24.88889,-12.777778,50.333332,0.24983571,-2.143718,6
252.0,194.0,9,0.0,0.0,2.1666667,0.7817362,2.055556,2.0266738,18.555555,15.0,15.333333,25.333334,-10.666667,-9.666667,20.333334,25.333334,0.42249063,2.1265156,7
171.0,15.0,9,0.0,0.0,0.66666794,0.55777216,0.66666794,0.6992054,113.74074,100.111115,132.0,109.111115,-40.88889,54.77778,-13.888889,132.0,0.24157602,-2.3890254,2
34.0,93.0,9,0.0,0.0,0.55555564,0.2721653,0.3888887,0.38968167,14.814815,10.444445,23.444445,10.555555,-13.111111,25.88889,-12.777778,23.444445,0.55917877,-2.102707,5
238.0,211.0,9,0.11111111,0.0,1.0555559,0.49065375,1.6111113,1.2546215,20.518518,16.11111,19.222221,26.222221,-13.222222,-3.8888888,17.11111,26.222221,0.38528243,2.4163542,7
235.0,88.0,9,0.0,0.0,0.3333335,0.044444498,0.4444445,0.074074045,12.259259,7.5555553,21.11111,8.111112,-14.111111,26.555555,-12.444445,21.11111,0.6417749,-2.136677,5
39.0,60.0,9,0.11111111,0.0,1.5555559,1.1407412,2.444445,1.94074,22.62963,21.333334,30.0,16.555555,-3.8888888,22.11111,-18.222221,30.0,0.44663557,-1.7093887,1
95.0,191.0,9,0.0,0.11111111,3.1666667,2.786874,6.0000014,5.1854515,60.25926,52.444443,76.22222,52.11111,-23.444445,47.88889,-24.444445,76.22222,0.3208649,-2.0776508,6
168.0,77.0,9,0.0,0.0,0.88888866,1.2740752,1.5555553,1.5851847,59.555557,54.22222,71.333336,53.11111,-16.0,35.333332,-19.333334,71.333336,0.25532874,-2.030875,4
251.0,215.0,9,0.11111111,0.0,1.5000001,2.0333328,2.777778,2.518517,12.407408,9.222222,11.555555,16.444445,-9.555555,-2.5555556,12.111111,16.444445,0.4410489,2.437819,7
122.0,11.0,9,0.0,0.0,1.0,0.31111577,2.8888905,5.051852,143.44444,136.88889,150.88889,142.55556,-19.666666,22.333334,-2.6666667,150.88889,0.09277301,-2.5216477,2
212.0,235.0,9,0.0,0.0,1.4444447,1.4555132,1.944445,2.2648687,25.88889,21.11111,24.0,32.555557,-14.333333,-5.6666665,20.0,32.555557,0.35188085,2.3560238,7
18.0,145.0,9,0.0,0.0,0.38888896,0.018518496,0.6111111,0.3740741,3.925926,5.5555553,4.0,2.2222223,4.888889,0.22222222,-5.111111,5.5555553,0.6005291,-0.57094,1
203.0,133.0,9,0.0,0.0,0.055555556,0.13608277,0.055555556,0.13608277,0.2962963,0.0,0.8888889,0.0,-0.8888889,1.7777778,-0.8888889,0.8888889,0.8888889,-2.0943952,5
221.0,30.0,9,0.0,0.0,1.0555556,0.8541837,1.6666666,1.6329935,8.481482,6.111111,13.111111,6.2222223,-7.111111,13.888889,-6.7777777,13.111111,0.5185864,-2.05997,5
159.0,105.0,9,0.0,0.0,0.55555564,0.5018486,4.0,1.8257413,26.74074,22.555555,34.0,23.666666,-12.555555,21.777779,-9.222222,34.0,0.3374935,-2.192406,5
150.0,152.0,9,0.0,0.0,0.11111108,0.029629618,2.0555556,3.5740747,1.3703704,1.0,2.3333335,0.7777778,-1.1111112,2.8888888,-1.7777778,2.3333335,0.537037,-2.0073514,5
201.0,120.0,9,0.11111111,0.0,3.9444444,14.774076,3.722222,9.618522,3.7407408,1.4444444,7.6666665,2.1111112,-6.888889,11.777778,-4.888889,7.6666665,0.8930539,-2.180291,3
79.0,58.0,9,0.0,0.0,1.0555559,0.5340274,1.0555586,0.68041354,109.07407,96.333336,126.44444,104.44444,-38.22222,52.11111,-13.888889,126.44444,0.23814337,-2.3752072,2
96.0,115.0,9,0.0,0.0,1.9999999,0.9660915,3.3333333,1.4142128,14.777778,8.444445,22.88889,13.0,-19.0,24.333334,-5.3333335,22.88889,0.6183277,-2.4590404,3
241.0,218.0,9,0.0,0.0,1.7777777,3.4962964,1.6666664,1.0222222,8.444445,5.4444447,7.3333335,12.555555,-9.0,-3.3333333,12.333333,12.555555,0.5692659,2.361442,7
46.0,238.0,9,0.0,0.0,1.0555557,0.8277594,2.166667,1.8226967,13.259259,9.666667,12.666667,17.444445,-10.777778,-1.7777778,12.555555,17.444445,0.44550914,2.5082257,7
146.0,124.0,9,0.0,0.0,0.4999999,0.16666664,0.38888875,0.107407376,6.037037,7.4444447,7.3333335,3.3333333,4.2222223,3.8888888,-8.111111,7.6666665,0.56349206,-1.0247301,1
17.0,124.0,9,0.0,0.0,1.1666666,0.6111112,1.4444445,0.7851852,1.1481482,0.22222222,2.6666667,0.5555556,-2.7777777,4.5555553,-1.7777778,2.6666667,0.9537037,-2.1692097,3
115.0,81.0,9,0.0,0.0,0.72222394,0.64693224,0.72222394,0.38968277,105.92593,91.888885,124.888885,101.0,-42.11111,56.88889,-14.777778,124.888885,0.26421982,-2.3822613,2
209.0,66.0,9,0.0,0.0,1.0555559,0.4629649,1.1111132,0.60740495,93.44444,79.111115,117.333336,83.888885,-43.0,71.666664,-28.666666,117.333336,0.32571116,-2.2248445,2
68.0,107.0,9,0.11111111,0.0,1.111111,3.1407404,1.111111,2.5629632,1.7777778,0.22222222,4.5555553,0.5555556,-4.6666665,8.333333,-3.6666667,4.5555553,0.9814815,-2.146531,3
118.0,21.0,9,0.0,0.0,4.8333344,4.5740814,1.277778,1.0628413,65.888885,59.333332,79.22222,59.11111,-19.666666,40.0,-20.333334,79.22222,0.2570597,-2.072158,4
134.0,29.0,9,0.0,0.0,0.7777774,0.40368682,0.44444275,0.40368643,112.07407,98.55556,130.55556,107.111115,-40.555557,55.444443,-14.888889,130.55556,0.24509327,-2.3732064,2
36.0,207.0,9,0.0,0.0,2.722222,3.1792145,6.444444,2.8021147,56.814816,50.444443,70.111115,49.88889,-19.11111,39.88889,-20.777779,70.111115,0.2906682,-2.0627244,6
116.0,238.0,9,0.0,0.0,1.1666665,0.87777746,1.0555556,2.2851841,8.518518,7.4444447,5.6666665,12.444445,-3.2222223,-8.555555,11.777778,12.444445,0.54054004,1.8447257,7
19.0,62.0,9,0.0,0.0,11.222222,0.8860996,0.6666667,0.36514628,62.814816,53.77778,80.0,54.666668,-27.11111,51.555557,-24.444445,80.0,0.32936445,-2.1262069,4
16.0,246.0,9,0.11111111,0.0,2.3888888,1.0851847,1.722222,1.7518522,9.407408,9.555555,10.111111,8.555555,0.44444445,2.1111112,-2.5555556,10.333334,0.16335146,-1.1905607,7
198.0,127.0,9,0.0,0.0,2.4444444,4.385187,8.555555,59.54075,40.74074,38.0,48.22222,36.0,-8.222222,22.444445,-14.222222,48.22222,0.24899939,-1.9083478,4
170.0,88.0,9,0.0,0.0,0.72222203,0.3896814,0.8333333,0.4594679,22.333334,18.222221,29.333334,19.444445,-12.333333,21.0,-8.666667,29.333334,0.3786151,-2.2082899,5
128.0,144.0,9,0.0,0.0,0.0,0.0,0.0,0.0,0.0,0.0,0.0,0.0,0.0,0.0,0.0,0.0,0.0,0.0,5
220.0,39.0,9,0.11111111,0.0,0.66666794,0.73029673,1.3333334,1.3333335,113.0,99.44444,131.11111,108.44444,-40.666668,54.333332,-13.666667,131.11111,0.24145858,-2.393564,2
28.0,162.0,9,0.11111111,0.0,1.1666666,0.6236098,1.4444443,1.3277662,25.11111,19.666668,26.11111,29.555555,-16.333334,3.0,13.333333,29.555555,0.33512673,2.769038,7
104.0,103.0,9,0.11111111,0.0,0.94444466,0.5340273,0.6666673,0.59628505,58.88889,52.22222,72.66667,51.77778,-20.0,41.333332,-21.333334,72.66667,0.28739437,-2.0711336,4
112.0,30.0,9,0.0,0.0,0.55555725,0.2721644,1.2222227,0.7200825,113.25926,100.77778,130.11111,108.888885,-37.444443,50.555557,-13.111111,130.11111,0.22538376,-2.3853076,2
92.0,121.0,9,0.0,0.0,1.4444445,1.8216802,2.0555556,2.0593057,14.962963,9.555555,23.444445,11.888889,-16.222221,25.444445,-9.222222,23.444445,0.5964221,-2.2353554,3
178.0,185.0,9,0.0,0.0,2.6111119,1.8063676,3.1111114,2.2771008,49.037037,44.0,60.666668,42.444443,-15.111111,34.88889,-19.777779,60.666668,0.30003616,-2.006186,6
57.0,177.0,9,0.0,0.0,0.94444495,0.55185163,1.4444443,1.71852,19.592592,15.777778,18.444445,24.555555,-11.444445,-3.4444444,14.888889,24.555555,0.3589904,2.413262,7
69.0,139.0,9,0.0,0.0,2.8333328,1.7732588,2.1111112,1.6688871,18.074074,16.0,22.555555,15.666667,-6.2222223,13.444445,-7.2222223,23.88889,0.38661182,-1.7028334,3
33.0,108.0,9,0.0,0.0,2.944444,4.5962973,6.833332,16.83333,40.0,36.0,48.22222,35.77778,-12.0,24.666666,-12.666667,48.22222,0.26675764,-2.080474,4
188.0,110.0,9,0.0,0.0,0.77777773,0.5185184,0.77777785,0.9629633,4.2222223,2.7777777,7.4444447,2.4444444,-4.3333335,9.666667,-5.3333335,7.4444447,0.67526454,-2.021228,5
73.0,105.0,9,0.0,0.0,2.1111114,1.0962937,1.1666666,0.52222216,58.62963,53.333332,70.333336,52.22222,-15.888889,35.11111,-19.222221,70.333336,0.25904787,-2.032243,4
152.0,247.0,9,0.0,0.22222222,1.6111107,1.2185191,7.1111107,4.340751,21.925926,21.11111,25.11111,19.555555,-2.4444444,9.555555,-7.111111,25.11111,0.21578804,-1.7554835,7
24.0,15.0,9,0.0,0.0,0.8333346,0.6912141,1.1111107,0.54432976,70.07407,61.0,87.44444,61.77778,-27.222221,52.11111,-24.88889,87.44444,0.30227023,-2.1249814,4
192.0,239.0,9,0.11111111,0.0,2.4999998,2.4333322,2.277778,1.3074071,15.148149,12.222222,14.555555,18.666668,-8.777778,-1.7777778,10.555555,18.666668,0.34430414,2.482445,7
39.0,77.0,9,0.11111111,0.0,1.8333334,1.811111,2.388889,0.7740743,7.703704,3.2222223,13.111111,6.7777777,-13.444445,16.222221,-2.7777777,13.111111,0.7620489,-2.4674928,3
234.0,177.0,9,0.0,0.0,1.111111,0.4740733,0.88888884,0.5629634,16.25926,12.555555,15.444445,20.777779,-11.111111,-2.4444444,13.555555,20.777779,0.3963988,2.4621184,7
120.0,108.0,9,0.11111111,0.0,0.611111,0.6407408,0.944444,0.1518519,21.925926,21.0,28.222221,16.555555,-2.7777777,18.88889,-16.11111,28.222221,0.41213372,-1.6835289,1
97.0,77.0,9,0.0,0.11111111,1.222222,1.8518518,4.4444447,6.5629597,25.185184,24.11111,32.333336,19.11111,-3.2222223,21.444445,-18.222221,32.333336,0.4076231,-1.6773084,1
233.0,105.0,9,0.0,0.0,6.277777,2.313408,0.9444445,0.742867,15.185185,12.666667,19.777779,13.111111,-7.5555553,13.777778,-6.2222223,19.777779,0.35376814,-2.1615713,5
121.0,62.0,9,0.0,0.0,0.555556,0.20740756,1.111112,0.5629625,125.40741,116.333336,138.77779,121.111115,-27.222221,40.11111,-12.888889,138.77779,0.16165799,-2.315962,2
150.0,94.0,9,0.0,0.0,1.1111107,0.6074038,1.2777761,0.5074095,95.296295,80.888885,119.22222,85.77778,-43.22222,71.77778,-28.555555,119.22222,0.3215052,-2.227114,2
206.0,26.0,9,0.0,0.0,1.2222189,1.496289,1.8888855,1.4074122,137.03703,131.44444,146.77777,132.88889,-16.777779,29.222221,-12.444445,146.77777,0.105127536,-2.1825674,2
167.0,189.0,9,0.0,0.0,3.7777774,2.2377224,3.7777774,1.544405,58.407406,51.333332,72.44444,51.444443,-21.222221,42.11111,-20.88889,72.44444,0.29552308,-2.1013258,6
139.0,109.0,9,0.0,0.0,0.88888866,0.8344436,0.277778,0.38968176,29.407408,24.777779,37.11111,26.333334,-13.888889,23.11111,-9.222222,37.11111,0.33195418,-2.226161,5
89.0,107.0,9,0.11111111,0.0,1.4444445,1.940741,1.8888894,2.740741,18.88889,19.88889,22.88889,13.888889,3.0,12.0,-15.0,23.0,0.39465594,-1.3578709,1
81.0,98.0,9,0.11111111,0.0,1.2222227,0.42963,1.888889,3.2296317,20.88889,21.0,25.88889,15.777778,0.33333334,15.0,-15.333333,25.88889,0.38914663,-1.5288948,1
78.0,62.0,9,0.11111111,0.0,0.6666667,0.399999,1.6111094,0.86296284,110.03704,100.77778,126.333336,103.0,-27.777779,48.88889,-21.11111,126.333336,0.20227888,-2.1854193,2
120.0,17.0,9,0.0,0.0,1.3888868,0.5518509,1.8888893,1.1407349,129.55556,118.77778,143.55556,126.333336,-32.333332,42.0,-9.666667,143.55556,0.17262767,-2.412968,2
239.0,93.0,9,0.0,0.0,3.444444,13.496301,1.0555555,0.86296237,14.407408,9.888889,22.88889,10.444445,-13.555555,25.444445,-11.888889,22.88889,0.57700235,-2.1374934,5
121.0,192.0,9,0.11111111,0.0,3.3888886,2.059307,5.9444447,2.489237,60.814816,53.444443,76.44444,52.555557,-22.11111,46.88889,-24.777779,76.44444,0.3126096,-2.055457,6
43.0,152.0,9,0.0,0.0,1.9444445,1.7074082,1.2222222,0.8296299,1.5185186,1.0,2.8888888,0.6666667,-1.5555556,4.111111,-2.5555556,2.8888888,0.64867723,-1.9332389,5
170.0,143.0,9,0.0,0.0,0.0,0.0,0.0,0.0,0.0,0.0,0.0,0.0,0.0,0.0,0.0,0.0,0.0,0.0,5
3.0,106.0,9,0.0,0.0,0.22222222,0.17213261,0.11111111,0.17213261,0.5555556,0.0,1.6666666,0.0,-1.6666666,3.3333333,-1.6666666,1.6666666,1.0,-2.0943952,3
142.0,112.0,9,0.0,0.0,1.0555557,0.49065286,0.55555534,0.34426492,28.851852,24.555555,36.22222,25.777779,-12.888889,22.11111,-9.222222,36.22222,0.32174963,-2.2001557,5
53.0,176.0,9,0.0,0.0,1.9444453,0.8798155,1.5555559,1.9962938,50.296295,45.444443,62.11111,43.333332,-14.555555,35.444443,-20.88889,62.11111,0.3024212,-1.9775702,6
254.0,159.0,9,0.0,0.0,3.5555553,7.54074,14.833333,152.7,36.62963,31.333334,46.22222,32.333336,-15.888889,28.777779,-12.888889,46.22222,0.29484537,-2.316872,6
134.0,93.0,9,0.0,0.0,0.38888898,0.25092435,0.88888866,0.5443307,20.925926,16.666668,29.555555,16.555555,-12.777778,25.88889,-13.111111,29.555555,0.44337976,-2.0860834,5
77.0,135.0,9,0.0,0.0,2.944444,1.9710863,1.7777767,0.9583936,47.37037,41.0,60.666668,40.444443,-19.11111,39.88889,-20.777779,60.666668,0.3346597,-2.0634599,4
189.0,141.0,9,0.0,0.0,0.0,0.0,0.0,0.0,0.0,0.0,0.0,0.0,0.0,0.0,0.0,0.0,0.0,0.0,5
89.0,89.0,9,0.0,0.0,1.722222,2.9074073,2.9444447,4.862958,21.88889,21.333334,27.777779,16.555555,-1.6666666,17.666666,-16.0,27.777779,0.4004446,-1.6113652,1
116.0,184.0,9,0.0,0.0,2.2222226,2.118519,10.611111,45.085182,31.703703,28.777779,38.0,28.333334,-8.777778,18.88889,-10.111111,38.333336,0.25072145,-2.2154639,6
210.0,232.0,9,0.0,0.0,1.8333335,1.2064636,1.4999999,1.7224014,8.814815,6.5555553,7.2222223,12.666667,-6.7777777,-4.7777777,11.555555,12.666667,0.49138823,2.2013178,7
16.0,51.0,9,0.0,0.0,0.7222226,0.44305405,0.8333346,0.7226493,122.96296,110.666664,140.77779,117.44444,-36.88889,53.444443,-16.555555,140.77779,0.21381323,-2.3304648,2
132.0,124.0,9,0.0,0.0,0.22222221,0.074074075,0.22222221,0.074074045,1.074074,0.0,3.2222223,0.0,-3.2222223,6.4444447,-3.2222223,3.2222223,1.0,-2.0943952,3
29.0,111.0,9,0.0,0.0,0.38888884,0.24074061,0.6111111,0.15185188,5.4074073,6.888889,6.3333335,3.0,4.4444447,2.7777777,-7.2222223,6.888889,0.56415343,-0.89785874,1
177.0,190.0,9,0.0,0.0,0.94444466,0.82775986,1.3888893,0.9525794,52.407406,47.333332,64.55556,45.333332,-15.222222,36.444443,-21.222221,64.55556,0.29773334,-1.9858987,6
58.0,125.0,9,0.0,0.0,2.1666667,1.1105559,1.0555559,0.90472007,18.555555,11.111111,30.666666,13.888889,-22.333334,36.333332,-14.0,30.666666,0.6384555,-2.2419562,3
242.0,65.0,9,0.0,0.0,0.5555553,0.27216578,1.0,0.42163682,8.925926,6.111111,14.333333,6.3333335,-8.444445,16.222221,-7.7777777,14.333333,0.5834605,-2.1218784,5
158.0,195.0,9,0.0,0.0,2.4444442,2.3444183,2.8333333,1.7224011,11.703704,9.444445,8.555555,17.11111,-6.7777777,-9.444445,16.222221,17.11111,0.5177167,2.011228,7
60.0,196.0,9,0.0,0.0,1.4444447,1.0470428,4.444444,1.9962916,51.148148,45.333332,63.333332,44.77778,-17.444445,36.555557,-19.11111,63.333332,0.2976887,-2.059262,6
74.0,129.0,9,0.0,0.0,0.22222222,0.029629637,0.11111111,0.029629635,0.5185185,0.0,1.5555556,0.0,-1.5555556,3.1111112,-1.5555556,1.5555556,1.0,-2.0943952,3
223.0,185.0,9,0.0,0.0,0.5,0.34960312,2.3888886,2.0807757,12.962963,11.555555,9.777778,17.555555,-4.2222223,-9.555555,13.777778,17.555555,0.44541803,1.8388497,7
214.0,194.0,9,0.0,0.0,1.222222,1.0255985,3.2222226,1.6953099,45.074074,40.22222,55.444443,39.555557,-14.555555,31.11111,-16.555555,55.444443,0.29197225,-2.0469983,6
205.0,204.0,9,0.0,0.0,1.555555,0.9583939,1.8888887,1.7722135,19.0,14.333333,17.11111,25.555555,-14.0,-5.6666665,19.666666,25.555555,0.43934208,2.3487284,7
59.0,99.0,9,0.0,0.0,0.77777785,0.8296297,0.99999994,0.3555556,2.0370371,0.11111111,5.5555553,0.44444445,-5.7777777,10.555555,-4.7777777,5.5555553,0.9861111,-2.149743,3
199.0,97.0,9,0.11111111,0.0,2.722222,1.2546208,0.5,0.18257418,47.814816,46.0,54.11111,43.333332,-5.4444447,18.88889,-13.444445,54.11111,0.1993515,-1.8367767,4
8.0,21.0,9,0.11111111,0.0,0.61111194,0.44305393,2.055556,1.2186847,125.59259,113.44444,142.44444,120.888885,-36.444443,50.555557,-14.111111,142.44444,0.20358202,-2.362526,2
117.0,246.0,9,0.0,0.0,2.277778,5.6185174,2.6666665,5.866666,15.444445,12.0,14.333333,20.0,-10.333333,-3.3333333,13.666667,20.0,0.3959547,2.395692,7
112.0,30.0,9,0.0,0.0,0.55555725,0.2721644,1.2222227,0.7200825,113.25926,100.77778,130.11111,108.888885,-37.444443,50.555557,-13.111111,130.11111,0.22538376,-2.3853076,2
188.0,35.0,9,0.0,0.0,1.2222227,1.0518501,1.1111132,0.56296283,124.55556,114.44444,140.11111,119.111115,-30.333334,46.666668,-16.333334,140.11111,0.183109,-2.2829227,2
220.0,111.0,9,0.0,0.0,2.555555,1.6555178,2.2777774,1.5974522,29.592592,25.444445,38.22222,25.11111,-12.444445,25.88889,-13.444445,38.22222,0.34932512,-2.064723,4
2.0,114.0,9,0.0,0.0,0.8333333,0.12222227,0.27777782,0.06296296,1.7407408,0.7777778,3.8888888,0.5555556,-2.8888888,6.4444447,-3.5555556,3.8888888,0.88148147,-2.0270298,3
145.0,185.0,9,0.11111111,0.0,2.7777767,2.257497,2.2222214,1.9512575,56.25926,49.88889,69.88889,49.0,-19.11111,40.88889,-21.777779,69.88889,0.30228263,-2.0510557,6
30.0,251.0,9,0.0,0.0,2.444444,1.8816857,8.0,1.6055425,20.666666,21.444445,17.777779,22.777779,2.3333333,-8.666667,6.3333335,22.777779,0.23141664,1.2870604,7
107.0,129.0,9,0.0,0.0,0.55555564,0.56296325,0.8888889,0.8740743,6.6666665,8.444445,7.5555553,4.0,5.3333335,2.6666667,-8.0,8.444445,0.53055555,-0.8439043,1
34.0,128.0,9,0.0,0.0,0.44444442,0.118518494,0.66666657,0.48888892,5.6666665,7.4444447,6.5555553,3.0,5.3333335,2.6666667,-8.0,7.4444447,0.5974427,-0.83759844,1
105.0,62.0,9,0.0,0.0,0.8333346,0.16666616,1.1666679,0.83333385,126.48148,117.55556,140.33334,121.55556,-26.777779,41.555557,-14.777778,140.33334,0.16222528,-2.2754252,2
237.0,192.0,9,0.11111111,0.0,0.8333333,0.54772305,4.3888893,3.5239923,46.37037,41.11111,57.666668,40.333336,-15.777778,33.88889,-18.11111,57.666668,0.3026748,-2.047243,6
238.0,86.0,9,0.0,0.0,0.44444403,0.02962958,0.33333302,0.044444356,12.0,7.5555553,20.444445,8.0,-13.333333,25.333334,-12.0,20.444445,0.6295031,-2.1283617,5
94.0,80.0,9,0.0,0.0,2.1666653,1.1879028,0.83333397,0.50552523,58.333332,51.22222,72.111115,51.666668,-21.333334,41.333332,-20.0,72.111115,0.2908336,-2.1163511,4
139.0,187.0,9,0.0,0.0,2.055556,1.1238163,1.8333334,1.0697875,60.444443,53.666668,74.77778,52.88889,-20.333334,43.0,-22.666666,74.77778,0.29269224,-2.0582106,6
66.0,109.0,9,0.0,0.0,0.83333206,0.80966556,1.0000013,0.8432756,102.48148,89.44444,122.22222,95.77778,-39.11111,59.22222,-20.11111,122.22222,0.26811782,-2.2975464,2
4.0,189.0,9,0.0,0.0,2.0555565,3.8851852,11.722221,114.59634,26.444445,23.444445,33.0,22.88889,-9.0,19.666666,-10.666667,33.0,0.27147257,-2.1010017,6
18.0,70.0,9,0.0,0.11111111,9.444444,5.897896,9.944444,6.9487534,21.037037,16.222223,26.666666,20.222221,-14.444445,16.88889,-2.4444444,26.666666,0.4158355,-2.5142038,3
202.0,71.0,9,0.0,0.0,0.944444,0.5741341,0.7777774,0.45541972,38.37037,37.88889,42.11111,35.11111,-1.4444444,11.222222,-9.777778,42.11111,0.16604693,-1.6759187,4
3.0,21.0,9,0.0,0.0,0.44444528,0.6074073,1.2222214,0.11851781,130.14815,120.77778,143.22223,126.44444,-28.11111,39.22222,-11.111111,143.22223,0.15667991,-2.357178,2
218.0,64.0,9,0.0,0.0,1.5000004,1.1303884,1.8333334,1.9635572,8.0,6.111111,12.555555,5.3333335,-5.6666665,13.666667,-8.0,12.555555,0.5791423,-1.9652462,5
194.0,124.0,9,0.0,0.0,1.4999999,0.43333384,1.388889,0.90740687,2.8148148,1.0,5.5555553,1.8888888,-5.4444447,8.222222,-2.7777777,5.5555553,0.8367725,-2.2846084,3
209.0,191.0,9,0.0,0.11111111,3.0555553,2.3037815,5.722222,6.071487,48.22222,43.88889,58.666668,42.11111,-13.0,31.333334,-18.333334,58.666668,0.27976418,-1.964901,6
32.0,206.0,9,0.0,0.11111111,2.8333328,1.7732568,5.611111,2.8080564,57.62963,50.444443,72.111115,50.333332,-21.555555,43.444443,-21.88889,72.111115,0.30568013,-2.0859342,6
145.0,34.0,9,0.11111111,0.0,0.55555725,0.34074122,1.8888906,1.1407446,137.03703,131.44444,146.66667,133.0,-16.777779,28.88889,-12.111111,146.66667,0.1045387,-2.2000005,2
93.0,127.0,9,0.0,0.0,1.1111112,0.83444345,1.0,0.7888106,3.8148148,1.3333334,6.7777777,3.3333333,-7.4444447,8.888889,-1.4444444,6.7777777,0.8272487,-2.4745617,3
33.0,94.0,9,0.0,0.0,1.3333336,0.21081811,2.5555556,1.6420401,5.888889,3.2222223,7.7777777,6.6666665,-8.0,5.6666665,2.3333333,7.7777777,0.60978836,-2.869948,3
184.0,145.0,9,0.0,0.0,0.72222227,0.6116159,0.22222222,0.2721655,0.5555556,0.33333334,1.2222222,0.11111111,-0.6666667,2.0,-1.3333334,1.2222222,0.5277778,-1.9209436,5
230.0,162.0,9,0.0,0.0,1.6666666,1.0749676,0.9444442,0.5741337,17.333334,13.777778,15.888889,22.333334,-10.666667,-4.3333335,15.0,22.333334,0.38252184,2.3503675,7
165.0,119.0,9,0.0,0.0,1.0555553,1.5740752,1.4444441,0.829629,29.481482,23.222221,40.333336,24.88889,-18.777779,32.555557,-13.777778,40.333336,0.42571348,-2.1877813,5
36.0,189.0,9,0.0,0.0,1.9444441,2.4629607,5.8333335,21.588884,31.37037,28.444445,38.0,27.666666,-8.777778,19.88889,-11.111111,38.0,0.2663022,-2.0203454,6
9.0,180.0,9,0.0,0.0,1.166667,0.7226493,1.1666673,0.9831922,22.555555,17.444445,22.0,28.222221,-15.333333,-1.6666666,17.0,28.222221,0.38142902,2.5416608,7
159.0,210.0,9,0.0,0.0,1.4999999,1.3666656,1.5555555,2.1629632,12.962963,9.444445,12.0,17.444445,-10.555555,-2.8888888,13.444445,17.444445,0.4604365,2.4287496,7
126.0,141.0,9,0.0,0.0,1.3888887,1.3518527,0.88888884,0.8296295,3.2592592,0.44444445,7.6666665,1.6666666,-8.444445,13.222222,-4.7777777,7.6666665,0.95308644,-2.2571225,3
133.0,102.0,9,0.0,0.11111111,22.055555,374.5964,29.888887,488.02975,44.037037,37.444443,52.666668,42.0,-19.777779,25.88889,-6.111111,52.666668,0.3978916,-2.4168172,3
176.0,100.0,9,0.0,0.0,1.9444441,0.7740748,1.4444447,0.6518514,55.37037,50.333332,66.88889,48.88889,-15.111111,34.555557,-19.444445,66.88889,0.26862052,-2.00619,4
223.0,150.0,9,0.0,0.0,0.0,0.0,0.0,0.0,0.0,0.0,0.0,0.0,0.0,0.0,0.0,0.0,0.0,0.0,5
72.0,31.0,9,0.0,0.0,1.1111094,1.4962956,1.3333334,0.7111079,135.92592,129.88889,145.55556,132.33334,-18.11111,28.88889,-10.777778,145.55556,0.10761623,-2.255012,2
193.0,125.0,9,0.0,0.0,5.055556,2.550962,1.9444447,1.8787314,37.444443,32.333336,47.555557,32.444447,-15.333333,30.333334,-15.0,47.555557,0.3218254,-2.1006875,4
103.0,130.0,9,0.0,0.0,0.33333334,0.0,0.27777776,0.38968173,0.7777778,0.0,2.3333335,0.0,-2.3333333,4.6666665,-2.3333333,2.3333335,1.0,-2.0943952,3
146.0,124.0,9,0.0,0.0,0.4999999,0.16666664,0.38888875,0.107407376,6.037037,7.4444447,7.3333335,3.3333333,4.2222223,3.8888888,-8.111111,7.6666665,0.56349206,-1.0247301,1
67.0,34.0,9,0.0,0.0,1.1111113,1.2232314,0.555556,0.5837306,54.25926,46.22222,70.333336,46.22222,-24.11111,48.22222,-24.11111,70.333336,0.34747013,-2.0945199,4
130.0,189.0,9,0.0,0.0,0.888889,0.34074098,1.1666669,0.92222214,12.0,9.444445,10.111111,16.444445,-7.6666665,-5.6666665,13.333333,16.444445,0.43944263,2.194143,7
234.0,161.0,9,0.0,0.0,0.888889,0.501849,1.6111113,1.4050179,19.037037,15.111111,17.0,25.0,-11.777778,-6.111111,17.88889,25.0,0.39559862,2.292736,7
83.0,133.0,9,0.11111111,0.0,2.3333347,2.1395726,1.166666,1.0697864,48.666668,41.555557,62.555557,41.88889,-21.333334,41.666668,-20.333334,62.555557,0.33914515,-2.1117887,4
96.0,236.0,9,0.0,0.0,1.7222222,3.840741,1.7222223,1.1296297,13.962963,10.777778,12.444445,18.666668,-9.555555,-4.5555553,14.111111,18.666668,0.42423514,2.3206298,7
41.0,77.0,9,0.11111111,0.0,1.777778,0.6518514,1.611111,1.5740745,5.0,1.2222222,10.222222,3.5555556,-11.333333,15.666667,-4.3333335,10.222222,0.8916084,-2.3548815,3
161.0,135.0,9,0.0,0.0,0.055555563,0.13608278,0.11111113,0.17213261,1.2592592,0.7777778,3.0,0.0,-1.4444444,5.2222223,-3.7777777,3.0,1.0,-1.8222142,5
158.0,76.0,9,0.0,0.0,0.833333,0.65828085,3.277778,3.065339,34.851852,31.88889,42.0,30.666666,-8.888889,21.444445,-12.555555,42.0,0.2703099,-1.9814991,4
241.0,90.0,9,0.0,0.11111111,5.6666665,23.377783,6.7777786,63.76296,9.0,4.7777777,15.666667,6.5555553,-12.666667,20.0,-7.3333335,15.666667,0.7629189,-2.2663894,3
240.0,58.0,9,0.0,0.0,1.0555547,0.77407175,1.0000013,0.7111076,92.703705,76.888885,118.55556,82.66667,-47.444443,77.55556,-30.11111,118.55556,0.35133117,-2.2393005,2
84.0,65.0,9,0.0,0.0,0.7222214,0.37407157,2.0,0.7111089,125.666664,115.333336,141.66667,120.0,-31.0,48.0,-17.0,141.66667,0.18565786,-2.2737436,2
157.0,20.0,9,0.0,0.0,1.3333334,0.7601168,4.944444,4.479171,35.48148,32.0,42.77778,31.666666,-10.444445,21.88889,-11.444445,42.77778,0.26195785,-2.045203,4
185.0,102.0,9,0.0,0.0,11.055557,73.70736,0.44444528,0.20740719,56.77778,51.11111,69.111115,50.11111,-17.0,37.0,-20.0,69.111115,0.27435303,-2.034054,4
41.0,150.0,9,0.0,0.0,1.777778,1.94074,2.1666667,1.4999995,20.74074,16.222223,29.222221,16.777779,-13.555555,25.444445,-11.888889,29.222221,0.44157267,-2.1348755,4
222.0,145.0,9,0.0,0.0,0.0,0.0,0.0,0.0,0.0,0.0,0.0,0.0,0.0,0.0,0.0,0.0,0.0,0.0,5
228.0,20.0,9,0.0,0.0,1.0555547,0.49065518,0.8333333,0.7527733,125.0,114.0,140.55556,120.44444,-33.0,46.666668,-13.666667,140.55556,0.18889166,-2.348006,2
212.0,81.0,9,0.0,0.0,0.7222201,0.10740903,0.83333206,0.07777894,92.18519,77.22222,118.44444,80.888885,-44.88889,78.77778,-33.88889,118.44444,0.34790245,-2.1873991,2
196.0,93.0,9,0.0,0.0,1.7777777,2.562963,1.5,0.92222214,5.0,2.0,9.333334,3.6666667,-9.0,13.0,-4.0,9.333334,0.8086198,-2.3294232,3
170.0,154.0,9,0.0,0.0,0.11111111,0.17213261,0.055555556,0.13608277,0.074074075,0.0,0.22222222,0.0,-0.22222222,0.44444445,-0.22222222,0.22222222,0.22222222,-2.0943952,5
91.0,247.0,9,0.0,0.0,2.6666665,1.2472191,2.222222,1.4246507,12.62963,9.555555,12.444445,15.888889,-9.222222,-0.5555556,9.777778,15.888889,0.4018332,2.55309,7
41.0,93.0,9,0.0,0.0,0.7222201,0.15185115,1.0555547,1.3962914,112.296295,103.888885,128.0,105.0,-25.222221,47.11111,-21.88889,128.0,0.1883132,-2.1414192,2
8.0,226.0,9,0.0,0.0,2.8888886,1.9851301,1.111111,0.4554203,18.0,14.0,15.777778,24.222221,-12.0,-6.6666665,18.666666,24.222221,0.424404,2.2730305,7
41.0,61.0,9,0.0,0.0,2.0555553,1.5740743,1.5555553,1.940741,21.74074,20.333334,28.777779,16.11111,-4.2222223,21.11111,-16.88889,28.777779,0.43704242,-1.7372931,1
80.0,95.0,9,0.0,0.0,1.2222223,1.0074079,0.944444,0.5518514,21.407408,21.333334,26.666666,16.222223,-0.22222222,15.777778,-15.555555,26.666666,0.39043593,-1.5673273,1
58.0,95.0,9,0.0,0.0,2.166667,1.6333324,1.9444445,0.68518573,4.4444447,1.2222222,9.0,3.1111112,-9.666667,13.666667,-4.0,9.0,0.8749174,-2.3338044,3
197.0,236.0,9,0.0,0.0,2.4444444,6.829628,3.3333333,7.599998,16.074074,13.111111,16.666668,18.444445,-8.888889,1.7777778,7.111111,18.555555,0.29272884,2.7898002,7
207.0,58.0,9,0.0,0.0,0.8333308,0.45946908,1.0000013,0.4216377,122.0,110.111115,138.77779,117.111115,-35.666668,50.333332,-14.666667,138.77779,0.20650265,-2.3492694,2
156.0,86.0,9,0.0,0.0,2.2777777,0.38968182,0.27777767,0.250924,20.444445,15.888889,28.555555,16.88889,-13.666667,24.333334,-10.666667,28.555555,0.44469786,-2.1782806,5
240.0,79.0,9,0.0,0.0,16.277779,40.862957,14.166667,155.3222,32.77778,24.333334,45.77778,28.222221,-25.333334,39.0,-13.666667,45.77778,0.48906165,-2.2862954,3
89.0,68.0,9,0.0,0.0,4.055556,3.0407388,2.3888886,1.2185171,17.703703,17.666668,23.0,12.444445,-0.11111111,15.888889,-15.777778,23.0,0.46200204,-1.5639724,1
143.0,34.0,9,0.0,0.0,1.0555547,0.9289564,1.388888,0.8798136,125.48148,113.666664,142.0,120.77778,-35.444443,49.555557,-14.111111,142.0,0.19951604,-2.3572717,2
169.0,98.0,9,0.0,0.0,0.7222214,0.15184994,1.6666666,0.75555366,92.333336,77.333336,116.888885,82.77778,-45.0,73.666664,-28.666666,116.888885,0.3382884,-2.238522,2
197.0,144.0,9,0.0,0.0,0.9444444,0.7123252,0.38888887,0.49065337,0.7037037,0.33333334,1.6666666,0.11111111,-1.1111112,2.8888888,-1.7777778,1.6666666,0.8611111,-1.9869384,5
62.0,26.0,9,0.0,0.0,0.7777774,0.27216512,0.44444403,0.40368605,112.22222,98.333336,130.88889,107.44444,-41.666668,56.0,-14.333333,130.88889,0.24869815,-2.38614,2
134.0,194.0,9,0.0,0.0,2.6111107,1.218682,5.222222,4.435546,58.962963,52.88889,71.55556,52.444443,-18.222221,37.77778,-19.555555,71.55556,0.27344358,-2.0818913,6
54.0,91.0,9,0.0,0.0,1.4444443,1.540741,0.8333333,0.25555572,3.2592592,0.5555556,8.0,1.2222222,-8.111111,14.222222,-6.111111,8.0,0.94481075,-2.186723,3
146.0,72.0,9,0.0,0.0,0.944444,0.507407,1.6666664,0.5777763,26.222221,23.777779,35.444447,19.444445,-7.3333335,27.666666,-20.333334,35.444447,0.45092598,-1.8078662,1
230.0,180.0,9,0.11111111,0.0,1.1111112,0.5185183,1.9444443,1.2629623,13.851851,9.666667,13.111111,18.777779,-12.555555,-2.2222223,14.777778,18.777779,0.48688295,2.4879174,7
196.0,161.0,9,0.0,0.0,2.7777774,5.540735,11.777776,93.98522,41.962963,36.555557,51.22222,38.11111,-16.222221,27.777779,-11.555555,51.333332,0.28212494,-2.38829,6
87.0,135.0,9,0.0,0.0,0.38888887,0.24074073,0.33333334,0.17777777,0.962963,0.0,2.7777777,0.11111111,-2.8888888,5.4444447,-2.5555556,2.7777777,1.0,-2.1175485,3
235.0,81.0,9,0.0,0.0,1.388889,0.41851807,0.77777773,0.2962964,3.4814816,1.0,7.4444447,2.0,-7.4444447,11.888889,-4.4444447,7.4444447,0.88121694,-2.2481337,3
76.0,106.0,9,0.0,0.0,1.8333334,3.5444427,2.2222223,3.718517,3.6666667,1.0,7.888889,2.1111112,-8.0,12.666667,-4.6666665,7.888889,0.9035714,-2.2555406,3
149.0,117.0,9,0.22222222,0.0,0.833333,0.2555556,0.9999997,0.44444454,21.222221,21.11111,26.333334,16.222223,-0.33333334,15.333333,-15.0,26.333334,0.38262922,-1.5744768,1
69.0,92.0,9,0.11111111,0.0,1.888889,4.518517,1.9999999,1.0222219,19.37037,20.222221,23.333334,14.555555,2.5555556,11.888889,-14.444445,23.333334,0.37657413,-1.4082419,1
235.0,195.0,9,0.0,0.0,1.8888887,2.0940824,2.9999988,1.7384534,48.333332,42.77778,59.666668,42.555557,-16.666666,34.0,-17.333334,59.666668,0.29058507,-2.0810955,6
174.0,145.0,9,0.0,0.0,0.0,0.0,0.0,0.0,0.0,0.0,0.0,0.0,0.0,0.0,0.0,0.0,0.0,0.0,5
137.0,66.0,9,0.0,0.0,2.611111,3.040741,2.9444444,3.8851848,28.407408,25.333334,38.22222,21.666666,-9.222222,29.444445,-20.222221,38.22222,0.4305578,-1.8449929,1
121.0,113.0,9,0.0,0.0,1.722222,1.5296303,2.944444,1.5296295,20.25926,20.0,25.444445,15.333333,-0.7777778,15.555555,-14.777778,25.444445,0.39658895,-1.5856091,1
74.0,215.0,9,0.0,0.0,0.44444457,0.074074075,0.50000006,0.12222217,6.9259257,5.111111,4.4444447,11.222222,-5.4444447,-7.4444447,12.888889,11.222222,0.6037037,1.9911573,7
35.0,42.0,9,0.11111111,0.0,1.0555559,0.1518514,1.388889,0.5074066,22.592592,20.0,31.11111,16.666668,-7.7777777,25.555555,-17.777779,31.11111,0.46275216,-1.8424939,1
143.0,20.0,9,0.0,0.0,1.1111158,0.7503102,1.2777799,0.92895854,127.333336,116.77778,142.66667,122.55556,-31.666666,46.0,-14.333333,142.66667,0.18147528,-2.3269186,2
131.0,144.0,9,0.0,0.0,0.0,0.0,0.0,0.0,0.0,0.0,0.0,0.0,0.0,0.0,0.0,0.0,0.0,0.0,5
127.0,143.0,9,0.0,0.0,1.5,0.12222214,0.88888884,0.60740745,4.185185,0.8888889,9.444445,2.2222223,-9.888889,15.777778,-5.888889,9.444445,0.915376,-2.2574124,3
157.0,221.0,9,0.0,0.0,1.0555555,0.6469299,1.2222222,0.6206328,12.111111,10.222222,8.111112,18.0,-5.6666665,-12.0,17.666666,18.0,0.5491797,1.8771459,7
59.0,141.0,9,0.11111111,0.0,2.3888888,1.540803,2.1666667,1.278019,12.666667,7.888889,18.555555,11.555555,-14.333333,17.666666,-3.3333333,18.555555,0.58577543,-2.4515712,3
239.0,123.0,9,0.0,0.0,0.5,0.077777736,0.5,0.16666667,1.5185186,0.0,4.2222223,0.33333334,-4.5555553,8.111111,-3.5555556,4.2222223,1.0,-2.1640944,3
27.0,106.0,9,0.0,0.0,0.6111111,0.41851848,1.2777778,0.5962963,2.1851852,0.33333334,4.888889,1.3333334,-5.5555553,8.111111,-2.5555556,4.888889,0.9517196,-2.2740705,3
25.0,91.0,9,0.0,0.0,1.611111,4.3740745,1.388889,0.99629617,3.8888888,0.8888889,8.111112,2.6666667,-9.0,12.666667,-3.6666667,8.111112,0.9114478,-2.3545752,3
74.0,127.0,9,0.0,0.0,4.8333335,3.6499624,1.6666666,1.2472203,45.25926,39.444443,57.333332,39.0,-17.444445,36.22222,-18.777779,57.333332,0.31732458,-2.061036,4
92.0,44.0,9,0.11111111,0.0,0.7222226,0.5741352,1.1666654,1.048809,123.81481,113.44444,138.11111,119.888885,-31.11111,42.88889,-11.777778,138.11111,0.17842785,-2.3672824,2
92.0,70.0,9,0.11111111,0.0,1.1111107,1.3608265,0.7777767,0.65546083,61.11111,53.444443,77.0,52.88889,-23.0,47.666668,-24.666666,77.0,0.31436473,-2.070832,4
38.0,112.0,9,0.0,0.0,0.55555564,0.3851852,1.0000001,0.0888888,6.2222223,7.0,8.111112,3.5555556,2.3333333,5.6666665,-8.0,8.111112,0.5591711,-1.2739921,1
138.0,133.0,9,0.0,0.0,0.6666667,0.44444433,1.1666666,0.21111093,6.4444447,7.7777777,7.888889,3.6666667,4.0,4.3333335,-8.333333,8.222222,0.5582011,-1.0776595,1
118.0,126.0,9,0.0,0.0,0.6666667,0.39999974,1.8333336,2.1222224,20.555555,16.11111,28.666666,16.88889,-13.333333,24.333334,-11.0,28.666666,0.437078,-2.1588047,4
85.0,70.0,9,0.0,0.0,1.2777777,0.7296302,1.8333334,1.1444422,23.666666,23.0,30.11111,17.88889,-2.0,19.333334,-17.333334,30.11111,0.40601462,-1.6496034,1
201.0,135.0,9,0.0,0.0,0.5555555,0.29629624,0.888889,0.074073985,5.5185184,7.111111,6.4444447,3.0,4.7777777,2.7777777,-7.5555553,7.4444447,0.5994268,-0.89217883,1
59.0,111.0,9,0.0,0.0,0.27777767,0.15185185,0.4999999,0.12222217,5.4444447,6.4444447,7.0,2.8888888,3.0,4.6666665,-7.6666665,7.2222223,0.60119045,-1.1813879,1
124.0,183.0,9,0.0,0.0,1.7777778,0.4296295,2.2777774,4.196296,18.185184,14.222222,17.11111,23.222221,-11.888889,-3.2222223,15.111111,23.222221,0.38988227,2.4280221,7
85.0,124.0,9,0.0,0.0,1.2222227,0.93491936,2.3888893,1.6788442,14.666667,7.5555553,24.11111,12.333333,-21.333334,28.333334,-7.0,24.11111,0.6911226,-2.3966818,3
99.0,149.0,9,0.0,0.0,3.6666667,4.577775,2.111111,1.5851847,21.37037,16.666668,30.0,17.444445,-14.111111,25.88889,-11.777778,30.0,0.4451721,-2.1417873,4
120.0,89.0,9,0.11111111,0.0,4.0,9.555554,5.8333335,11.85555,10.481482,5.7777777,17.11111,8.555555,-14.111111,19.88889,-5.7777777,17.11111,0.6866853,-2.356793,3
244.0,193.0,9,0.0,0.0,2.0555556,2.225275,3.8888886,3.631141,16.185184,13.333333,14.222222,21.0,-8.555555,-5.888889,14.444445,21.0,0.37887058,2.2221026,7
99.0,132.0,9,0.0,0.0,0.44444442,0.3851853,0.5555555,0.7851854,0.7407407,0.11111111,2.0,0.11111111,-1.8888888,3.7777777,-1.8888888,2.0,0.9814815,-2.0943952,3
163.0,166.0,9,0.0,0.0,1.7777776,1.0962971,2.444445,1.0518519,16.962963,12.333333,16.333334,22.222221,-13.888889,-1.8888888,15.777778,22.222221,0.4462137,2.5158255,7
210.0,114.0,9,0.0,0.0,1.2777778,1.3074073,0.61111087,0.06296301,16.185184,11.444445,25.0,12.111111,-14.222222,26.444445,-12.222222,25.0,0.5462072,-2.1416595,5
65.0,54.0,9,0.0,0.0,1.777778,1.6740733,2.722222,4.3296285,24.592592,22.777779,32.555557,18.444445,-5.4444447,23.88889,-18.444445,32.555557,0.4321665,-1.7607523,1
252.0,36.0,9,0.0,0.0,0.94444275,0.19630012,1.0,0.22221552,135.2963,128.55556,146.11111,131.22223,-20.222221,32.444443,-12.222222,146.11111,0.12003023,-2.247156,2
183.0,185.0,9,0.0,0.0,2.8888881,1.4246495,5.777777,5.556445,44.962963,40.666668,55.0,39.22222,-12.888889,30.11111,-17.222221,55.0,0.28574014,-2.0049882,6
76.0,64.0,9,0.0,0.0,2.2222223,5.4962974,2.8888884,4.3407397,23.62963,21.777779,31.222221,17.88889,-5.5555553,22.777779,-17.222221,31.222221,0.42481935,-1.7567121,1
47.0,121.0,9,0.0,0.0,0.88888866,1.0255988,4.888888,3.208784,53.666668,46.88889,66.88889,47.22222,-20.333334,39.666668,-19.333334,66.88889,0.30067223,-2.1102333,4
217.0,195.0,9,0.0,0.0,4.2222233,3.284081,2.3888893,2.102027,45.074074,39.666668,55.555557,40.0,-16.222221,31.444445,-15.222222,55.555557,0.2929567,-2.1185718,6
48.0,202.0,9,0.0,0.11111111,3.3888886,1.6250362,4.8333325,4.091997,58.0,52.0,71.0,51.0,-18.0,39.0,-21.0,71.0,0.2845155,-2.0459433,6
200.0,13.0,9,0.0,0.0,1.7777777,1.8579161,0.27777767,0.25092423,9.296296,6.111111,15.888889,5.888889,-9.555555,19.777779,-10.222222,15.888889,0.63273925,-2.0741334,5
229.0,124.0,9,0.0,0.0,0.888889,0.074073985,0.8888889,0.3407407,5.888889,7.111111,7.111111,3.4444444,3.6666667,3.6666667,-7.3333335,7.5555553,0.5458554,-1.0376626,1
9.0,131.0,9,0.0,0.0,0.0,0.0,0.0,0.0,0.0,0.0,0.0,0.0,0.0,0.0,0.0,0.0,0.0,0.0,3
140.0,181.0,9,0.11111111,0.0,0.8333333,0.47777775,1.2777777,1.7074063,19.296297,15.444445,18.444445,24.0,-11.555555,-2.5555556,14.111111,24.0,0.3576681,2.4584713,7
188.0,186.0,9,0.0,0.0,0.88888836,0.1629624,0.77777797,0.2074075,18.518518,15.333333,18.222221,22.0,-9.555555,-0.8888889,10.444445,22.0,0.30188268,2.5873964,7
154.0,128.0,9,0.0,0.0,0.5,0.30000007,0.33333325,0.044444434,5.962963,7.3333335,7.2222223,3.3333333,4.111111,3.7777777,-7.888889,7.6666665,0.56371254,-1.0050536,1
78.0,72.0,9,0.0,0.0,1.111112,1.0074095,1.0555586,0.7296313,125.55556,115.333336,140.55556,120.77778,-30.666666,45.0,-14.333333,140.55556,0.17933026,-2.3208396,2
34.0,164.0,9,0.0,0.0,0.888889,0.40368673,1.2777778,0.49065349,11.333333,9.222222,10.333334,14.444445,-6.3333335,-3.0,9.333333,14.444445,0.367923,2.291118,7
112.0,90.0,9,0.0,0.0,7.38889,6.9455557,1.2777773,0.87981415,65.18519,57.666668,79.77778,58.11111,-22.555555,43.77778,-21.222221,79.77778,0.27834544,-2.108813,4
186.0,98.0,9,0.0,0.0,1.2777783,1.1816506,5.944444,3.0798028,33.962963,31.0,41.0,29.88889,-8.888889,21.11111,-12.222222,41.0,0.2656978,-1.9603096,4
233.0,81.0,9,0.0,0.0,0.61111325,0.3296313,1.0555573,0.55185294,90.40741,75.66667,116.44444,79.111115,-44.22222,78.111115,-33.88889,116.44444,0.35003868,-2.1823301,2
121.0,82.0,9,0.0,0.0,0.555556,0.34426636,0.6111107,0.44305366,106.51852,92.888885,125.888885,100.77778,-40.88889,58.11111,-17.222221,125.888885,0.2620926,-2.3448718,2
24.0,83.0,9,0.0,0.0,2.7777774,4.918518,3.6111107,2.3740723,18.74074,19.11111,23.222221,13.888889,1.1111112,13.444445,-14.555555,23.333334,0.39992693,-1.4568193,1
107.0,210.0,9,0.0,0.0,0.9444445,0.5962963,1.8333335,0.65555495,15.111111,11.222222,14.222222,19.88889,-11.666667,-2.6666667,14.333333,19.88889,0.43576914,2.4615993,7
103.0,174.0,9,0.11111111,0.0,1.4444447,1.1674602,1.6666666,1.2649112,23.185184,20.666668,19.88889,29.0,-7.5555553,-9.888889,17.444445,29.0,0.32797024,2.0336978,7
145.0,248.0,9,0.0,0.0,2.0555553,1.7180947,2.111111,1.3770607,26.88889,23.222221,25.11111,32.333336,-11.0,-5.3333335,16.333334,32.333336,0.2916751,2.2850983,7
59.0,135.0,9,0.0,0.0,0.16666667,0.18257421,0.055555556,0.13608277,0.4814815,0.0,1.4444444,0.0,-1.4444444,2.8888888,-1.4444444,1.4444444,1.0,-2.0943952,5
45.0,205.0,9,0.0,0.0,1.9444453,2.1951118,3.333334,2.5298228,50.25926,44.88889,61.77778,44.11111,-16.11111,34.555557,-18.444445,61.77778,0.28757253,-2.0446525,6
237.0,83.0,9,0.0,0.0,0.7222223,0.41851845,5.8333335,20.922216,9.888889,6.0,17.0,6.6666665,-11.666667,21.333334,-9.666667,17.0,0.6765811,-2.1502569,5
120.0,74.0,9,0.0,0.0,0.3333346,0.08888922,0.50000125,0.07777796,101.85185,89.111115,123.22222,93.22222,-38.22222,64.111115,-25.88889,123.22222,0.2767844,-2.2205532,2
186.0,90.0,9,0.0,0.0,4.444444,1.455513,0.6666667,0.4714045,10.037037,7.5555553,15.0,7.5555553,-7.4444447,14.888889,-7.4444447,15.0,0.5339284,-2.067026,5
20.0,134.0,9,0.0,0.0,0.6666667,0.088888995,0.61111116,0.24074072,2.9629629,1.1111112,6.4444447,1.3333334,-5.5555553,10.444445,-4.888889,6.4444447,0.8292328,-2.133095,5
210.0,153.0,9,0.0,0.0,0.0,0.0,0.0,0.0,0.0,0.0,0.0,0.0,0.0,0.0,0.0,0.0,0.0,0.0,5
117.0,137.0,9,0.0,0.0,0.22222225,0.07407406,0.6666667,0.17777774,3.1111112,1.5555556,6.3333335,1.4444444,-4.6666665,9.666667,-5.0,6.3333335,0.77248675,-2.0750706,5
18.0,43.0,9,0.0,0.0,1.8888893,1.7722137,1.5555567,1.2232332,64.703705,54.88889,82.55556,56.666668,-29.444445,53.555557,-24.11111,82.55556,0.3351151,-2.1605515,4
63.0,220.0,9,0.0,0.0,3.055556,15.2629595,3.6666667,6.0888896,8.185185,6.5555553,6.4444447,11.555555,-4.888889,-5.2222223,10.111111,11.555555,0.48671728,2.0931497,7
172.0,218.0,9,0.0,0.0,2.5555556,2.42963,1.6111108,2.418518,14.925926,11.888889,13.777778,19.11111,-9.111111,-3.4444444,12.555555,19.11111,0.38645566,2.362146,7
173.0,190.0,9,0.11111111,0.0,2.3333328,2.5647182,1.5555559,1.2049291,50.444443,44.88889,62.333332,44.11111,-16.666666,35.666668,-19.0,62.333332,0.2921254,-2.048697,6
36.0,243.0,9,0.11111111,0.0,1.888889,1.8518513,2.0,0.7111104,13.333333,9.888889,12.111111,18.0,-10.333333,-3.6666667,14.0,18.0,0.4522286,2.3683105,7
174.0,188.0,9,0.0,0.0,2.8888886,2.8803291,3.6111107,2.23524,50.407406,45.444443,62.0,43.77778,-14.888889,34.77778,-19.88889,62.0,0.29399088,-1.9950715,6
39.0,124.0,9,0.0,0.11111111,5.3333335,4.774935,6.5000005,4.544838,7.5925927,4.111111,12.888889,5.7777777,-10.444445,15.888889,-5.4444447,12.888889,0.7721516,-2.2657473,3
77.0,199.0,9,0.0,0.0,2.666668,1.8618976,4.666666,3.025815,57.0,50.555557,71.0,49.444443,-19.333334,42.0,-22.666666,71.0,0.30349702,-2.0408664,6
14.0,110.0,9,0.0,0.0,1.7222224,5.3518505,2.6666667,1.0222229,17.925926,18.88889,21.444445,13.444445,2.8888888,10.555555,-13.444445,21.444445,0.36884832,-1.3450956,1
76.0,116.0,9,0.0,0.0,0.833333,0.43333372,0.16666667,0.07777769,16.851852,13.555555,23.222221,13.777778,-9.888889,19.11111,-9.222222,23.222221,0.42083883,-2.1211753,5
180.0,123.0,9,0.11111111,0.0,1.7222214,2.1074064,1.1111113,0.5185183,57.48148,52.555557,68.55556,51.333332,-14.777778,33.22222,-18.444445,68.55556,0.2511938,-2.021502,4
51.0,237.0,9,0.11111111,0.0,2.5555556,2.5356712,2.3333333,1.2292727,14.148149,11.111111,13.0,18.333334,-9.111111,-3.4444444,12.555555,18.333334,0.39798474,2.3784301,7
233.0,97.0,9,0.0,0.0,0.38888887,0.19629626,0.5555555,0.20740739,2.1111112,0.11111111,5.5555553,0.6666667,-6.0,10.333333,-4.3333335,5.5555553,0.984127,-2.1913822,3
121.0,113.0,9,0.0,0.0,1.722222,1.5296303,2.944444,1.5296295,20.25926,20.0,25.444445,15.333333,-0.7777778,15.555555,-14.777778,25.444445,0.39658895,-1.5856091,1
202.0,21.0,9,0.0,0.0,0.33333334,0.36514834,5.222221,2.613357,40.74074,37.11111,49.333332,35.77778,-10.888889,25.777779,-14.888889,49.333332,0.2745188,-1.9908056,4
198.0,148.0,9,0.11111111,0.0,1.6666666,0.84327394,1.111111,0.98130697,1.7777778,1.1111112,3.2222223,1.0,-2.0,4.3333335,-2.3333333,3.2222223,0.61296296,-2.0451503,5
11.0,108.0,9,0.0,0.0,1.3333335,0.80000025,1.3888888,0.95185167,17.666666,19.0,21.11111,12.888889,4.0,10.333333,-14.333333,21.11111,0.38875645,-1.3021333,1
139.0,95.0,9,0.0,0.0,3.6111107,2.524692,7.0555553,5.724864,46.851852,42.88889,56.333332,41.333336,-11.888889,28.444445,-16.555555,56.333332,0.2645714,-1.9708016,4
191.0,119.0,9,0.0,0.0,1.1111107,1.2938615,0.9444459,0.772202,39.851852,36.22222,48.22222,35.11111,-10.888889,25.11111,-14.222222,48.22222,0.27171725,-2.0059998,4
250.0,172.0,9,0.0,0.0,0.9444442,0.5074071,1.3333334,0.7111102,16.074074,12.333333,15.0,20.88889,-11.222222,-3.2222223,14.444445,20.88889,0.40983546,2.4177017,7
169.0,186.0,9,0.0,0.22222222,2.333334,1.659987,5.5000005,2.5188184,49.444443,44.666668,61.11111,42.555557,-14.333333,35.0,-20.666666,61.11111,0.30344796,-1.974394,6
145.0,102.0,9,0.0,0.0,0.88888866,0.6074083,2.611111,1.4851857,23.074074,22.11111,29.777779,17.333334,-2.8888888,20.11111,-17.222221,29.777779,0.41776258,-1.6854404,1
96.0,193.0,9,0.0,0.0,1.3333327,1.115547,1.8333327,1.8469193,62.703705,54.77778,78.77778,54.555557,-23.777779,48.22222,-24.444445,78.77778,0.310288,-2.0849354,6
75.0,107.0,9,0.11111111,0.0,1.1666665,0.34444454,1.7777777,1.5407407,16.703703,18.777779,19.444445,11.888889,6.2222223,8.222222,-14.444445,19.777779,0.39931142,-1.1319735,1
240.0,192.0,9,0.0,0.0,2.3888881,0.6469305,4.3888893,2.3796992,45.962963,40.555557,58.11111,39.22222,-16.222221,36.444443,-20.222221,58.11111,0.32560807,-2.0165784,6
95.0,131.0,9,0.0,0.0,0.5555555,0.162963,1.3333334,0.7111112,5.3333335,6.888889,6.111111,3.0,4.6666665,2.3333333,-7.0,7.2222223,0.5928131,-0.8507829,1
145.0,33.0,9,0.0,0.0,0.8888893,0.27216268,0.88888806,0.6206336,124.55556,113.22222,140.88889,119.55556,-34.0,49.0,-15.0,140.88889,0.19629721,-2.3335373,2
52.0,102.0,9,0.0,0.0,0.72222227,0.50740725,0.8333333,0.5666668,2.8888888,0.6666667,6.3333335,1.6666666,-6.6666665,10.333333,-3.6666667,6.3333335,0.89973545,-2.2617195,3
93.0,67.0,9,0.0,0.0,1.7222208,1.3891102,1.4999994,1.1879022,60.74074,53.0,75.888885,53.333332,-23.222221,45.444443,-22.222221,75.888885,0.303044,-2.109804,4
4.0,126.0,9,0.0,0.0,1.1666673,0.74444556,0.94444466,0.59629667,57.814816,52.333332,70.44444,50.666668,-16.444445,37.88889,-21.444445,70.44444,0.28073832,-2.0060287,4
185.0,118.0,9,0.0,0.0,14.444446,182.29631,1.1666666,1.0555547,55.074074,50.11111,66.333336,48.77778,-14.888889,33.77778,-18.88889,66.333336,0.26555753,-2.0071168,4
3.0,91.0,9,0.0,0.11111111,2.2222223,5.051852,1.0,1.9555557,5.6296296,1.8888888,10.666667,4.3333335,-11.222222,15.111111,-3.8888888,10.666667,0.82974845,-2.3839493,3
78.0,186.0,9,0.0,0.0,2.833334,2.1222198,3.5555556,4.2074056,35.296295,31.222221,43.88889,30.777779,-12.222222,25.777779,-13.555555,43.88889,0.30228558,-2.0601218,6
199.0,25.0,9,0.0,0.0,1.0,0.8444401,1.2777761,0.7740752,103.62963,89.111115,126.888885,94.888885,-43.555557,69.77778,-26.222221,126.888885,0.29752782,-2.2521007,2
186.0,12.0,9,0.0,0.0,0.44444433,0.27216548,2.3333333,1.9663839,6.259259,3.8888888,11.333333,3.5555556,-7.111111,15.222222,-8.111111,11.333333,0.6873016,-2.057978,5
158.0,154.0,9,0.0,0.0,0.9444444,1.0835471,0.2222222,0.40368667,0.6296296,0.44444445,1.2222222,0.22222222,-0.5555556,1.7777778,-1.2222222,1.2222222,0.2777778,-1.8611541,5
189.0,187.0,9,0.0,0.0,1.2222227,1.0036974,3.0555553,2.3890193,48.51852,44.11111,59.88889,41.555557,-13.222222,34.11111,-20.88889,59.88889,0.30575457,-1.9474715,6
190.0,188.0,9,0.0,0.0,2.0000007,1.5634717,2.2777774,1.7815938,49.703705,44.666668,61.77778,42.666668,-15.111111,36.22222,-21.11111,61.77778,0.30923617,-1.9845647,6
183.0,111.0,9,0.0,0.0,0.6666667,0.31111106,1.0555555,0.50740737,5.703704,6.888889,7.0,3.2222223,3.5555556,3.8888888,-7.4444447,7.3333335,0.56613755,-1.0650656,1
139.0,86.0,9,0.11111111,0.0,1.4444447,1.2740743,1.222222,1.3185184,26.481482,24.222221,35.0,20.222221,-6.7777777,25.555555,-18.777779,35.0,0.4214949,-1.8048292,1
149.0,77.0,9,0.0,0.0,2.111111,3.940742,2.4444447,6.0296316,24.481482,23.444445,31.555555,18.444445,-3.1111112,21.222221,-18.11111,31.555555,0.41573665,-1.6895405,1
152.0,98.0,9,0.0,0.0,7.0000014,3.8873014,1.0555559,0.7722023,28.777779,24.88889,37.11111,24.333334,-11.666667,25.0,-13.333333,37.11111,0.34639803,-2.0429404,4
38.0,71.0,9,0.0,0.0,0.7222214,0.49065483,0.88888806,0.72008145,122.18519,111.44444,138.33334,116.77778,-32.22222,48.444443,-16.222221,138.33334,0.19431558,-2.3012028,2
97.0,75.0,9,0.0,0.11111111,2.0000002,1.9111089,3.7777777,8.296293,24.851852,24.0,31.666666,18.88889,-2.5555556,20.444445,-17.88889,31.666666,0.40211964,-1.6527679,1
212.0,234.0,9,0.0,0.0,0.4444445,0.11851848,1.0555555,0.28518525,7.111111,6.0,4.2222223,11.111111,-3.3333333,-8.666667,12.0,11.111111,0.62132436,1.8382597,7
8.0,199.0,9,0.0,0.0,1.6666671,0.78881073,1.3888893,0.71232533,15.0,13.333333,11.777778,19.88889,-5.0,-9.666667,14.666667,19.88889,0.40888458,1.9053026,7
96.0,96.0,9,0.0,0.0,1.0,1.5111109,0.8333333,0.29999986,6.296296,2.6666667,11.888889,4.3333335,-10.888889,16.777779,-5.888889,11.888889,0.7788625,-2.2757916,3
169.0,184.0,9,0.11111111,0.0,1.2222227,0.54433143,2.4999993,1.9293057,56.25926,51.22222,69.0,48.555557,-15.111111,38.22222,-23.11111,69.0,0.2956001,-1.958014,6
196.0,129.0,9,0.0,0.0,0.83333325,0.43333334,0.6666667,0.17777774,6.3333335,7.888889,7.3333335,3.7777777,4.6666665,3.0,-7.6666665,8.222222,0.54012346,-0.9327826,1
250.0,37.0,9,0.0,0.0,0.6111107,0.24073862,1.0555534,0.95185125,95.92593,80.111115,121.111115,86.55556,-47.444443,75.55556,-28.11111,121.111115,0.3384867,-2.258443,2
226.0,110.0,9,0.0,0.0,0.33333334,0.08888887,0.49999997,0.2111111,1.6666666,0.11111111,4.4444447,0.44444445,-4.6666665,8.333333,-3.6666667,4.4444447,0.9777778,-2.1559837,3
245.0,18.0,9,0.0,0.0,1.0,1.0222217,1.1666692,0.21111068,137.88889,131.44444,147.88889,134.33334,-19.333334,30.0,-10.666667,147.88889,0.11121766,-2.27511,2
53.0,135.0,9,0.0,0.0,0.5555555,0.2074075,0.33333334,0.08888893,0.7407407,0.0,2.1111112,0.11111111,-2.2222223,4.111111,-1.8888888,2.1111112,0.8888889,-2.1374457,3
138.0,203.0,9,0.0,0.0,1.666667,1.6465453,2.2777781,1.8787308,11.259259,8.777778,8.111112,16.88889,-7.4444447,-9.444445,16.88889,16.88889,0.53894526,2.019747,7
74.0,122.0,9,0.0,0.0,1.2222222,1.2412658,1.3333331,0.6992059,16.148148,8.0,28.333334,12.111111,-24.444445,36.555557,-12.111111,28.333334,0.71822083,-2.305989,3
35.0,67.0,9,0.11111111,0.0,2.6666653,1.1352928,3.833332,1.9407902,106.07407,92.111115,125.55556,100.55556,-41.88889,58.444443,-16.555555,125.55556,0.26643977,-2.3573377,2
245.0,78.0,9,0.11111111,0.0,1.888889,1.0074077,4.0555553,5.662962,30.185184,25.11111,40.333336,25.11111,-15.222222,30.444445,-15.222222,40.333336,0.39203387,-2.0666955,4
54.0,126.0,9,0.0,0.0,0.6666666,0.31111127,0.49999997,0.16666673,1.4074074,0.0,3.6666667,0.5555556,-4.2222223,6.7777777,-2.5555556,3.6666667,1.0,-2.229939,3
70.0,60.0,9,0.0,0.0,0.94444466,1.3962969,2.166666,1.3666676,23.777779,22.444445,31.0,17.88889,-4.0,21.666666,-17.666666,31.0,0.420823,-1.7131336,1
171.0,187.0,9,0.0,0.11111111,2.9444454,1.7309813,2.6666672,2.4312778,48.37037,43.333332,60.11111,41.666668,-15.111111,35.22222,-20.11111,60.11111,0.3067255,-1.9985466,6
21.0,147.0,9,0.11111111,0.0,1.9444445,1.6185181,1.3333331,0.8444448,6.259259,5.7777777,8.444445,4.5555553,-1.4444444,6.5555553,-5.111111,8.666667,0.46406928,-1.5843413,4
8.0,39.0,9,0.11111111,0.0,1.3888906,1.129629,1.8333334,0.699999,113.37037,102.55556,132.0,105.55556,-32.444443,55.88889,-23.444445,132.0,0.22295359,-2.1981578,2
159.0,111.0,9,0.0,0.0,0.4444445,0.074074045,0.61111116,0.1518519,5.9259257,7.6666665,6.888889,3.2222223,5.2222223,2.8888888,-8.111111,7.6666665,0.5813492,-0.87266606,1
146.0,140.0,9,0.0,0.0,1.0555557,0.4629631,1.0000001,0.57777774,6.3333335,7.888889,7.3333335,3.7777777,4.6666665,3.0,-7.6666665,8.222222,0.537017,-0.9092674,1
136.0,92.0,9,0.0,0.0,8.055554,44.774082,1.0,0.17777748,15.407408,11.666667,22.666666,11.888889,-11.222222,21.777779,-10.555555,22.666666,0.53354967,-2.1132734,5
74.0,129.0,9,0.0,0.0,0.22222222,0.029629637,0.11111111,0.029629635,0.5185185,0.0,1.5555556,0.0,-1.5555556,3.1111112,-1.5555556,1.5555556,1.0,-2.0943952,3
83.0,198.0,9,0.0,0.0,2.3888886,1.4969089,4.833334,3.0092454,59.77778,53.11111,74.0,52.22222,-20.0,42.666668,-22.666666,74.0,0.2963139,-2.0505745,6
133.0,96.0,9,0.11111111,0.0,1.0000004,1.0222217,2.777778,3.3629608,21.88889,22.11111,27.333334,16.222223,0.6666667,16.333334,-17.0,27.333334,0.40645057,-1.5306859,1
211.0,154.0,9,0.0,0.0,0.11111113,0.029629631,0.38888893,0.062962964,0.25925925,0.0,0.7777778,0.0,-0.7777778,1.5555556,-0.7777778,0.7777778,0.5555556,-2.0943952,5
41.0,139.0,9,0.0,0.0,0.055555563,0.018518524,0.11111113,0.029629637,1.2962962,0.0,3.8888888,0.0,-3.8888888,7.7777777,-3.8888888,3.8888888,1.0,-2.0943952,5
185.0,186.0,9,0.0,0.0,2.1666667,1.8589127,2.9999993,1.3498974,48.22222,44.0,58.88889,41.77778,-12.666667,32.0,-19.333334,58.88889,0.29042712,-1.9560229,6
117.0,147.0,9,0.0,0.0,0.6111111,0.10740735,0.77777785,0.5629629,6.7777777,5.4444447,11.0,3.8888888,-4.0,12.666667,-8.666667,11.0,0.64367795,-1.7833879,1
163.0,177.0,9,0.11111111,0.0,1.1666673,0.7,2.5,0.7888896,24.518518,21.222221,21.444445,30.88889,-9.888889,-9.222222,19.11111,30.88889,0.3211389,2.1254158,7
94.0,127.0,9,0.0,0.0,0.77777785,0.5018486,0.77777773,0.6885305,2.7407408,0.5555556,5.5555553,2.1111112,-6.5555553,8.444445,-1.8888888,5.5555553,0.91534394,-2.4089394,3
25.0,41.0,9,0.0,0.0,1.0,0.5777743,1.4999987,0.65555346,113.40741,103.888885,131.22223,105.111115,-28.555555,53.444443,-24.88889,131.22223,0.20829348,-2.1398222,2
1.0,115.0,9,0.11111111,0.0,1.8333331,2.3888893,2.2222226,4.9629602,16.555555,15.666667,21.777779,12.222222,-2.6666667,15.666667,-13.0,21.88889,0.42553785,-1.5480099,1
234.0,110.0,9,0.0,0.0,0.8333333,0.21111107,0.5,0.56666666,1.8148148,0.11111111,4.888889,0.44444445,-5.111111,9.222222,-4.111111,4.888889,0.984127,-2.1525068,3
187.0,75.0,9,0.0,0.0,1.5555559,0.9108403,5.6666665,4.8027763,39.703705,35.77778,48.22222,35.11111,-11.777778,25.555555,-13.777778,48.22222,0.27505925,-2.036435,4
121.0,60.0,9,0.0,0.0,2.277778,2.329629,2.888889,2.8740742,26.74074,24.666666,35.22222,20.333334,-6.2222223,25.444445,-19.222221,35.22222,0.4223002,-1.776113,1
47.0,96.0,9,0.0,0.0,0.94444466,0.5741338,0.8333333,0.75277233,61.925926,54.444443,77.0,54.333332,-22.444445,45.22222,-22.777779,77.0,0.29722086,-2.0891051,4
41.0,101.0,9,0.0,0.0,1.7222214,0.9289575,2.0555542,1.5551577,64.37037,56.88889,79.44444,56.77778,-22.444445,45.22222,-22.777779,79.44444,0.28936154,-2.0895698,4
249.0,178.0,9,0.0,0.0,2.277778,1.7690756,5.2222214,4.933632,47.962963,42.666668,58.88889,42.333336,-15.888889,32.77778,-16.88889,58.88889,0.2898632,-2.102536,6
191.0,101.0,9,0.0,0.0,1.111112,0.7793635,1.1111113,1.186342,45.037037,39.0,57.11111,39.0,-18.11111,36.22222,-18.11111,57.11111,0.32273299,-2.0943027,4
249.0,200.0,9,0.0,0.0,2.5555546,2.6218467,2.5,1.2064643,45.296295,40.666668,55.77778,39.444443,-13.888889,31.444445,-17.555555,55.77778,0.29278436,-2.0166461,6
249.0,173.0,9,0.11111111,0.0,1.6666654,1.6465437,3.6111107,2.1125717,55.185184,48.555557,69.55556,47.444443,-19.88889,43.11111,-23.222221,69.55556,0.32108474,-2.0417202,6
140.0,25.0,9,0.0,0.0,0.99999875,1.4666697,1.1111107,0.118517555,128.0,117.77778,142.33334,123.888885,-30.666666,43.0,-12.333333,142.33334,0.17250364,-2.3545518,2
140.0,25.0,9,0.0,0.0,0.99999875,1.4666697,1.1111107,0.118517555,128.0,117.77778,142.33334,123.888885,-30.666666,43.0,-12.333333,142.33334,0.17250364,-2.3545518,2
161.0,73.0,9,0.0,0.0,0.8333333,0.5055238,0.61111003,0.3896817,43.851852,43.0,48.77778,39.77778,-2.5555556,14.777778,-12.222222,48.77778,0.18437627,-1.7204413,4
114.0,193.0,9,0.0,0.0,3.166666,2.4653153,4.5,2.5011096,57.814816,51.11111,72.55556,49.77778,-20.11111,44.22222,-24.11111,72.55556,0.3140923,-2.033804,6
244.0,211.0,9,0.0,0.0,1.6666666,1.3333334,2.0000002,2.311112,13.62963,10.777778,12.888889,17.222223,-8.555555,-2.2222223,10.777778,17.222223,0.3748065,2.441017,7
11.0,200.0,9,0.0,0.0,3.1666667,3.0313182,3.9444447,2.480293,53.555557,46.444443,67.333336,46.88889,-21.333334,41.333332,-20.0,67.333336,0.31303197,-2.1167326,6
103.0,39.0,9,0.0,0.0,0.49999747,0.29999694,1.1111107,0.42962748,127.51852,116.55556,142.88889,123.111115,-32.88889,46.11111,-13.222222,142.88889,0.18426341,-2.352961,2
96.0,115.0,9,0.0,0.0,0.38888893,0.15185183,0.33333334,0.17777777,6.7777777,7.7777777,8.555555,4.0,3.0,5.3333335,-8.333333,8.666667,0.53858024,-1.2103575,1
197.0,58.0,9,0.0,0.0,0.8333346,0.62360954,1.4444441,1.0036969,122.25926,110.44444,138.77779,117.55556,-35.444443,49.555557,-14.111111,138.77779,0.20414667,-2.357271,2
183.0,105.0,9,0.0,0.0,2.1111095,1.1407399,0.77777606,0.65185165,65.55556,60.0,78.77778,57.88889,-16.666666,39.666668,-23.0,78.77778,0.26498562,-1.9894751,4
176.0,118.0,9,0.0,0.0,0.38888893,0.15185189,0.7222221,0.19629624,6.0740743,7.6666665,7.0,3.5555556,4.7777777,2.7777777,-7.5555553,7.6666665,0.5376984,-0.8782905,1
254.0,159.0,9,0.0,0.0,3.5555553,7.54074,14.833333,152.7,36.62963,31.333334,46.22222,32.333336,-15.888889,28.777779,-12.888889,46.22222,0.29484537,-2.316872,6
97.0,123.0,9,0.0,0.0,1.5555553,1.0962937,13.222221,108.74074,52.814816,48.0,64.111115,46.333332,-14.444445,33.88889,-19.444445,64.111115,0.2805935,-1.9941053,4
145.0,152.0,9,0.0,0.0,0.72222203,1.1434193,2.7777774,1.1088861,25.037037,19.666668,25.777779,29.666666,-16.11111,2.2222223,13.888889,29.666666,0.337989,2.7311342,7
166.0,180.0,9,0.0,0.0,1.4444437,1.5851855,7.3333325,45.955563,31.444445,28.666666,37.77778,27.88889,-8.333333,19.0,-10.666667,37.77778,0.25295278,-2.0210319,6
120.0,227.0,9,0.0,0.0,1.4444442,1.186342,1.8888887,0.80737346,12.62963,9.444445,11.0,17.444445,-9.555555,-4.888889,14.444445,17.444445,0.45836443,2.2918468,7
52.0,66.0,9,0.11111111,0.0,1.1666654,0.2555565,1.8333346,2.122228,114.22222,106.888885,128.77779,107.0,-22.0,43.666668,-21.666666,128.77779,0.17412825,-2.0989902,2
230.0,12.0,9,0.0,0.0,0.88888806,0.27216384,1.611112,0.97562623,119.03704,107.22222,135.33334,114.55556,-35.444443,48.88889,-13.444445,135.33334,0.20767513,-2.368866,2
83.0,53.0,9,0.0,0.0,0.5555547,0.4554187,0.7222226,0.4906516,123.44444,112.333336,138.22223,119.77778,-33.333332,44.333332,-11.0,138.22223,0.18721664,-2.3932705,2
2.0,95.0,9,0.11111111,0.0,2.0555565,1.3402592,0.88889056,0.91084033,55.62963,47.444443,71.66667,47.77778,-24.555555,48.11111,-23.555555,71.66667,0.3377558,-2.1078582,4
214.0,195.0,9,0.0,0.0,0.8333333,0.6582802,2.0,0.9660913,46.555557,41.11111,57.333332,41.22222,-16.333334,32.333332,-16.0,57.333332,0.2902986,-2.1013772,6
134.0,104.0,9,0.0,0.0,2.388889,1.8407409,2.6666663,3.5555563,21.777779,20.88889,28.333334,16.11111,-2.6666667,19.666666,-17.0,28.333334,0.43039906,-1.6697525,1
231.0,49.0,9,0.0,0.0,0.555556,0.38518602,0.6666692,0.26666775,120.703705,108.111115,139.33334,114.666664,-37.77778,55.88889,-18.11111,139.33334,0.22387896,-2.3154767,2
136.0,45.0,9,0.0,0.0,1.222222,1.5444059,2.0555553,1.5263131,53.074074,48.11111,63.77778,47.333332,-14.888889,32.11111,-17.222221,63.77778,0.25936732,-2.0459049,4
180.0,186.0,9,0.11111111,0.0,1.5000013,1.7981453,1.9444441,1.7815933,49.62963,45.0,61.333332,42.555557,-13.888889,35.11111,-21.222221,61.333332,0.30616122,-1.9580852,6
99.0,198.0,9,0.0,0.0,5.055554,6.4339952,5.6666665,5.7927146,58.333332,51.88889,72.333336,50.77778,-19.333334,42.0,-22.666666,72.333336,0.29965425,-2.0358741,6
137.0,190.0,9,0.0,0.0,2.055556,0.7428677,2.277778,1.4050181,60.444443,53.444443,75.55556,52.333332,-21.0,45.333332,-24.333334,75.55556,0.30879894,-2.0436168,6
120.0,136.0,9,0.0,0.0,0.61111116,0.4185187,1.0000001,0.4444444,6.259259,7.7777777,7.2222223,3.7777777,4.5555553,2.8888888,-7.4444447,8.0,0.52954143,-0.92460656,1
7.0,114.0,9,0.0,0.0,1.1666665,0.78888893,2.1111114,1.2740738,14.518518,16.11111,17.11111,10.333334,4.7777777,7.7777777,-12.555555,17.444445,0.40864444,-1.1793475,1
187.0,180.0,9,0.0,0.0,4.055556,2.9845276,3.3333333,3.19722,62.074074,54.88889,77.55556,53.77778,-21.555555,46.444443,-24.88889,77.55556,0.30690557,-2.0441787,6
120.0,74.0,9,0.0,0.0,0.3333346,0.08888922,0.50000125,0.07777796,101.85185,89.111115,123.22222,93.22222,-38.22222,64.111115,-25.88889,123.22222,0.2767844,-2.2205532,2
151.0,114.0,9,0.0,0.0,0.6111111,0.19629627,1.0000001,0.53333306,6.2222223,7.5555553,7.4444447,3.6666667,4.0,3.6666667,-7.6666665,7.888889,0.53791887,-1.0108004,1
13.0,73.0,9,0.0,0.0,1.3888887,0.72962976,2.611111,3.1296275,19.074074,19.222221,24.11111,13.888889,0.44444445,15.111111,-15.555555,24.11111,0.42150384,-1.5242527,1
29.0,78.0,9,0.0,0.0,0.6666654,0.6992061,2.6111107,2.322991,69.74074,59.666668,88.44444,61.11111,-30.222221,56.11111,-25.88889,88.44444,0.32548746,-2.145541,4
131.0,86.0,9,0.0,0.0,1.3888893,1.2185189,1.6666673,2.5777786,24.296297,23.555555,31.333334,18.0,-2.2222223,21.11111,-18.88889,31.333334,0.42459705,-1.6508442,1
191.0,119.0,9,0.0,0.0,1.1111107,1.2938615,0.9444459,0.772202,39.851852,36.22222,48.22222,35.11111,-10.888889,25.11111,-14.222222,48.22222,0.27171725,-2.0059998,4
190.0,105.0,9,0.0,0.0,1.8888893,2.2962983,2.166666,1.6777797,45.74074,41.22222,56.333332,39.666668,-13.555555,31.777779,-18.222221,56.333332,0.29599184,-1.9960818,4
189.0,124.0,9,0.0,0.0,1.2777773,0.9518527,1.2777792,1.3518513,38.592594,35.88889,46.22222,33.666668,-8.111111,22.88889,-14.777778,46.22222,0.27147377,-1.9075019,4
105.0,111.0,9,0.0,0.0,0.3888887,0.38968194,1.0555559,0.44305268,60.185184,53.22222,74.888885,52.444443,-20.88889,44.11111,-23.222221,74.888885,0.29966387,-2.0580003,4
136.0,45.0,9,0.0,0.0,1.222222,1.5444059,2.0555553,1.5263131,53.074074,48.11111,63.77778,47.333332,-14.888889,32.11111,-17.222221,63.77778,0.25936732,-2.0459049,4
133.0,125.0,9,0.0,0.0,1.4444433,2.8296287,2.1111114,1.3185211,66.25926,61.11111,79.111115,58.555557,-15.444445,38.555557,-23.11111,79.111115,0.2598418,-1.9632003,4
163.0,68.0,9,0.0,0.0,1.833334,2.21111,1.5555559,0.96296287,56.77778,52.0,68.22222,50.11111,-14.333333,34.333332,-20.0,68.22222,0.26505277,-1.9843078,4
