134.0,148.0,9,0.0,0.0,0.11111113,0.17213261,0.055555556,0.13608277,0.037037037,0.0,0.11111111,0.0,-0.11111111,0.22222222,-0.11111111,0.11111111,0.11111111,-2.0943952,5
206.0,80.0,9,0.0,0.0,4.888889,14.829629,3.8333333,36.12222,10.037037,6.5555553,15.111111,8.444445,-10.444445,15.222222,-4.7777777,15.111111,0.59776545,-2.3262568,3
36.0,145.0,9,0.0,0.0,0.2777778,0.19629629,1.2777778,2.0629628,0.8518519,0.33333334,1.4444444,0.7777778,-1.5555556,1.7777778,-0.22222222,1.4444444,0.25185186,-2.5309503,3
7.0,90.0,9,0.0,0.0,1.2777777,0.8541836,2.4444444,2.0184336,4.6666665,2.5555556,5.7777777,5.6666665,-6.3333335,3.3333333,3.0,6.2222223,0.66534394,-3.0441751,3
17.0,110.0,9,0.11111111,0.0,1.2777778,1.2629629,2.7222223,2.9962952,3.9629629,1.4444444,6.4444447,4.0,-7.5555553,7.4444447,0.11111111,6.4444447,0.80665785,-2.6186507,3
69.0,139.0,9,0.0,0.0,2.8333328,1.7732588,2.1111112,1.6688871,18.074074,16.0,22.555555,15.666667,-6.2222223,13.444445,-7.2222223,23.88889,0.38661182,-1.7028334,3
95.0,127.0,9,0.0,0.0,0.22222222,0.07407406,0.22222222,0.02962962,0.6296296,0.0,1.8888888,0.0,-1.8888888,3.7777777,-1.8888888,1.8888888,1.0,-2.0943952,3
82.0,120.0,9,0.0,0.0,5.6666675,46.933327,5.9444447,60.06297,6.962963,3.3333333,12.777778,4.7777777,-10.888889,17.444445,-6.5555553,12.777778,0.8228925,-2.240133,3
177.0,130.0,9,0.0,0.0,0.055555552,0.13608275,0.22222225,0.27216554,1.1851852,0.6666667,2.8888888,0.0,-1.5555556,5.111111,-3.5555556,2.8888888,1.0,-1.8611541,5
249.0,154.0,9,0.0,0.11111111,4.2222223,18.162964,1.7222223,3.174073,4.296296,2.5555556,7.6666665,2.6666667,-5.2222223,10.111111,-4.888889,7.6666665,0.8153439,-2.0958126,5
252.0,137.0,9,0.0,0.0,0.88888884,0.544331,0.6111111,0.71232533,0.7407407,0.33333334,1.7777778,0.11111111,-1.2222222,3.1111112,-1.8888888,1.7777778,0.75,-2.0076063,5
27.0,112.0,9,0.0,0.0,0.22222222,0.34426522,0.11111113,0.27216557,0.14814815,0.0,0.44444445,0.0,-0.44444445,0.8888889,-0.44444445,0.44444445,0.22222222,-2.0943952,3
182.0,197.0,9,0.11111111,0.0,2.166667,0.69121456,2.3888888,1.5834798,12.851851,10.444445,12.777778,15.333333,-7.2222223,-0.22222222,7.4444447,15.333333,0.322069,2.6282077,7
155.0,68.0,9,0.0,0.0,3.4444447,3.786917,0.16666667,0.27888665,2.2962964,2.1111112,2.8888888,1.8888888,-0.5555556,1.7777778,-1.2222222,2.8888888,0.11574074,-1.8611541,5
47.0,119.0,9,0.11111111,0.0,2.2777777,2.2746592,1.3333334,1.3824296,4.3703704,2.1111112,6.7777777,4.2222223,-6.7777777,7.2222223,-0.44444445,6.7777777,0.7329263,-2.587228,3
187.0,135.0,9,0.0,0.0,3.2777777,2.4629648,0.8333337,0.47777787,26.444445,20.222221,37.0,22.11111,-18.666666,31.666666,-13.0,37.0,0.45423168,-2.2119856,5
47.0,215.0,9,0.0,0.0,3.1111114,1.7847089,3.3888893,2.4075494,17.185184,14.444445,15.666667,21.444445,-8.222222,-4.5555553,12.777778,21.444445,0.34176603,2.2660944,7
72.0,191.0,9,0.11111111,0.0,1.2777777,0.5074075,3.1111114,4.6074066,15.185185,12.111111,14.888889,18.555555,-9.222222,-0.8888889,10.111111,18.555555,0.3503698,2.545329,7
104.0,139.0,9,0.0,0.0,0.33333334,0.5163977,0.33333334,0.5163977,0.6666667,0.0,1.7777778,0.22222222,-2.0,3.3333333,-1.3333334,1.7777778,1.0,-2.1507304,3
233.0,211.0,9,0.11111111,0.0,2.6666667,6.0888896,1.6666666,1.7333333,15.444445,12.444445,15.222222,18.666668,-9.0,-0.6666667,9.666667,18.666668,0.33542147,2.5549645,7
73.0,164.0,9,0.0,0.0,0.94444436,0.5741329,1.888889,1.0470407,23.148148,21.777779,19.11111,28.555555,-4.111111,-12.111111,16.222221,28.555555,0.330345,1.7983025,7
104.0,134.0,9,0.0,0.0,0.5,0.18257418,0.8333333,0.27888662,1.7777778,0.11111111,3.8888888,1.3333334,-5.0,6.3333335,-1.3333334,3.8888888,0.9777778,-2.4225056,3
221.0,154.0,9,0.11111111,0.11111111,4.2222223,2.740737,1.2777778,0.5962961,6.4814816,4.3333335,10.777778,4.3333335,-6.4444447,12.888889,-6.4444447,10.777778,0.6248002,-2.0879846,5
223.0,185.0,9,0.0,0.0,0.5,0.34960312,2.3888886,2.0807757,12.962963,11.555555,9.777778,17.555555,-4.2222223,-9.555555,13.777778,17.555555,0.44541803,1.8388497,7
212.0,48.0,9,0.0,0.0,0.5555547,0.25185233,0.5555547,0.07407382,122.37037,112.22222,138.11111,116.77778,-30.444445,47.22222,-16.777779,138.11111,0.18736246,-2.2786043,2
149.0,163.0,9,0.0,0.0,2.6111107,12.151846,14.0,48.8889,41.666668,35.444447,51.333332,38.22222,-18.666666,29.0,-10.333333,51.333332,0.29754734,-2.384441,6
211.0,206.0,9,0.0,0.0,0.94444466,1.1296302,2.166667,1.1000005,16.074074,13.555555,14.555555,20.11111,-7.5555553,-4.5555553,12.111111,20.11111,0.3273603,2.252368,7
58.0,113.0,9,0.0,0.0,3.4444447,1.2232318,0.7222223,0.38968182,20.851852,16.88889,28.444445,17.222223,-11.888889,22.777779,-10.888889,28.444445,0.4148072,-2.1256926,5
54.0,138.0,9,0.0,0.0,0.22222221,0.29629624,0.38888893,0.4185185,0.25925925,0.0,0.6666667,0.11111111,-0.7777778,1.2222222,-0.44444445,0.6666667,0.33333334,-2.1814387,3
17.0,85.0,9,0.11111111,0.0,0.8888889,0.72008216,1.111111,0.7200825,1.7777778,0.44444445,3.4444444,1.4444444,-4.0,5.0,-1.0,3.4444444,0.912963,-2.3776238,3
87.0,196.0,9,0.11111111,0.0,1.3333321,0.8692278,2.222222,1.6688869,61.592594,55.0,75.66667,54.11111,-19.777779,42.22222,-22.444445,75.66667,0.28752622,-2.0487363,6
242.0,183.0,9,0.0,0.0,1.4999999,0.9368979,2.1666667,1.798147,15.37037,12.666667,12.444445,21.0,-8.111111,-8.777778,16.88889,21.0,0.42024404,2.0758736,7
128.0,175.0,9,0.0,0.0,2.1666667,4.2111096,2.7222214,4.3296275,23.777779,20.88889,21.777779,28.666666,-8.666667,-6.0,14.666667,28.666666,0.2849537,2.2635381,7
111.0,235.0,9,0.0,0.0,1.6111107,1.3074071,2.7222216,2.5518525,15.62963,11.777778,15.888889,19.222221,-11.555555,0.7777778,10.777778,19.222221,0.3880957,2.6707714,7
209.0,249.0,9,0.0,0.0,2.4444444,2.3851857,2.8888886,3.8074067,8.555555,8.0,7.5555553,10.111111,-1.6666666,-3.0,4.6666665,10.111111,0.30902183,1.9174206,7
100.0,111.0,9,0.0,0.0,1.6111107,0.9074074,1.6111107,0.81851804,19.925926,19.777779,24.88889,15.111111,-0.44444445,14.888889,-14.444445,24.88889,0.39170122,-1.5814401,1
98.0,104.0,9,0.0,0.0,2.2222223,3.6296306,1.4999999,1.3222224,18.703703,19.222221,23.222221,13.666667,1.5555556,13.555555,-15.111111,23.222221,0.4100093,-1.4466414,1
228.0,114.0,9,0.0,0.0,0.38888875,0.06296294,0.83333325,0.12222214,5.888889,7.0,7.4444447,3.2222223,3.3333333,4.6666665,-8.0,7.4444447,0.5674603,-1.1518371,1
10.0,196.0,9,0.0,0.0,1.2222217,1.0470414,0.9999997,0.8432735,15.333333,14.111111,11.444445,20.444445,-3.6666667,-11.666667,15.333333,20.444445,0.4405804,1.789167,7
38.0,106.0,9,0.0,0.0,2.2222223,2.5185175,2.1111114,3.1407404,20.0,20.0,25.11111,14.888889,0.0,15.333333,-15.333333,25.11111,0.40815476,-1.5576197,1
228.0,191.0,9,0.0,0.0,1.4444447,0.6206325,2.3333328,1.1925693,49.22222,44.0,60.555557,43.11111,-15.666667,34.0,-18.333334,60.555557,0.28958246,-2.040515,6
100.0,111.0,9,0.0,0.0,3.7222223,20.951847,4.111111,19.496296,4.888889,2.2222223,9.111111,3.3333333,-8.0,12.666667,-4.6666665,9.111111,0.8646644,-2.2164733,3
222.0,38.0,9,0.11111111,0.0,0.555556,0.40368736,2.1111107,0.6885298,113.48148,100.44444,131.44444,108.55556,-39.11111,53.88889,-14.777778,131.44444,0.23576024,-2.370002,2
149.0,182.0,9,0.11111111,0.0,3.1111126,3.2087827,7.0,5.6489916,39.851852,37.22222,47.333332,35.0,-7.888889,22.444445,-14.555555,47.333332,0.24779001,-1.8682772,6
151.0,138.0,9,0.0,0.0,0.44444442,0.07407406,0.44444433,0.074074075,5.4444447,7.0,6.3333335,3.0,4.6666665,2.6666667,-7.3333335,7.0,0.5674603,-0.8805207,1
247.0,159.0,9,0.0,0.0,2.5555553,5.05185,15.72222,168.95189,35.77778,30.444445,45.0,31.88889,-16.0,27.666666,-11.666667,45.444443,0.28921792,-2.5493495,6
156.0,181.0,9,0.0,0.0,0.49999985,0.34960297,1.4999999,0.50552523,11.666667,9.0,9.777778,16.222223,-8.0,-5.6666665,13.666667,16.222223,0.44597858,2.2066422,7
108.0,138.0,9,0.0,0.0,0.2777777,0.062962934,0.5,0.12222223,3.1851852,1.4444444,6.6666665,1.4444444,-5.2222223,10.444445,-5.2222223,6.6666665,0.79960316,-2.08783,5
142.0,33.0,9,0.0,0.0,0.49999872,0.62360865,0.50000125,0.3496027,110.59259,96.77778,128.66667,106.333336,-41.444443,54.22222,-12.777778,128.66667,0.24777646,-2.4080186,2
66.0,101.0,9,0.11111111,0.0,0.7222226,0.32962933,2.2222223,0.6518524,19.037037,19.666668,23.555555,13.888889,1.8888888,13.555555,-15.444445,23.555555,0.41026655,-1.4575915,1
193.0,142.0,9,0.11111111,0.0,0.38888887,0.06296293,1.7222223,0.15185216,4.814815,6.7777777,5.2222223,2.4444444,5.888889,1.2222222,-7.111111,6.7777777,0.646164,-0.675123,1
143.0,114.0,9,0.0,0.0,1.5,0.80966365,0.3888887,0.389682,27.185184,23.0,34.444447,24.11111,-12.555555,21.777779,-9.222222,34.444447,0.33188802,-2.196423,5
60.0,181.0,9,0.11111111,0.0,1.6666666,1.2000005,2.6666667,2.0888875,19.62963,17.11111,17.88889,23.88889,-7.5555553,-5.2222223,12.777778,23.88889,0.28569087,2.1891353,7
25.0,199.0,9,0.0,0.0,1.1111112,0.60740685,1.0555558,0.4629626,17.518518,13.111111,17.88889,21.555555,-13.222222,1.1111112,12.111111,21.555555,0.39300215,2.6901116,7
248.0,200.0,9,0.0,0.0,1.388888,0.9525792,1.777778,1.1674607,46.11111,41.333336,56.555557,40.444443,-14.333333,31.333334,-17.0,56.555557,0.28666258,-2.0380163,6
21.0,90.0,9,0.0,0.0,0.66666794,0.044444147,0.7777786,0.56296283,113.48148,105.888885,128.55556,106.0,-22.777779,45.22222,-22.444445,128.55556,0.17969723,-2.0978148,2
38.0,200.0,9,0.0,0.0,3.4444447,2.125681,3.4444454,1.2049289,55.962963,49.0,70.22222,48.666668,-20.88889,42.77778,-21.88889,70.22222,0.3098264,-2.080206,6
100.0,155.0,9,0.0,0.0,0.49999967,0.45946836,0.8333333,0.349603,23.333334,20.0,20.666668,29.333334,-10.0,-8.0,18.0,29.333334,0.31808975,2.1693969,7
115.0,183.0,9,0.0,0.0,0.77777797,0.38518497,1.9999996,1.4666661,18.11111,14.0,17.333334,23.0,-12.333333,-2.3333333,14.666667,23.0,0.39236423,2.4831982,7
2.0,245.0,9,0.0,0.0,1.8888888,2.162963,3.1666667,3.2777781,6.4074073,6.2222223,6.0,7.0,-0.5555556,-1.2222222,1.7777778,7.2222223,0.19104938,1.7566451,7
68.0,80.0,9,0.0,0.0,1.1666666,0.16666552,1.7222239,1.7074076,111.07407,102.888885,127.333336,103.0,-24.555555,48.77778,-24.222221,127.333336,0.19805206,-2.0986974,2
45.0,126.0,9,0.0,0.0,7.0,3.870114,2.5555556,1.7971169,10.185185,4.888889,17.222223,8.444445,-15.888889,21.11111,-5.2222223,17.222223,0.7364309,-2.4498394,3
179.0,101.0,9,0.0,0.0,0.44444785,0.3851871,0.61110944,0.32963282,134.92592,126.44444,147.22223,131.11111,-25.444445,36.88889,-11.444445,147.22223,0.14110672,-2.3287346,2
176.0,132.0,9,0.0,0.0,0.5,0.12222223,0.9444444,0.3296295,5.740741,7.4444447,6.2222223,3.5555556,5.111111,1.4444444,-6.5555553,7.5555553,0.5299824,-0.72601837,1
78.0,99.0,9,0.0,0.0,1.611111,8.018518,3.0555553,14.7740755,4.148148,1.1111112,9.0,2.3333335,-9.111111,14.555555,-5.4444447,9.0,0.91089994,-2.2556732,3
9.0,80.0,9,0.0,0.0,2.9444444,13.751853,16.666666,71.5111,23.62963,17.333334,31.666666,21.88889,-18.88889,24.11111,-5.2222223,31.666666,0.5142537,-2.4315135,3
23.0,55.0,9,0.0,0.0,2.2222216,3.6740727,1.7777773,0.7851852,23.444445,21.666666,31.11111,17.555555,-5.3333335,23.0,-17.666666,31.11111,0.43507022,-1.7711632,1
204.0,25.0,9,0.0,0.0,0.6111107,0.32962787,0.8333333,0.47777545,102.48148,88.0,125.666664,93.77778,-43.444443,69.55556,-26.11111,125.666664,0.29958275,-2.253408,2
124.0,191.0,9,0.0,0.0,3.5000007,2.7386136,3.277778,2.8001328,59.74074,52.88889,74.77778,51.555557,-20.555555,45.11111,-24.555555,74.77778,0.31361094,-2.03548,6
200.0,31.0,9,0.0,0.0,2.111111,1.223232,5.055555,2.678447,11.259259,8.333334,16.555555,8.888889,-8.777778,15.888889,-7.111111,16.555555,0.5009438,-2.1719491,5
6.0,217.0,9,0.0,0.0,2.111111,5.0962963,3.944444,12.50741,14.555555,11.444445,13.333333,18.88889,-9.333333,-3.6666667,13.0,18.88889,0.39533988,2.3638706,7
78.0,108.0,9,0.0,0.0,0.8333335,0.43333328,1.6111107,1.1740738,17.11111,19.0,19.88889,12.444445,5.6666665,8.333333,-14.0,20.0,0.37883934,-1.1695169,1
80.0,83.0,9,0.11111111,0.0,1.6666666,1.7777802,1.5000013,0.5666662,49.444443,45.666668,58.666668,44.0,-11.333333,27.666666,-16.333334,58.666668,0.24967904,-1.9736155,4
226.0,233.0,9,0.0,0.0,2.7777774,1.3185201,1.777778,1.0962962,11.703704,8.333334,11.0,15.777778,-10.111111,-2.1111112,12.222222,15.777778,0.47394413,2.476615,7
18.0,66.0,9,0.0,0.0,8.666665,9.089677,10.944443,5.289054,39.88889,32.333336,49.555557,37.77778,-22.666666,29.0,-6.3333335,49.555557,0.3501687,-2.43063,3
205.0,190.0,9,0.0,0.0,1.2777773,0.9981452,1.6111107,1.1238158,49.48148,44.77778,60.666668,43.0,-14.111111,33.555557,-19.444445,60.666668,0.29078844,-1.9875989,6
88.0,211.0,9,0.22222222,0.0,1.388889,0.87981474,2.4444444,1.4555134,10.814815,8.888889,7.6666665,15.888889,-5.7777777,-9.444445,15.222222,15.888889,0.52432793,1.9408315,7
141.0,62.0,9,0.0,0.0,1.888889,2.118518,3.3888886,6.3740745,27.37037,23.777779,37.666668,20.666668,-10.777778,30.88889,-20.11111,37.666668,0.4503053,-1.8884078,1
169.0,102.0,9,0.0,0.0,1.0,0.35555485,0.8888893,0.2962955,58.22222,53.444443,69.66667,51.555557,-14.333333,34.333332,-20.0,69.66667,0.25975996,-1.9855843,4
135.0,185.0,9,0.11111111,0.0,2.2222214,2.8100352,2.2777793,1.2895584,47.962963,44.11111,57.333332,42.444443,-11.555555,28.11111,-16.555555,57.333332,0.2591888,-1.9820988,6
4.0,208.0,9,0.11111111,0.0,2.3333333,1.7638342,2.4444444,1.6953101,14.777778,12.111111,12.222222,20.0,-8.0,-7.6666665,15.666667,20.0,0.42939755,2.1126173,7
238.0,59.0,9,0.0,0.0,0.8333346,0.45946616,1.0555559,0.68041223,121.703705,109.22222,139.0,116.888885,-37.444443,51.88889,-14.444445,139.0,0.21420376,-2.3642159,2
149.0,64.0,9,0.0,0.0,1.4999996,1.1444446,1.3888887,0.46296337,24.074074,22.666666,31.88889,17.666668,-4.2222223,23.444445,-19.222221,31.88889,0.4463545,-1.7248944,1
233.0,154.0,9,0.0,0.0,3.7222223,11.618519,0.66666603,0.577778,33.0,25.11111,46.555557,27.333334,-23.666666,40.666668,-17.0,46.555557,0.45878506,-2.2026498,4
165.0,99.0,9,0.0,0.0,0.88889056,0.47407392,0.7777786,0.47407353,93.40741,79.0,118.0,83.22222,-43.22222,73.77778,-30.555555,118.0,0.33041757,-2.2077565,2
223.0,190.0,9,0.0,0.0,1.9999994,1.0327959,2.055556,1.4669192,46.88889,42.0,57.77778,40.88889,-14.666667,32.666668,-18.0,57.77778,0.29222646,-2.0251334,6
38.0,103.0,9,0.0,0.0,0.8888893,1.051852,1.9444447,1.3962961,58.185184,53.333332,69.55556,51.666668,-14.555555,34.11111,-19.555555,69.55556,0.2570141,-1.9975892,4
215.0,123.0,9,0.0,0.0,0.33333334,0.13333334,0.6666667,0.0444444,1.3703704,0.0,3.7777777,0.33333334,-4.111111,7.2222223,-3.1111112,3.7777777,1.0,-2.1698651,3
58.0,124.0,9,0.11111111,0.0,1.111111,1.140741,0.5555556,0.47407404,1.1481482,0.11111111,2.7777777,0.5555556,-3.1111112,4.888889,-1.7777778,2.7777777,0.984127,-2.1812904,3
35.0,132.0,9,0.0,0.0,0.49999985,0.07777789,0.22222216,0.16296294,5.3703704,7.111111,6.111111,2.8888888,5.2222223,2.2222223,-7.4444447,7.111111,0.59325397,-0.8083832,1
189.0,187.0,9,0.0,0.0,1.2222227,1.0036974,3.0555553,2.3890193,48.51852,44.11111,59.88889,41.555557,-13.222222,34.11111,-20.88889,59.88889,0.30575457,-1.9474715,6
198.0,185.0,9,0.0,0.0,1.3333346,1.2292717,2.5,1.656637,50.22222,45.444443,61.333332,43.88889,-14.333333,33.333332,-19.0,61.333332,0.28555444,-2.0071752,6
147.0,182.0,9,0.0,0.0,2.2777786,1.7051128,2.9444447,1.5974519,43.592594,40.333336,52.555557,37.88889,-9.777778,26.88889,-17.11111,52.555557,0.27866945,-1.9191672,6
91.0,19.0,9,0.0,0.0,1.0000013,0.760118,1.4444466,0.7793644,126.666664,115.44444,142.44444,122.111115,-33.666668,47.333332,-13.666667,142.44444,0.18952668,-2.3528337,2
155.0,27.0,9,0.0,0.0,1.0555573,0.24073716,1.4444453,0.25185013,137.51852,132.55556,146.55556,133.44444,-14.888889,27.11111,-12.222222,146.55556,0.09847229,-2.146716,2
42.0,63.0,9,0.11111111,0.0,1.5000004,1.0999995,1.9444441,2.462962,22.37037,20.333334,29.666666,17.11111,-6.111111,21.88889,-15.777778,29.666666,0.42265132,-1.8138857,1
58.0,217.0,9,0.0,0.0,1.3888888,1.06284,1.6666665,1.3498971,11.925926,9.777778,9.0,17.0,-6.4444447,-8.777778,15.222222,17.0,0.48659843,2.0066419,7
124.0,29.0,9,0.0,0.0,1.0000013,0.7111076,1.0555534,0.90741664,128.44444,119.22222,142.88889,123.22222,-27.666666,43.333332,-15.666667,142.88889,0.16561614,-2.271128,2
189.0,144.0,9,0.0,0.0,0.0,0.0,0.0,0.0,0.0,0.0,0.0,0.0,0.0,0.0,0.0,0.0,0.0,0.0,5
212.0,152.0,9,0.0,0.0,5.0,7.6444416,2.3888886,3.2629645,26.555555,20.333334,37.666668,21.666666,-18.666666,33.333332,-14.666667,37.666668,0.46343043,-2.1657314,4
221.0,50.0,9,0.0,0.0,0.44444528,0.5443321,1.4444441,0.6885326,122.07407,109.888885,139.77779,116.55556,-36.555557,53.11111,-16.555555,139.77779,0.21380861,-2.3256788,2
227.0,196.0,9,0.0,0.0,2.6111114,2.360949,3.5555565,1.6953094,47.185184,42.11111,58.22222,41.22222,-15.222222,33.11111,-17.88889,58.22222,0.2924689,-2.0394914,6
160.0,110.0,9,0.0,0.0,0.833333,0.6912145,0.4444437,0.2721654,31.62963,27.222221,39.333336,28.333334,-13.222222,23.11111,-9.888889,39.333336,0.3074441,-2.1872416,5
196.0,124.0,9,0.0,0.0,0.22222209,0.029629592,0.8333332,0.38888887,6.2222223,7.5555553,7.4444447,3.6666667,4.0,3.6666667,-7.6666665,8.0,0.5421076,-1.0114845,1
224.0,63.0,9,0.0,0.0,0.77777606,0.29629365,0.66666794,0.17777742,120.22222,108.44444,137.55556,114.666664,-35.333332,52.0,-16.666666,137.55556,0.21148404,-2.3158848,2
226.0,131.0,9,0.0,0.0,0.0,0.0,0.0,0.0,0.0,0.0,0.0,0.0,0.0,0.0,0.0,0.0,0.0,0.0,5
178.0,138.0,9,0.0,0.0,0.11111108,0.17213255,0.05555554,0.13608274,1.3703704,1.0,3.1111112,0.0,-1.1111112,5.2222223,-4.111111,3.1111112,1.0,-1.755017,5
234.0,164.0,9,0.0,0.0,0.5000002,0.2111112,3.0,8.04445,13.666667,11.666667,15.0,14.333333,-6.0,4.0,2.0,16.88889,0.29914993,2.87512,7
88.0,180.0,9,0.0,0.0,1.4999994,0.93689823,3.833332,2.888675,50.407406,45.22222,62.333332,43.666668,-15.555555,35.77778,-20.222221,62.333332,0.3009182,-2.0087192,6
174.0,178.0,9,0.0,0.0,1.388889,2.6851842,5.0,10.4,19.555555,17.0,18.11111,23.555555,-7.6666665,-4.3333335,12.0,23.555555,0.29896173,2.2741275,7
250.0,196.0,9,0.0,0.0,1.4999994,1.5018506,2.2777767,1.2186811,47.77778,42.666668,58.77778,41.88889,-15.333333,33.0,-17.666666,58.77778,0.28913772,-2.0459957,6
214.0,79.0,9,0.0,0.0,1.2777778,0.86296296,1.3333334,0.53333336,4.851852,2.0,9.222222,3.3333333,-8.555555,13.111111,-4.5555553,9.222222,0.7916667,-2.2889814,3
210.0,47.0,9,0.0,0.0,0.5,0.21111278,0.6666667,0.4888892,97.111115,82.55556,121.44444,87.333336,-43.666668,73.0,-29.333334,121.44444,0.32009703,-2.2232175,2
84.0,51.0,9,0.0,0.0,1.7777777,1.6296308,2.6666672,0.88888854,25.74074,22.666666,35.11111,19.444445,-9.222222,28.11111,-18.88889,35.11111,0.44611752,-1.8730317,1
155.0,138.0,9,0.0,0.0,2.0000012,0.66666055,1.0555534,0.41852024,69.48148,63.88889,82.55556,62.0,-16.777779,39.22222,-22.444445,82.55556,0.24899773,-1.9990451,4
121.0,123.0,9,0.0,0.0,1.5555553,2.4740744,0.8888888,1.0962967,6.962963,7.888889,8.444445,4.5555553,2.7777777,4.4444447,-7.2222223,8.444445,0.475,-1.1806802,1
181.0,115.0,9,0.0,0.0,0.22222392,0.029630082,1.4444453,1.2296361,132.77777,123.22222,145.33334,129.77779,-28.666666,37.666668,-9.0,145.33334,0.15213422,-2.4054766,2
47.0,89.0,9,0.0,0.0,0.55555564,0.17213255,3.611111,3.83792,14.222222,10.222222,22.11111,10.333334,-12.0,23.666666,-11.666667,22.11111,0.5488248,-2.1073112,5
217.0,115.0,9,0.0,0.0,1.1666666,0.34444454,0.5555555,0.38518524,1.8888888,0.22222222,4.666667,0.7777778,-5.0,8.333333,-3.3333333,4.666667,0.962963,-2.2166038,3
97.0,123.0,9,0.0,0.0,0.38888887,0.01851856,0.16666666,0.077777766,1.1481482,0.0,3.4444444,0.0,-3.4444444,6.888889,-3.4444444,3.4444444,1.0,-2.0943952,3
134.0,54.0,9,0.0,0.0,0.61111194,0.64693147,1.2222214,1.0036972,124.37037,112.666664,141.33334,119.111115,-35.11111,50.88889,-15.777778,141.33334,0.2027078,-2.3286614,2
142.0,111.0,9,0.0,0.0,1.1111113,0.45541987,0.55555534,0.34426492,28.74074,24.555555,35.88889,25.777779,-12.555555,21.444445,-8.888889,35.88889,0.31548372,-2.2026672,5
11.0,50.0,9,0.11111111,0.0,1.7777773,1.0036945,1.111112,0.9108403,109.25926,93.888885,130.33334,103.55556,-46.11111,63.22222,-17.11111,130.33334,0.27970007,-2.3720198,2
217.0,145.0,9,0.0,0.0,0.5555556,0.16296291,0.72222215,0.06296298,5.296296,6.3333335,6.5555553,3.0,3.1111112,3.7777777,-6.888889,7.0,0.56415343,-1.0689679,1
72.0,235.0,9,0.11111111,0.0,2.8333328,1.7480147,5.277778,3.1369953,15.074074,12.0,15.0,18.222221,-9.222222,-0.22222222,9.444445,18.222221,0.34748083,2.5860178,7
247.0,50.0,9,0.0,0.0,0.44444275,0.27216637,0.7777786,0.34426397,121.18519,109.22222,138.88889,115.44444,-35.88889,53.11111,-17.222221,138.88889,0.21353829,-2.3123052,2
248.0,149.0,9,0.0,0.0,1.166667,0.78888947,1.0555553,0.6407406,19.0,14.444445,19.777779,22.777779,-13.666667,2.3333333,11.333333,22.777779,0.36371678,2.7416468,7
151.0,101.0,9,0.0,0.0,9.611111,6.5367904,0.5,0.34960347,31.185184,27.222221,39.444443,26.88889,-11.888889,24.777779,-12.888889,39.444443,0.32728764,-2.05839,4
153.0,208.0,9,0.0,0.0,2.4444444,2.429628,1.9444442,3.0851858,16.851852,13.0,16.0,21.555555,-11.555555,-2.5555556,14.111111,21.555555,0.3969092,2.4832914,7
44.0,79.0,9,0.0,0.0,0.44444403,0.34426486,0.7777786,0.4036864,107.74074,93.888885,126.55556,102.77778,-41.555557,56.444443,-14.888889,126.55556,0.2580791,-2.3779652,2
215.0,89.0,9,0.22222222,0.0,1.888889,1.5869839,2.3333328,1.7256241,18.037037,14.444445,25.11111,14.555555,-10.777778,21.222221,-10.444445,25.11111,0.43137968,-2.102295,5
226.0,90.0,9,0.0,0.0,0.77777773,0.62063277,0.38888884,0.2509243,7.185185,5.111111,12.111111,4.3333335,-6.2222223,14.777778,-8.555555,12.111111,0.6410182,-1.9895461,5
101.0,121.0,9,0.11111111,0.0,0.6666667,0.843274,1.5,0.88819396,3.4074075,1.1111112,6.0,3.1111112,-6.888889,7.7777777,-0.8888889,6.0,0.8435185,-2.5191648,3
226.0,176.0,9,0.0,0.0,3.0555546,3.2756119,2.3888893,2.870668,56.925926,50.444443,71.44444,48.88889,-19.444445,43.555557,-24.11111,71.44444,0.3158616,-2.0217843,6
159.0,138.0,9,0.0,0.0,0.16666667,0.16666667,0.3333334,0.13333334,2.6666667,1.1111112,5.888889,1.0,-4.6666665,9.666667,-5.0,5.888889,0.82685184,-2.0778158,5
242.0,81.0,9,0.0,0.0,1.5,1.1444466,1.2222227,0.7407415,38.25926,34.555557,47.22222,33.0,-11.111111,26.88889,-15.777778,47.22222,0.30079645,-1.9845657,4
96.0,196.0,9,0.0,0.0,3.4999988,1.2605116,7.3888893,3.6782641,63.51852,56.0,79.111115,55.444443,-22.555555,46.77778,-24.222221,79.111115,0.30158615,-2.0704408,6
13.0,142.0,9,0.0,0.0,0.38888884,0.06296298,1.2777777,0.15185152,4.5925927,6.2222223,5.2222223,2.3333335,4.888889,1.8888888,-6.7777777,6.3333335,0.6301587,-0.7763336,1
88.0,71.0,9,0.11111111,0.11111111,1.4444447,0.785185,4.5,5.677779,22.333334,21.777779,28.555555,16.666668,-1.6666666,18.666666,-17.0,28.555555,0.41629943,-1.6368634,1
140.0,125.0,9,0.0,0.0,0.66666657,0.22222227,2.6666667,3.7777781,3.925926,1.5555556,7.7777777,2.4444444,-7.111111,11.555555,-4.4444447,7.7777777,0.85319865,-2.2342408,3
194.0,57.0,9,0.0,0.0,0.61110944,0.41851488,1.1666666,0.38889033,135.96297,129.88889,146.22223,131.77779,-18.222221,30.777779,-12.555555,146.22223,0.11169542,-2.215046,2
68.0,117.0,9,0.0,0.0,0.44444433,0.20740744,1.611111,2.1518512,19.88889,20.666668,24.11111,14.888889,2.3333333,12.666667,-15.0,24.11111,0.38127685,-1.4200875,1
120.0,102.0,9,0.0,0.0,0.77777797,0.16296387,0.6666667,0.177779,63.48148,56.77778,77.111115,56.555557,-20.11111,40.88889,-20.777779,77.111115,0.26937962,-2.0830433,4
162.0,237.0,9,0.11111111,0.0,2.2777777,1.1434193,2.6666667,2.564718,13.222222,10.888889,10.0,18.777779,-7.0,-9.666667,16.666666,18.777779,0.47282594,1.9903806,7
40.0,142.0,9,0.0,0.0,0.27777782,0.1360828,0.22222225,0.17213261,1.2222222,0.11111111,3.5555556,0.0,-3.3333333,7.0,-3.6666667,3.5555556,1.0,-2.0561552,5
135.0,104.0,9,0.0,0.0,0.94444466,0.10740852,1.9999994,0.7111114,63.62963,58.22222,76.55556,56.11111,-16.222221,38.77778,-22.555555,76.55556,0.26721877,-1.986567,4
97.0,46.0,9,0.0,0.0,1.6666673,1.6193271,2.2222207,1.4089662,62.333332,53.22222,79.111115,54.666668,-27.333334,50.333332,-23.0,79.111115,0.32671866,-2.1523037,4
124.0,201.0,9,0.0,0.0,1.944445,1.9597805,2.0555556,1.306678,17.88889,14.0,14.888889,24.777779,-11.666667,-9.0,20.666666,24.777779,0.43971756,2.1769927,7
221.0,111.0,9,0.0,0.0,0.6111111,0.24074069,0.38888887,0.24074073,1.3333334,0.0,4.0,0.0,-4.0,8.0,-4.0,4.0,1.0,-2.0943952,3
177.0,76.0,9,0.0,0.0,1.3888893,1.3567389,15.0,11.481388,29.814816,28.666666,33.444447,27.333334,-3.4444444,10.888889,-7.4444447,33.444447,0.20066153,-1.9036244,4
102.0,203.0,9,0.0,0.0,0.6666665,0.760117,1.3333331,0.8944272,9.777778,7.4444447,6.4444447,15.444445,-7.0,-10.0,17.0,15.444445,0.5918262,1.9847853,7
61.0,92.0,9,0.0,0.0,1.2777777,1.0628407,0.55555534,0.6206325,17.25926,12.888889,25.777779,13.111111,-13.111111,25.555555,-12.444445,25.777779,0.49969473,-2.11184,5
66.0,41.0,9,0.0,0.0,0.61111194,0.32773077,0.38889185,0.32773316,109.703705,95.111115,128.88889,105.111115,-43.77778,57.555557,-13.777778,128.88889,0.26204562,-2.404745,2
204.0,156.0,9,0.0,0.0,0.5000003,0.27888626,1.9999996,0.55777323,23.703703,17.333334,25.444445,28.333334,-19.11111,5.2222223,13.888889,28.333334,0.38903406,2.8649306,7
59.0,87.0,9,0.0,0.11111111,11.166667,84.87777,13.222221,70.02964,17.11111,12.222222,23.444445,15.666667,-14.666667,19.0,-4.3333335,23.444445,0.65204316,-2.4180744,3
109.0,126.0,9,0.0,0.0,0.8333332,0.21111107,0.66666657,0.35555547,7.296296,8.777778,8.222222,4.888889,4.4444447,2.7777777,-7.2222223,8.888889,0.45030865,-0.91367507,1
113.0,96.0,9,0.0,0.0,0.9444445,0.50740725,1.1111112,0.34074047,3.8148148,1.1111112,8.555555,1.7777778,-8.111111,14.222222,-6.111111,8.555555,0.87222224,-2.1862345,3
190.0,105.0,9,0.0,0.0,1.8888893,2.2962983,2.166666,1.6777797,45.74074,41.22222,56.333332,39.666668,-13.555555,31.777779,-18.222221,56.333332,0.29599184,-1.9960818,4
28.0,112.0,9,0.0,0.0,0.72222215,0.41851833,0.5555555,0.16296297,5.9259257,7.111111,7.2222223,3.4444444,3.5555556,3.8888888,-7.4444447,7.5555553,0.5440917,-1.0582771,1
231.0,91.0,9,0.0,0.0,0.4999999,0.27888656,0.5555554,0.17213255,6.0,4.5555553,9.777778,3.6666667,-4.3333335,11.333333,-7.0,9.777778,0.62065095,-1.9349097,5
10.0,112.0,9,0.0,0.0,0.33333334,0.42163706,0.50000006,0.1825741,0.44444445,0.0,1.2222222,0.11111111,-1.3333334,2.3333333,-1.0,1.2222222,0.6666667,-2.1519136,3
117.0,44.0,9,0.0,0.0,1.2777786,0.24074224,1.3333334,0.31110993,106.0,93.0,126.77778,98.22222,-39.0,62.333332,-23.333334,126.77778,0.26639053,-2.2555773,2
103.0,125.0,9,0.0,0.0,0.9444445,0.82775915,0.83333343,0.6912146,1.7777778,0.44444445,3.8888888,1.0,-4.0,6.3333335,-2.3333333,3.8888888,0.9238095,-2.2375617,3
188.0,182.0,9,0.0,0.0,1.611112,0.7428682,4.166666,2.1265519,58.0,51.88889,72.44444,49.666668,-18.333334,43.333332,-25.0,72.44444,0.31428084,-1.99159,6
194.0,118.0,9,0.0,0.0,0.4444445,0.11851848,0.4444445,0.16296297,6.259259,7.5555553,7.6666665,3.5555556,3.8888888,4.2222223,-8.111111,7.7777777,0.5438712,-1.0761977,1
49.0,116.0,9,0.0,0.0,1.3333334,0.31111145,2.111111,1.3185191,3.0,0.8888889,6.0,2.1111112,-6.3333335,9.0,-2.6666667,6.0,0.8755291,-2.3130133,3
7.0,48.0,9,0.0,0.0,0.6111107,0.10740732,1.3333308,0.35555676,115.77778,107.44444,132.44444,107.44444,-25.0,50.0,-25.0,132.44444,0.1971141,-2.0905566,2
99.0,156.0,9,0.0,0.0,2.0555556,2.6407394,2.5,5.1888895,21.0,16.777779,29.222221,17.0,-12.666667,24.666666,-12.0,29.222221,0.4313206,-2.1093647,4
78.0,69.0,9,0.0,0.0,1.4999996,1.1444438,1.6111107,1.4407405,24.333334,22.0,32.555557,18.444445,-7.0,24.666666,-17.666666,32.555557,0.4315472,-1.8112034,1
79.0,48.0,9,0.0,0.0,1.0555534,0.9962996,0.99999875,0.35555598,107.888885,94.77778,129.11111,99.77778,-39.333332,63.666668,-24.333334,129.11111,0.26589924,-2.2470357,2
61.0,202.0,9,0.0,0.0,2.2777774,1.8787305,1.8888887,1.0036967,61.62963,55.0,76.0,53.88889,-19.88889,43.11111,-23.222221,76.0,0.29352704,-2.0435379,6
96.0,80.0,9,0.11111111,0.0,1.5555557,4.162963,2.5000002,1.9,26.0,24.0,34.444447,19.555555,-6.0,25.333334,-19.333334,34.444447,0.4324709,-1.7735944,1
56.0,140.0,9,0.0,0.0,0.9444444,0.46296272,0.27777776,0.06296294,5.5555553,3.6666667,9.444445,3.5555556,-5.6666665,11.666667,-6.0,9.444445,0.6392537,-2.0722682,5
40.0,57.0,9,0.0,0.0,1.1666654,0.72265136,1.3888906,0.8004639,123.55556,112.22222,139.0,119.44444,-34.0,46.333332,-12.333333,139.0,0.1924883,-2.376054,2
205.0,83.0,9,0.0,0.0,24.555555,688.0741,8.333333,121.24443,23.296297,19.777779,28.555555,21.555555,-10.555555,15.777778,-5.2222223,28.555555,0.5041609,-2.3213427,3
186.0,218.0,9,0.0,0.0,1.1666666,0.74444425,1.1666665,0.65555507,13.703704,10.666667,12.666667,17.777779,-9.111111,-3.1111112,12.222222,17.777779,0.40134683,2.3826835,7
77.0,186.0,9,0.0,0.0,1.9999996,2.6666656,2.333333,3.5555558,34.962963,31.11111,43.444443,30.333334,-11.555555,25.444445,-13.888889,43.444443,0.3033766,-2.0366416,6
179.0,69.0,9,0.0,0.0,0.72222203,0.4906537,0.944444,0.7428667,40.666668,40.88889,44.555557,36.555557,0.6666667,11.666667,-12.333333,44.555557,0.17869009,-1.5187606,4
101.0,197.0,9,0.0,0.0,3.5555553,7.54074,4.9444447,6.418518,21.25926,17.444445,18.777779,27.555555,-11.444445,-7.4444447,18.88889,27.555555,0.39488608,2.2430942,7
244.0,134.0,9,0.11111111,0.0,2.1111126,1.1287498,1.0000006,0.7302964,44.703705,37.11111,58.22222,38.77778,-22.777779,40.555557,-17.777779,58.22222,0.36128438,-2.1753492,4
5.0,101.0,9,0.0,0.0,2.3333333,2.3111115,1.7777777,0.60740685,16.925926,18.333334,19.88889,12.555555,4.2222223,8.888889,-13.111111,20.222221,0.3768521,-1.2111098,1
70.0,44.0,9,0.0,0.11111111,2.444444,2.0940828,2.3333333,2.139576,122.59259,112.0,136.88889,118.888885,-31.777779,42.88889,-11.111111,136.88889,0.1818206,-2.3846567,2
177.0,126.0,9,0.0,0.0,0.44444442,0.11851859,0.6111111,0.41851866,5.4074073,7.6666665,5.6666665,2.8888888,6.7777777,0.7777778,-7.5555553,7.6666665,0.6230159,-0.6128861,1
67.0,32.0,9,0.0,0.0,0.944444,1.0628421,1.7777786,1.3109215,126.22222,115.111115,142.22223,121.333336,-33.333332,48.0,-14.666667,142.22223,0.19062504,-2.333746,2
224.0,124.0,9,0.0,0.0,3.1666667,9.544442,7.388889,70.1963,43.148148,39.22222,52.666668,37.555557,-11.777778,28.555555,-16.777779,52.666668,0.2909818,-1.9809769,4
103.0,64.0,9,0.0,0.0,0.6666667,0.6992054,1.3333308,0.91893595,108.77778,96.333336,126.22222,103.77778,-37.333332,52.333332,-15.0,126.22222,0.2367968,-2.3554425,2
214.0,161.0,9,0.0,0.0,3.7222223,0.72963357,11.5,18.922234,40.444443,35.333336,49.666668,36.333336,-15.333333,27.666666,-12.333333,49.666668,0.29805613,-2.198939,6
205.0,82.0,9,0.0,0.0,1.222222,1.1482675,2.5,2.1679482,15.222222,11.888889,21.666666,12.111111,-10.0,19.333334,-9.333333,21.666666,0.45815158,-2.1027224,5
145.0,163.0,9,0.0,0.0,3.1111114,13.496301,18.666666,27.244467,39.444443,34.0,47.77778,36.555557,-16.333334,25.0,-8.666667,48.11111,0.28153613,-2.4253242,6
8.0,93.0,9,0.0,0.0,0.8333333,0.45946798,1.0555559,0.9289585,19.88889,15.111111,28.88889,15.666667,-14.333333,27.0,-12.666667,28.88889,0.48024568,-2.1362147,5
217.0,77.0,9,0.0,0.0,1.5555553,2.74074,1.6666666,0.53333336,40.22222,37.22222,48.22222,35.22222,-9.0,24.0,-15.0,48.22222,0.26919183,-1.9320657,4
55.0,145.0,9,0.0,0.0,5.0555553,2.9770727,1.0,0.4216377,26.777779,24.222221,33.333336,22.777779,-7.6666665,19.666666,-12.0,33.333336,0.31533822,-1.934686,4
237.0,191.0,9,0.0,0.0,1.0,0.31111106,1.5,1.0111109,7.3333335,5.3333335,5.4444447,11.222222,-6.0,-5.6666665,11.666667,11.222222,0.5358197,2.1224225,7
37.0,189.0,9,0.0,0.0,1.3888893,1.4851844,5.722223,23.885176,30.0,27.11111,36.333336,26.555555,-8.666667,19.0,-10.333333,36.333336,0.26524833,-2.050282,6
75.0,226.0,9,0.0,0.0,2.2222226,0.6554613,1.611111,1.0201668,16.703703,15.333333,13.0,21.777779,-4.111111,-11.111111,15.222222,21.777779,0.40474883,1.8223403,7
16.0,128.0,9,0.0,0.0,0.5,0.077777766,0.66666675,0.31111118,5.5555553,6.888889,6.6666665,3.1111112,4.0,3.3333333,-7.3333335,7.111111,0.56150794,-0.98581076,1
208.0,240.0,9,0.11111111,0.0,1.0555557,0.86296326,2.4444444,5.007407,14.148149,10.888889,13.0,18.555555,-9.777778,-3.4444444,13.222222,18.555555,0.42162097,2.3924873,7
217.0,80.0,9,0.0,0.0,0.5555555,0.5837303,2.7777777,0.72008204,15.851851,11.888889,23.222221,12.444445,-11.888889,22.11111,-10.222222,23.222221,0.48998156,-2.142269,5
217.0,45.0,9,0.11111111,0.0,0.88888806,0.20740764,1.5555573,0.8296282,121.51852,111.111115,137.33334,116.111115,-31.222221,47.444443,-16.222221,137.33334,0.19091243,-2.292668,2
223.0,62.0,9,0.0,0.0,0.3333334,0.29814243,0.44444442,0.50184846,6.4444447,4.111111,11.444445,3.7777777,-7.0,15.0,-8.0,11.444445,0.6703704,-2.0487173,5
195.0,136.0,9,0.0,0.0,1.1666666,0.52222216,1.1666667,0.47777748,2.4444444,0.6666667,5.7777777,0.8888889,-5.3333335,10.0,-4.6666665,5.7777777,0.9111552,-2.1303394,5
66.0,41.0,9,0.0,0.0,0.61111194,0.32773077,0.38889185,0.32773316,109.703705,95.111115,128.88889,105.111115,-43.77778,57.555557,-13.777778,128.88889,0.26204562,-2.404745,2
73.0,103.0,9,0.0,0.0,1.2777773,0.32962978,1.1111107,1.5407397,18.333334,19.222221,22.555555,13.222222,2.6666667,12.666667,-15.333333,22.555555,0.41030627,-1.3974138,1
68.0,103.0,9,0.0,0.0,0.66666675,0.57777774,1.111111,0.96296334,2.148148,0.11111111,5.6666665,0.6666667,-6.111111,10.555555,-4.4444447,5.6666665,0.9876543,-2.1854658,3
142.0,33.0,9,0.0,0.0,0.49999872,0.62360865,0.50000125,0.3496027,110.59259,96.77778,128.66667,106.333336,-41.444443,54.22222,-12.777778,128.66667,0.24777646,-2.4080186,2
105.0,69.0,9,0.0,0.0,2.5000012,1.5311582,1.8333327,1.4719604,59.555557,53.444443,73.22222,52.0,-18.333334,41.0,-22.666666,73.22222,0.28965253,-2.0228615,4
170.0,139.0,9,0.0,0.0,1.0555555,0.5074076,0.72222215,0.28518504,4.185185,1.8888888,8.555555,2.1111112,-6.888889,13.111111,-6.2222223,8.555555,0.78617525,-2.127586,5
233.0,64.0,9,0.0,0.0,1.0000013,0.80000305,0.7777774,0.20740618,92.81481,77.22222,118.666664,82.55556,-46.77778,77.55556,-30.777779,118.666664,0.3492103,-2.2289393,2
115.0,138.0,9,0.0,0.0,0.33333334,0.0888889,0.33333334,0.1777778,0.7777778,0.0,2.3333335,0.0,-2.3333333,4.6666665,-2.3333333,2.3333335,1.0,-2.0943952,3
226.0,131.0,9,0.0,0.0,0.0,0.0,0.0,0.0,0.0,0.0,0.0,0.0,0.0,0.0,0.0,0.0,0.0,0.0,5
143.0,186.0,9,0.0,0.0,2.3333333,2.3190036,2.7777774,2.5268927,54.962963,49.11111,67.88889,47.88889,-17.555555,38.77778,-21.222221,67.88889,0.2962514,-2.0286176,6
160.0,73.0,9,0.11111111,0.0,0.944444,0.32963002,0.7777774,0.6518517,58.814816,54.0,70.111115,52.333332,-14.444445,33.88889,-19.444445,70.111115,0.25336418,-1.9969074,4
116.0,184.0,9,0.0,0.0,2.2222226,2.118519,10.611111,45.085182,31.703703,28.777779,38.0,28.333334,-8.777778,18.88889,-10.111111,38.333336,0.25072145,-2.2154639,6
64.0,114.0,9,0.0,0.0,5.166667,6.320163,8.833333,8.66859,29.814816,18.333334,47.22222,23.88889,-34.444443,52.22222,-17.777779,47.22222,0.62924504,-2.2953806,3
202.0,193.0,9,0.0,0.0,1.111112,0.7503075,3.3888881,2.489236,41.703705,37.88889,50.666668,36.555557,-11.444445,26.88889,-15.444445,50.666668,0.27838665,-1.9929975,6
2.0,171.0,9,0.0,0.0,1.9444447,1.2186809,3.6666667,3.1269426,45.77778,41.0,56.333332,40.0,-14.333333,31.666666,-17.333334,56.333332,0.28798285,-2.0329285,6
137.0,92.0,9,0.0,0.0,7.3888893,7.3799014,0.7777779,0.34426498,9.962963,7.111111,15.555555,7.2222223,-8.555555,16.777779,-8.222222,15.555555,0.6084366,-2.0967047,5
196.0,95.0,9,0.0,0.0,1.722222,1.1238165,1.3333335,1.264911,7.6296296,6.7777777,10.777778,5.3333335,-2.5555556,9.444445,-6.888889,10.777778,0.51256585,-1.7492584,5
85.0,56.0,9,0.0,0.0,1.3333334,0.40000024,1.2777773,1.8407404,26.444445,23.333334,36.0,20.0,-9.333333,28.666666,-19.333334,36.0,0.4427882,-1.8631825,1
154.0,189.0,9,0.0,0.0,1.5555553,1.0470409,1.4444441,0.8606628,59.925926,53.444443,74.888885,51.444443,-19.444445,44.88889,-25.444445,74.888885,0.3128917,-2.0059564,6
227.0,104.0,9,0.0,0.11111111,0.49999985,0.5477228,3.1111107,2.1046689,19.62963,16.222223,26.11111,16.555555,-10.222222,19.444445,-9.222222,26.11111,0.3802916,-2.1282308,5
104.0,112.0,9,0.0,0.0,0.6111107,0.25092375,1.0555559,0.71232516,59.148148,52.22222,73.333336,51.88889,-20.777779,42.555557,-21.777779,73.333336,0.29368052,-2.0784628,4
116.0,125.0,9,0.0,0.0,2.8333333,0.7226492,2.0555546,0.5741333,60.925926,52.555557,76.44444,53.77778,-25.11111,46.555557,-21.444445,76.44444,0.3172057,-2.1450453,4
183.0,78.0,9,0.0,0.0,1.0555573,0.32963154,0.7777786,1.2740806,135.55556,128.66667,147.0,131.0,-20.666666,34.333332,-13.666667,147.0,0.124646865,-2.2255366,2
45.0,67.0,9,0.0,0.0,0.6666673,0.2981413,1.055554,0.64692926,64.74074,57.11111,80.44444,56.666668,-22.88889,47.11111,-24.222221,80.44444,0.29814535,-2.0766623,4
136.0,193.0,9,0.0,0.0,2.3888886,1.4516919,2.555556,1.408967,60.703705,54.444443,74.888885,52.77778,-18.777779,42.555557,-23.777779,74.888885,0.29530448,-2.0182114,6
77.0,185.0,9,0.0,0.0,2.944445,7.6629586,6.2222214,32.118523,32.555557,29.222221,39.666668,28.777779,-10.0,21.333334,-11.333333,39.666668,0.27036038,-2.0852716,6
13.0,15.0,9,0.11111111,0.0,1.2222227,0.8861077,1.2222227,1.0256,68.96296,59.333332,86.888885,60.666668,-28.88889,53.77778,-24.88889,86.888885,0.3169049,-2.145323,4
169.0,137.0,9,0.0,0.0,1.5000005,0.47777736,8.444445,50.07408,25.333334,18.666668,36.555557,20.777779,-20.0,33.666668,-13.666667,36.555557,0.50256854,-2.2130325,5
94.0,13.0,9,0.0,0.0,1.0555521,0.50740635,1.6666641,1.2444407,141.59259,134.88889,149.88889,140.0,-20.11111,24.88889,-4.7777777,149.88889,0.10009145,-2.449265,2
105.0,65.0,9,0.0,0.0,0.94444275,0.61161804,1.5000013,1.224745,123.0,111.666664,140.0,117.333336,-34.0,51.0,-17.0,140.0,0.20236506,-2.3039913,2
234.0,175.0,9,0.0,0.0,1.9444441,1.323576,3.4444454,2.2574966,57.77778,50.666668,72.66667,50.0,-21.333334,44.666668,-23.333334,72.66667,0.31203708,-2.0637763,6
89.0,53.0,9,0.0,0.0,2.1111107,1.7185186,2.8333333,3.0111105,27.074074,22.777779,38.333336,20.11111,-12.888889,33.77778,-20.88889,38.333336,0.4747726,-1.937482,1
90.0,134.0,9,0.0,0.0,0.5555556,0.34074077,1.0555555,0.37407416,2.6666667,1.0,6.111111,0.8888889,-5.0,10.333333,-5.3333335,6.111111,0.87610227,-2.0712416,5
24.0,65.0,9,0.0,0.0,1.2222227,1.7629641,2.333334,2.3555567,20.814816,20.11111,26.777779,15.555555,-2.1111112,17.88889,-15.777778,26.777779,0.41941756,-1.6658529,1
214.0,84.0,9,0.0,0.0,0.22222202,0.27216527,0.44444466,0.34426498,17.185184,13.0,24.88889,13.666667,-12.555555,23.11111,-10.555555,24.88889,0.47722223,-2.152852,5
145.0,102.0,9,0.0,0.0,0.88888866,0.6074083,2.611111,1.4851857,23.074074,22.11111,29.777779,17.333334,-2.8888888,20.11111,-17.222221,29.777779,0.41776258,-1.6854404,1
52.0,102.0,9,0.0,0.0,0.72222227,0.50740725,0.8333333,0.5666668,2.8888888,0.6666667,6.3333335,1.6666666,-6.6666665,10.333333,-3.6666667,6.3333335,0.89973545,-2.2617195,3
34.0,196.0,9,0.0,0.0,1.3888888,2.0185175,2.3888886,1.2185196,15.703704,12.444445,15.111111,19.555555,-9.777778,-1.7777778,11.555555,19.555555,0.36523178,2.511766,7
75.0,122.0,9,0.0,0.0,0.72222227,0.24074064,0.8333333,0.38888904,1.5925926,0.0,4.4444447,0.33333334,-4.7777777,8.555555,-3.7777777,4.4444447,1.0,-2.1535993,3
25.0,198.0,9,0.0,0.0,2.8333328,1.3457742,4.1111107,3.3444247,48.703705,42.77778,61.0,42.333336,-17.777779,36.88889,-19.11111,61.0,0.30964476,-2.070717,6
199.0,120.0,9,0.0,0.0,5.777777,4.9516163,0.944444,0.4430521,51.074074,48.22222,59.22222,45.77778,-8.555555,24.444445,-15.888889,59.22222,0.2246171,-1.8964247,4
163.0,133.0,9,0.0,0.0,0.111111104,0.17213258,0.2222222,0.2721655,1.5555556,1.0,3.5555556,0.11111111,-1.6666666,6.0,-4.3333335,3.5555556,0.9722222,-1.8225629,5
121.0,55.0,9,0.0,0.0,1.5000013,2.8777716,1.4444466,1.1851842,103.07407,90.0,124.111115,95.111115,-39.22222,63.11111,-23.88889,124.111115,0.27479535,-2.2510118,2
240.0,145.0,9,0.0,0.0,0.38888896,0.15185192,0.50000006,0.12222223,4.0740743,5.3333335,5.0,1.8888888,3.7777777,2.7777777,-6.5555553,5.4444447,0.65555555,-0.9594855,1
226.0,141.0,9,0.0,0.0,0.4999999,0.4333333,0.7777776,0.38518524,5.4074073,7.0,6.2222223,3.0,4.7777777,2.4444444,-7.2222223,7.0,0.5740741,-0.84373164,1
181.0,27.0,9,0.0,0.0,0.7222214,0.46296388,0.5,0.25555483,138.07408,132.55556,146.55556,135.11111,-16.555555,25.444445,-8.888889,146.55556,0.09626316,-2.2645319,2
114.0,102.0,9,0.0,0.0,1.1111112,1.2296298,1.1666665,0.877778,4.037037,1.0,8.444445,2.6666667,-9.111111,13.222222,-4.111111,8.444445,0.8912177,-2.3161116,3
76.0,89.0,9,0.0,0.0,1.0555558,0.952579,3.2777784,2.4532664,16.814816,12.888889,24.444445,13.111111,-11.777778,22.88889,-11.111111,24.444445,0.47304532,-2.11184,5
132.0,91.0,9,0.0,0.11111111,18.944445,188.50739,33.444447,889.3629,42.814816,35.88889,52.666668,39.88889,-20.777779,29.555555,-8.777778,52.666668,0.39882392,-2.3460567,3
173.0,186.0,9,0.0,0.11111111,3.2222226,2.115201,5.5,3.5071344,53.444443,48.22222,65.88889,46.22222,-15.666667,37.333332,-21.666666,65.88889,0.2983021,-1.9882493,6
216.0,15.0,9,0.0,0.0,0.88889056,0.34074262,1.2222252,0.51851857,106.51852,90.888885,131.11111,97.55556,-46.88889,73.77778,-26.88889,131.11111,0.30673698,-2.2664518,2
75.0,131.0,9,0.0,0.0,0.22222222,0.029629637,0.33333334,0.04444442,0.5185185,0.0,1.5555556,0.0,-1.5555556,3.1111112,-1.5555556,1.5555556,1.0,-2.0943952,3
168.0,70.0,9,0.0,0.0,0.8333333,0.6111117,0.3888893,0.10740789,55.037037,51.555557,64.88889,48.666668,-10.444445,29.555555,-19.11111,64.88889,0.24982914,-1.9079554,4
108.0,111.0,9,0.0,0.0,0.5555555,0.16296291,2.5555553,0.38518727,3.8148148,4.111111,5.5555553,1.7777778,0.8888889,5.2222223,-6.111111,5.5555553,0.7156085,-1.4372399,1
90.0,111.0,9,0.0,0.0,1.6666666,1.4666656,1.333333,1.0222224,18.62963,19.777779,22.222221,13.888889,3.4444444,10.777778,-14.222222,22.222221,0.37431172,-1.3337922,1
156.0,123.0,9,0.0,0.0,0.38888884,0.15185185,0.38888893,0.062963024,6.111111,8.0,6.7777777,3.5555556,5.6666665,2.0,-7.6666665,8.0,0.555776,-0.7616482,1
140.0,116.0,9,0.0,0.0,0.94444495,0.28518537,0.8888893,0.074074045,22.11111,21.333334,28.11111,16.88889,-2.3333333,18.0,-15.666667,28.11111,0.39844838,-1.6703143,1
64.0,74.0,9,0.0,0.0,1.333333,0.5777771,1.3888893,0.9074071,21.148148,21.0,26.88889,15.555555,-0.44444445,17.222221,-16.777779,26.88889,0.41920358,-1.5542339,1
99.0,184.0,9,0.0,0.0,1.8333327,3.2777793,7.944443,63.35185,31.518518,27.777779,38.77778,28.0,-11.222222,21.777779,-10.555555,38.77778,0.28044972,-2.1831248,6
173.0,219.0,9,0.0,0.0,2.7777777,3.4962971,2.8333333,6.6111126,5.5925927,4.111111,4.3333335,8.333334,-4.4444447,-3.7777777,8.222222,8.333334,0.56125355,2.1483634,7
225.0,22.0,9,0.0,0.0,0.8333333,0.25555903,0.7222214,0.1074089,137.96297,133.0,147.0,133.88889,-14.888889,27.11111,-12.222222,147.0,0.09518399,-2.1583037,2
33.0,149.0,9,0.0,0.0,0.5555556,0.25185165,0.72222227,0.15185171,5.4444447,4.111111,8.666667,3.5555556,-4.0,9.666667,-5.6666665,8.666667,0.5783389,-1.9857028,1
189.0,62.0,9,0.0,0.0,0.38888893,0.2509241,0.44444442,0.3442651,7.6296296,5.0,13.111111,4.7777777,-7.888889,16.444445,-8.555555,13.111111,0.6359381,-2.0669532,5
225.0,143.0,9,0.0,0.0,0.4444445,0.20740739,0.44444442,0.1629629,5.4444447,6.7777777,6.7777777,2.7777777,4.0,4.0,-8.0,7.0,0.6018519,-1.048222,1
24.0,188.0,9,0.0,0.0,1.7222233,1.2185186,6.611112,38.551857,30.62963,27.333334,38.0,26.555555,-9.888889,22.11111,-12.222222,38.0,0.29079577,-2.0382204,6
68.0,172.0,9,0.0,0.0,1.0555553,1.0628396,2.3333337,1.6996722,30.11111,24.555555,30.11111,35.666668,-16.666666,0.0,16.666666,35.666668,0.31229463,2.6178014,7
188.0,73.0,9,0.0,0.0,1.0555553,0.9289579,2.2777786,1.9935083,40.185184,35.666668,49.77778,35.11111,-13.555555,28.777779,-15.222222,49.77778,0.2970959,-2.0549638,4
57.0,118.0,9,0.0,0.0,2.833334,5.5,1.2222223,0.87407327,19.407408,15.555555,26.555555,16.11111,-11.555555,21.444445,-9.888889,26.555555,0.4187123,-2.14718,5
75.0,103.0,9,0.11111111,0.0,1.3888893,1.5296303,1.8888887,1.0962957,18.962963,20.222221,22.777779,13.888889,3.7777777,11.444445,-15.222222,22.777779,0.38838536,-1.3341274,1
125.0,46.0,9,0.11111111,0.0,0.61110944,0.61161584,2.166668,0.7817352,124.55556,112.77778,141.0,119.888885,-35.333332,49.333332,-14.0,141.0,0.20012376,-2.357688,2
220.0,120.0,9,0.0,0.0,0.38888893,0.062962964,0.38888887,0.062962994,1.0,0.0,3.0,0.0,-3.0,6.0,-3.0,3.0,1.0,-2.0943952,3
169.0,190.0,9,0.0,0.0,3.1111114,1.8094412,2.8888893,2.0940847,52.555557,46.88889,65.0,45.77778,-17.0,37.333332,-20.333334,65.0,0.2970586,-2.0348296,6
18.0,145.0,9,0.0,0.0,0.38888896,0.018518496,0.6111111,0.3740741,3.925926,5.5555553,4.0,2.2222223,4.888889,0.22222222,-5.111111,5.5555553,0.6005291,-0.57094,1
220.0,124.0,9,0.0,0.0,0.22222221,0.029629631,0.44444442,0.07407406,0.8888889,0.0,2.4444444,0.22222222,-2.6666667,4.6666665,-2.0,2.4444444,1.0,-2.1617603,3
230.0,124.0,9,0.0,0.0,0.2777778,0.10740743,0.2777778,0.15185183,0.6666667,0.0,2.0,0.0,-2.0,4.0,-2.0,2.0,1.0,-2.0943952,3
166.0,55.0,9,0.0,0.0,1.388888,0.8185244,1.1666679,0.70000154,124.111115,113.888885,139.33334,119.111115,-30.666666,45.666668,-15.0,139.33334,0.18262304,-2.3081791,2
237.0,91.0,9,0.0,0.0,0.61111087,0.018518543,0.61111087,0.19629624,12.148149,7.5555553,20.666668,8.222222,-13.777778,25.555555,-11.777778,20.666668,0.63446367,-2.1475708,5
67.0,136.0,9,0.0,0.0,6.722223,3.7083488,2.6666667,3.1972213,15.518518,9.0,25.333334,12.222222,-19.555555,29.444445,-9.888889,25.333334,0.66081303,-2.3075109,3
141.0,89.0,9,0.0,0.0,1.277778,1.4851854,1.6666666,3.6888885,23.88889,23.11111,30.444445,18.11111,-2.3333333,19.666666,-17.333334,30.444445,0.40502182,-1.6640084,1
247.0,174.0,9,0.11111111,0.0,3.1111107,2.68052,3.1666667,1.545604,56.185184,49.444443,70.88889,48.22222,-20.222221,44.11111,-23.88889,70.88889,0.3230207,-2.0373507,6
229.0,195.0,9,0.0,0.0,4.166666,2.2779152,4.111111,2.2476342,47.703705,42.444443,58.88889,41.77778,-15.777778,33.555557,-17.777779,58.88889,0.29027814,-2.0527046,6
109.0,100.0,9,0.0,0.0,0.944444,0.49065506,0.44444466,0.40368706,57.148148,51.555557,69.66667,50.22222,-16.777779,37.555557,-20.777779,69.66667,0.27896288,-2.024061,4
205.0,106.0,9,0.0,0.0,0.7777777,0.4554203,0.3888893,0.1360822,17.481482,14.111111,24.0,14.333333,-10.111111,19.555555,-9.444445,24.0,0.41640097,-2.1176713,5
230.0,124.0,9,0.0,0.0,0.2777778,0.10740743,0.2777778,0.15185183,0.6666667,0.0,2.0,0.0,-2.0,4.0,-2.0,2.0,1.0,-2.0943952,3
104.0,129.0,9,0.0,0.0,19.277777,28.907421,1.1111107,1.0962967,37.88889,33.11111,47.444443,33.11111,-14.333333,28.666666,-14.333333,47.444443,0.3206125,-2.097799,4
76.0,249.0,9,0.11111111,0.0,2.0555558,2.0629644,2.3333335,5.5111136,13.37037,12.222222,13.111111,14.777778,-3.4444444,-0.7777778,4.2222223,15.0,0.20324889,2.5634372,7
164.0,178.0,9,0.22222222,0.0,1.3888887,0.86296487,2.5000002,1.4555563,23.814816,20.222221,21.11111,30.11111,-10.777778,-8.111111,18.88889,30.11111,0.32921228,2.1903052,7
123.0,186.0,9,0.0,0.0,3.6111114,3.0288742,9.444444,7.9321184,51.77778,46.555557,63.666668,45.11111,-15.666667,35.666668,-20.0,63.666668,0.2901475,-2.0141015,6
61.0,104.0,9,0.22222222,0.0,1.3888893,0.72962725,1.4444441,0.7407405,57.333332,52.77778,68.22222,51.0,-13.666667,32.666668,-19.0,68.22222,0.25220254,-1.9852214,4
150.0,144.0,9,0.0,0.0,0.55555564,0.074074075,0.6111111,0.15185197,2.5185184,0.11111111,6.5555553,0.8888889,-7.2222223,12.111111,-4.888889,6.5555553,0.9861111,-2.2121625,3
90.0,36.0,9,0.0,0.0,0.94444275,0.32773143,1.1111094,1.2232299,66.37037,56.555557,84.77778,57.77778,-29.444445,55.22222,-25.777779,84.77778,0.33281505,-2.1385806,4
103.0,216.0,9,0.0,0.0,1.4999999,0.56666666,0.8333332,1.1888888,7.0740743,5.111111,5.0,11.111111,-5.888889,-6.2222223,12.111111,11.111111,0.59312356,2.0792952,7
53.0,134.0,9,0.0,0.0,2.1666667,0.3,0.27777767,0.018518496,6.962963,4.666667,11.222222,5.0,-6.888889,12.777778,-5.888889,11.222222,0.5872341,-2.1384587,5
157.0,85.0,9,0.0,0.0,1.2222223,1.2412657,0.22222233,0.17213264,18.925926,14.555555,26.88889,15.333333,-13.111111,23.88889,-10.777778,26.88889,0.45902446,-2.1609125,5
171.0,89.0,9,0.0,0.0,0.0,0.0,0.0,0.0,0.0,0.0,0.0,0.0,0.0,0.0,0.0,0.0,0.0,0.0,5
180.0,142.0,9,0.0,0.0,0.16666669,0.2788867,0.11111111,0.17213261,0.11111111,0.0,0.33333334,0.0,-0.33333334,0.6666667,-0.33333334,0.33333334,0.22222222,-2.0943952,5
80.0,87.0,9,0.0,0.11111111,24.388891,572.9964,44.722225,1386.3292,67.44444,58.77778,79.0,64.55556,-26.0,34.666668,-8.666667,79.0,0.30628127,-2.4221272,3
156.0,154.0,9,0.0,0.0,0.2777778,0.3277307,0.77777773,0.544331,1.7407408,1.0,3.5555556,0.6666667,-2.2222223,5.4444447,-3.2222223,3.5555556,0.8388889,-1.9882019,5
72.0,32.0,9,0.11111111,0.11111111,3.9444447,2.7032225,2.277778,1.9710876,56.37037,48.555557,72.77778,47.77778,-23.444445,49.22222,-25.777779,72.77778,0.3444093,-2.060607,4
142.0,99.0,9,0.0,0.0,0.77777797,0.45542175,1.722222,1.3402593,51.88889,51.88889,56.0,47.77778,0.0,12.333333,-12.333333,56.0,0.14661072,-1.5674635,4
236.0,240.0,9,0.0,0.0,2.5555553,1.6688874,3.3888886,2.4532666,22.481482,19.555555,19.777779,28.11111,-8.777778,-8.111111,16.88889,28.11111,0.329382,2.1418114,7
232.0,126.0,9,0.0,0.11111111,2.3888888,11.885187,1.2222223,6.2962966,1.5185186,0.44444445,3.5555556,0.5555556,-3.2222223,6.111111,-2.8888888,3.5555556,0.96581197,-2.1073034,3
98.0,126.0,9,0.0,0.0,1.0555555,0.71232533,0.9444444,0.49065322,2.7777777,0.5555556,5.2222223,2.5555556,-6.6666665,7.3333335,-0.6666667,5.2222223,0.90899473,-2.5365143,3
47.0,209.0,9,0.0,0.0,1.7222222,1.2895589,1.388889,0.92895794,11.62963,9.555555,9.222222,16.11111,-6.2222223,-7.2222223,13.444445,16.11111,0.46432462,2.0609548,7
242.0,164.0,9,0.11111111,0.0,0.38888898,0.534027,3.222223,1.0470421,19.814816,15.111111,18.777779,25.555555,-14.111111,-3.1111112,17.222221,25.555555,0.40952933,2.4598064,7
14.0,135.0,9,0.0,0.0,0.27777776,0.062962964,0.27777776,0.06296293,2.8888888,1.6666666,6.0,1.0,-3.6666667,9.333333,-5.6666665,6.0,0.83227515,-1.958546,5
14.0,90.0,9,0.11111111,0.0,2.9444447,2.435083,3.3333333,3.211092,5.0,2.5555556,7.3333335,5.111111,-7.3333335,7.0,0.33333334,7.3333335,0.7252886,-2.6393893,3
169.0,131.0,9,0.0,0.0,2.3888886,1.8668654,9.222222,2.1152062,35.703705,30.666666,45.77778,30.666666,-15.111111,30.222221,-15.111111,45.77778,0.33861881,-2.0891855,4
174.0,75.0,9,0.0,0.0,1.5,0.7226483,2.3888886,1.0835471,41.11111,40.333336,45.666668,37.333336,-2.3333333,13.666667,-11.333333,45.666668,0.18173215,-1.7222778,4
182.0,186.0,9,0.11111111,0.0,3.666666,2.0439608,1.7777767,1.2412661,48.444443,43.77778,59.88889,41.666668,-14.0,34.333332,-20.333334,59.88889,0.30452195,-1.9730555,6
55.0,108.0,9,0.0,0.0,6.3888893,22.507414,3.388889,10.107411,8.666667,5.111111,14.111111,6.7777777,-10.666667,16.333334,-5.6666665,14.111111,0.7054819,-2.275553,3
156.0,32.0,9,0.0,0.0,0.77777356,0.16296418,2.6111095,1.0407379,136.2963,129.77779,146.33334,132.77779,-19.555555,30.11111,-10.555555,146.33334,0.113055356,-2.280755,2
242.0,57.0,9,0.0,0.11111111,2.444444,2.3538773,9.277778,2.7601657,15.37037,11.333333,20.88889,13.888889,-12.111111,16.555555,-4.4444447,20.88889,0.46630767,-2.3706133,5
239.0,110.0,9,0.0,0.0,0.277778,0.06296304,0.22222233,0.029629655,9.444445,6.111111,15.888889,6.3333335,-10.0,19.333334,-9.333333,15.888889,0.6206427,-2.1202655,5
95.0,95.0,9,0.0,0.0,0.72222227,0.8185186,1.111111,0.25185192,6.4814816,2.3333335,12.555555,4.5555553,-12.444445,18.222221,-5.7777777,12.555555,0.816909,-2.322295,3
138.0,137.0,9,0.11111111,0.0,1.666667,1.7777779,1.0000001,0.17777735,7.6296296,3.1111112,13.888889,5.888889,-13.555555,18.777779,-5.2222223,13.888889,0.77986646,-2.3607821,3
32.0,88.0,9,0.0,0.0,0.83333206,0.34960276,1.111112,0.72008145,67.25926,57.88889,85.0,58.88889,-28.11111,53.22222,-25.11111,85.0,0.32012162,-2.1320271,4
68.0,128.0,9,0.0,0.0,21.333334,5.955534,1.3333341,0.8444443,35.592594,32.11111,43.77778,30.88889,-10.444445,24.555555,-14.111111,43.77778,0.31617704,-1.9818461,4
27.0,248.0,9,0.11111111,0.0,1.611111,0.6469295,3.1666667,1.7224005,15.296296,14.777778,12.888889,18.222221,-1.5555556,-7.2222223,8.777778,18.222221,0.31222734,1.7835119,7
1.0,81.0,9,0.0,0.0,12.166667,267.45554,9.222222,205.36296,21.333334,14.0,30.555555,19.444445,-22.0,27.666666,-5.6666665,30.555555,0.5952822,-2.438409,3
119.0,196.0,9,0.0,0.0,2.666666,2.1499357,1.3888893,1.35674,53.333332,47.333332,65.66667,47.0,-18.0,37.0,-19.0,65.66667,0.2935857,-2.0791848,6
163.0,210.0,9,0.0,0.0,1.5555555,0.5443307,1.4999999,0.9603243,11.851851,9.333334,8.888889,17.333334,-7.5555553,-8.888889,16.444445,17.333334,0.48873982,2.0437257,7
118.0,109.0,9,0.0,0.11111111,3.5555553,2.6555324,3.9999993,3.0840094,13.296296,7.0,22.333334,10.555555,-18.88889,27.11111,-8.222222,22.333334,0.694627,-2.3440928,3
21.0,122.0,9,0.0,0.0,0.44444445,0.4036867,0.44444445,0.4036867,0.5555556,0.0,1.2222222,0.44444445,-1.6666666,2.0,-0.33333334,1.2222222,0.5555556,-2.4445627,3
190.0,136.0,9,0.0,0.0,2.277778,1.529629,2.8333333,0.61111045,4.851852,2.8888888,8.555555,3.1111112,-5.888889,11.111111,-5.2222223,8.555555,0.70975137,-2.1239047,4
131.0,214.0,9,0.0,0.0,0.77777773,0.6518515,1.2777777,0.24074058,6.814815,5.0,4.7777777,10.666667,-5.4444447,-6.111111,11.555555,10.666667,0.5681624,2.0583289,7
116.0,245.0,9,0.11111111,0.0,1.3888888,0.5518514,2.222222,3.940739,14.222222,11.111111,13.111111,18.444445,-9.333333,-3.3333333,12.666667,18.444445,0.38969478,2.3954313,7
191.0,162.0,9,0.0,0.0,2.6111114,1.8851837,14.166667,210.92223,40.962963,34.88889,50.11111,37.88889,-18.222221,27.444445,-9.222222,50.666668,0.298124,-2.555683,6
63.0,158.0,9,0.11111111,0.0,0.99999934,1.0540929,1.888889,1.29386,22.185184,16.444445,22.222221,27.88889,-17.222221,0.11111111,17.11111,27.88889,0.41181073,2.6247067,7
60.0,126.0,9,0.0,0.0,0.8333333,0.61111134,0.55555564,0.16296288,20.11111,16.444445,27.333334,16.555555,-11.0,21.666666,-10.666667,27.333334,0.40593585,-2.1041024,4
252.0,201.0,9,0.0,0.0,4.6111107,5.495115,5.5555553,5.795274,40.296295,35.77778,49.0,36.11111,-13.555555,26.11111,-12.555555,49.0,0.2753682,-2.1758256,6
175.0,212.0,9,0.11111111,0.0,1.0000001,0.666667,1.8333334,1.345775,12.296296,10.0,9.0,17.88889,-6.888889,-9.888889,16.777779,17.88889,0.4987573,1.9744948,7
164.0,202.0,9,0.11111111,0.0,1.4999999,1.8226964,1.6111112,0.82775855,15.111111,12.0,14.777778,18.555555,-9.333333,-1.0,10.333333,18.555555,0.35402012,2.5227482,7
194.0,183.0,9,0.0,0.0,0.77777797,0.5837306,2.944444,1.625037,54.74074,49.22222,67.77778,47.22222,-16.555555,39.11111,-22.555555,67.77778,0.30312124,-1.9917008,6
92.0,68.0,9,0.0,0.0,1.0555573,0.15185204,0.7777786,0.6518519,125.77778,115.666664,141.0,120.666664,-30.333334,45.666668,-15.333333,141.0,0.17962871,-2.3006182,2
20.0,248.0,9,0.0,0.0,1.8333335,0.8333331,1.6666669,1.5999992,13.444445,10.555555,12.111111,17.666668,-8.666667,-4.0,12.666667,17.666668,0.40343738,2.3416765,7
65.0,75.0,9,0.0,0.0,0.611111,0.32963,0.72222203,0.19629599,21.333334,21.11111,27.11111,15.777778,-0.6666667,17.333334,-16.666666,27.11111,0.41704598,-1.5901641,1
79.0,95.0,9,0.0,0.0,1.6666666,3.7333338,2.4999993,7.188887,21.11111,21.11111,26.222221,16.0,0.0,15.333333,-15.333333,26.222221,0.38836312,-1.555549,1
204.0,131.0,9,0.0,0.0,0.11111111,0.17213261,0.11111111,0.17213261,0.22222222,0.0,0.6666667,0.0,-0.6666667,1.3333334,-0.6666667,0.6666667,0.6666667,-2.0943952,5
73.0,117.0,9,0.0,0.0,1.5555553,0.96296364,0.6111111,0.7740742,1.3333334,0.22222222,3.5555556,0.22222222,-3.3333333,6.6666665,-3.3333333,3.5555556,0.96825397,-2.0943952,3
115.0,182.0,9,0.0,0.0,0.5555558,1.0470418,0.7222228,1.1434194,17.592592,15.444445,14.0,23.333334,-6.4444447,-10.777778,17.222221,23.333334,0.39944676,1.9375944,7
35.0,62.0,9,0.0,0.0,0.7777786,0.5185192,1.2222227,1.051853,21.222221,20.777779,27.222221,15.666667,-1.3333334,18.0,-16.666666,27.222221,0.423121,-1.6203984,1
67.0,32.0,9,0.0,0.0,0.944444,1.0628421,1.7777786,1.3109215,126.22222,115.111115,142.22223,121.333336,-33.333332,48.0,-14.666667,142.22223,0.19062504,-2.333746,2
174.0,152.0,9,0.0,0.0,0.0,0.0,0.0,0.0,0.0,0.0,0.0,0.0,0.0,0.0,0.0,0.0,0.0,0.0,5
105.0,139.0,9,0.0,0.0,0.27777782,0.107407436,0.83333325,0.52222216,6.111111,7.5555553,7.2222223,3.5555556,4.3333335,3.3333333,-7.6666665,7.5555553,0.5326279,-0.96594584,1
200.0,193.0,9,0.0,0.0,2.555556,2.0403337,4.6111107,3.5926886,41.185184,37.444443,50.0,36.11111,-11.222222,26.444445,-15.222222,50.0,0.27987626,-1.9958013,6
75.0,67.0,9,0.0,0.0,1.4444447,1.0074071,1.8333334,1.5444458,22.25926,22.555555,27.88889,16.333334,0.8888889,16.88889,-17.777779,27.88889,0.4148357,-1.5247713,1
78.0,60.0,9,0.0,0.0,0.44444656,0.2074079,0.7777774,0.38518456,109.77778,99.55556,128.22223,101.55556,-30.666666,55.333332,-24.666666,128.22223,0.22336383,-2.1669195,2
215.0,153.0,9,0.0,0.11111111,19.666666,8.044466,1.1111113,3.8962963,8.333333,5.3333335,13.444445,6.2222223,-9.0,15.333333,-6.3333335,13.444445,0.7695767,-2.1438897,5
27.0,68.0,9,0.0,0.0,1.388889,1.4851855,1.7777777,5.0962973,21.592592,20.444445,28.444445,15.888889,-3.4444444,20.555555,-17.11111,28.444445,0.440354,-1.7003236,1
14.0,110.0,9,0.0,0.0,1.7222224,5.3518505,2.6666667,1.0222229,17.925926,18.88889,21.444445,13.444445,2.8888888,10.555555,-13.444445,21.444445,0.36884832,-1.3450956,1
146.0,140.0,9,0.0,0.0,1.0555557,0.4629631,1.0000001,0.57777774,6.3333335,7.888889,7.3333335,3.7777777,4.6666665,3.0,-7.6666665,8.222222,0.537017,-0.9092674,1
140.0,116.0,9,0.11111111,0.0,1.777778,1.2232317,0.55555534,0.501848,46.814816,42.333336,56.555557,41.555557,-13.444445,29.222221,-15.777778,56.555557,0.26456326,-2.0386236,4
188.0,42.0,9,0.0,0.0,0.7777786,0.5443299,1.6666679,1.2649081,108.92593,95.666664,126.22222,104.888885,-39.77778,51.88889,-12.111111,126.22222,0.24193405,-2.4103878,2
30.0,124.0,9,0.0,0.0,0.6111111,0.10740735,0.611111,0.10740747,6.0,7.4444447,7.2222223,3.3333333,4.3333335,3.6666667,-8.0,7.7777777,0.571649,-0.98787266,1
115.0,130.0,9,0.0,0.0,0.55555534,0.3407407,0.83333325,0.5666664,7.296296,8.555555,8.666667,4.666667,3.7777777,4.111111,-7.888889,9.0,0.48159373,-1.0566586,1
225.0,90.0,9,0.0,0.0,0.38888893,0.2509241,0.55555564,0.45542005,6.5925927,4.666667,11.222222,3.8888888,-5.7777777,13.888889,-8.111111,11.222222,0.65115255,-1.987466,5
232.0,149.0,9,0.0,0.0,0.0,0.0,0.0,0.0,0.0,0.0,0.0,0.0,0.0,0.0,0.0,0.0,0.0,0.0,5
96.0,84.0,9,0.0,0.0,1.5000004,1.2777773,1.6111107,2.2851882,23.851852,23.555555,30.0,18.0,-0.8888889,18.444445,-17.555555,30.0,0.39879107,-1.598867,1
120.0,136.0,9,0.0,0.0,0.61111116,0.4185187,1.0000001,0.4444444,6.259259,7.7777777,7.2222223,3.7777777,4.5555553,2.8888888,-7.4444447,8.0,0.52954143,-0.92460656,1
221.0,201.0,9,0.11111111,0.0,1.4444443,1.1287485,2.4444447,0.8344436,19.148148,14.666667,17.666668,25.11111,-13.444445,-4.4444447,17.88889,25.11111,0.41676173,2.389747,7
234.0,27.0,9,0.11111111,0.0,0.8333346,0.6236087,2.0555573,1.3567389,122.666664,111.55556,138.66667,117.77778,-33.333332,48.0,-14.666667,138.66667,0.19541612,-2.3345118,2
117.0,181.0,9,0.11111111,0.0,1.8333334,1.2427571,3.0000007,2.054805,46.88889,43.0,56.88889,40.77778,-11.666667,30.0,-18.333334,56.88889,0.28328654,-1.9490879,6
96.0,133.0,9,0.0,0.0,0.055555556,0.01851852,0.22222222,0.029629637,0.4814815,0.0,1.4444444,0.0,-1.4444444,2.8888888,-1.4444444,1.4444444,1.0,-2.0943952,3
11.0,163.0,9,0.0,0.0,1.0555553,0.928958,2.5000002,1.3123353,19.814816,17.444445,16.666668,25.333334,-7.111111,-9.444445,16.555555,25.333334,0.34426668,2.0016809,7
23.0,86.0,9,0.0,0.0,0.88888913,0.6518528,1.7222222,1.3074087,18.592592,18.555555,23.555555,13.666667,-0.11111111,14.888889,-14.777778,23.555555,0.41791564,-1.5415015,1
113.0,132.0,9,0.0,0.0,0.44444442,0.3442652,0.38888887,0.5340273,1.2962962,0.0,3.4444444,0.44444445,-3.8888888,6.4444447,-2.5555556,3.4444444,1.0,-2.204847,3
37.0,61.0,9,0.0,0.0,0.6111107,0.49065334,0.555556,0.27216396,109.07407,95.111115,128.33334,103.77778,-41.88889,57.77778,-15.888889,128.33334,0.25886914,-2.3673959,2
147.0,125.0,9,0.0,0.0,6.388889,3.9238105,1.3333327,0.7601168,43.22222,37.22222,55.0,37.444443,-18.0,35.333332,-17.333334,55.0,0.32463875,-2.0964737,4
9.0,130.0,9,0.0,0.0,0.055555582,0.018518535,2.611111,6.240745,1.7407408,1.0,3.2222223,1.0,-2.2222223,4.4444447,-2.2222223,3.2222223,0.5509259,-2.0943952,5
252.0,71.0,9,0.0,0.0,0.7222214,0.32962844,1.3333334,0.71110994,89.14815,72.77778,115.55556,79.111115,-49.11111,79.22222,-30.11111,115.55556,0.37009746,-2.2494755,2
118.0,180.0,9,0.0,0.0,1.9444447,1.4819913,3.1111114,1.0886629,48.555557,44.11111,59.0,42.555557,-13.333333,31.333334,-18.0,59.0,0.27882218,-1.9960423,6
83.0,126.0,9,0.0,0.0,0.72222203,0.5340271,0.94444436,0.5741338,11.185185,5.2222223,20.0,8.333334,-17.88889,26.444445,-8.555555,20.0,0.73926485,-2.313534,3
119.0,169.0,9,0.0,0.0,1.166667,0.98319227,0.9999997,0.91893625,25.962963,20.88889,25.0,32.0,-15.222222,-2.8888888,18.11111,32.0,0.34778315,2.4790645,7
254.0,73.0,9,0.0,0.0,6.6666665,7.865538,9.444445,12.33003,34.703705,20.555555,57.333332,26.222221,-42.444443,67.888885,-25.444445,57.333332,0.6511328,-2.2555614,3
221.0,69.0,9,0.0,0.0,1.5555553,0.8073722,0.7222226,0.85418403,36.962963,36.666668,40.22222,34.0,-0.8888889,9.777778,-8.888889,40.22222,0.15409406,-1.6401336,4
178.0,183.0,9,0.11111111,0.0,2.7222214,2.398302,4.6666665,3.6998506,55.74074,49.666668,69.66667,47.88889,-18.222221,41.77778,-23.555555,69.66667,0.31236586,-2.0051956,6
22.0,125.0,9,0.0,0.0,2.277778,1.8063672,2.4444447,1.3443986,58.22222,50.22222,73.77778,50.666668,-24.0,46.666668,-22.666666,73.77778,0.32390848,-2.1127234,4
58.0,140.0,9,0.0,0.0,0.055555556,0.01851852,0.22222225,0.029629627,0.25925925,0.0,0.7777778,0.0,-0.7777778,1.5555556,-0.7777778,0.7777778,0.7777778,-2.0943952,5
197.0,121.0,9,0.0,0.0,21.666666,17.3628,0.94444436,0.9047208,41.037037,37.444443,49.444443,36.22222,-10.777778,25.222221,-14.444445,49.444443,0.28057775,-1.9955361,4
210.0,73.0,9,0.0,0.0,1.3333327,0.96609074,1.0,0.81649536,42.25926,40.555557,47.333332,38.88889,-5.111111,15.222222,-10.111111,47.333332,0.17822558,-1.8934947,4
174.0,50.0,9,0.0,0.0,1.0000013,0.7601153,0.9444453,0.9525792,107.44444,94.666664,125.77778,101.888885,-38.333332,55.0,-16.666666,125.77778,0.2473368,-2.3372955,2
230.0,98.0,9,0.0,0.0,0.38888884,0.15185185,0.38888887,0.06296294,1.4074074,0.0,4.111111,0.11111111,-4.2222223,8.111111,-3.8888888,4.111111,1.0,-2.1137195,3
52.0,170.0,9,0.0,0.0,0.55555564,0.4554201,0.94444436,0.38968262,25.444445,20.11111,25.333334,30.88889,-16.0,-0.33333334,16.333334,30.88889,0.34911168,2.6040132,7
240.0,16.0,9,0.0,0.0,0.44444403,0.1629624,1.6666666,1.1555537,102.51852,87.55556,125.0,95.0,-44.88889,67.44444,-22.555555,125.0,0.29960132,-2.3024683,2
239.0,143.0,9,0.0,0.0,0.33333328,0.04444445,0.6666667,0.1333334,4.5185184,6.111111,5.4444447,2.0,4.7777777,2.7777777,-7.5555553,6.111111,0.67407405,-0.8782905,1
216.0,126.0,9,0.0,0.0,0.5555555,0.20740744,0.5555556,0.07407395,4.9259257,6.4444447,5.7777777,2.5555556,4.5555553,2.5555556,-7.111111,6.5555553,0.6111111,-0.877707,1
58.0,109.0,9,0.0,0.0,0.8888889,0.25185165,2.8333333,1.677777,4.296296,1.4444444,8.444445,3.0,-8.555555,12.444445,-3.8888888,8.444445,0.8644824,-2.2837873,3
199.0,66.0,9,0.0,0.0,1.2777786,1.5740702,1.4444427,2.8740733,122.55556,111.0,139.77779,116.888885,-34.666668,51.666668,-17.0,139.77779,0.20580281,-2.3070939,2
9.0,72.0,9,0.0,0.0,0.7777774,0.562961,1.4999987,0.7444466,125.44444,114.111115,141.11111,121.111115,-34.0,47.0,-13.0,141.11111,0.19128962,-2.3661966,2
250.0,176.0,9,0.0,0.11111111,1.611112,1.0628399,3.444444,1.6953092,53.666668,47.11111,67.66667,46.22222,-19.666666,42.0,-22.333334,67.66667,0.3181372,-2.0522583,6
201.0,40.0,9,0.0,0.0,1.0555559,0.59629506,1.4999987,1.5444428,123.77778,113.333336,139.66667,118.333336,-31.333334,47.666668,-16.333334,139.66667,0.18850341,-2.2922006,2
76.0,81.0,9,0.11111111,0.0,1.888889,1.6740727,1.3333334,2.3999984,22.703703,22.333334,28.777779,17.0,-1.1111112,18.222221,-17.11111,28.777779,0.40920117,-1.6067939,1
242.0,148.0,9,0.0,0.0,0.0,0.0,0.0,0.0,0.0,0.0,0.0,0.0,0.0,0.0,0.0,0.0,0.0,0.0,5
112.0,197.0,9,0.0,0.0,4.2222233,2.9938211,4.9444447,3.1227946,50.333332,44.666668,62.22222,44.11111,-17.0,35.666668,-18.666666,62.22222,0.29632849,-2.0712209,6
163.0,43.0,9,0.0,0.0,0.8333346,0.43333283,0.8333346,0.6111112,126.48148,117.333336,140.55556,121.55556,-27.444445,42.22222,-14.777778,140.55556,0.1651921,-2.2802067,2
2.0,190.0,9,0.0,0.0,2.555555,1.4518529,2.5,2.9666677,31.666666,28.0,40.11111,26.88889,-11.0,25.333334,-14.333333,40.11111,0.32900727,-2.0083811,6
103.0,185.0,9,0.0,0.0,1.8333324,4.655558,9.888888,94.91854,30.88889,27.777779,37.0,27.88889,-9.333333,18.333334,-9.0,37.555557,0.25044397,-2.4505804,6
124.0,191.0,9,0.0,0.0,3.5000007,2.7386136,3.277778,2.8001328,59.74074,52.88889,74.77778,51.555557,-20.555555,45.11111,-24.555555,74.77778,0.31361094,-2.03548,6
9.0,171.0,9,0.0,0.0,1.4999994,1.0055392,2.7777774,1.64204,45.925926,41.0,57.22222,39.555557,-14.777778,33.88889,-19.11111,57.22222,0.30794257,-2.0107226,6
93.0,29.0,9,0.0,0.0,1.2222239,1.2296363,1.3888906,1.5740819,128.48148,119.0,142.77777,123.666664,-28.444445,42.88889,-14.444445,142.77777,0.16648434,-2.2977605,2
116.0,245.0,9,0.0,0.0,2.277778,1.1626909,2.2777777,1.496911,16.37037,13.555555,14.333333,21.222221,-8.444445,-6.111111,14.555555,21.222221,0.38490298,2.1980507,7
8.0,102.0,9,0.0,0.0,1.888889,1.8518513,1.9444443,3.2629614,17.925926,18.555555,21.88889,13.333333,1.8888888,11.888889,-13.777778,21.88889,0.39032918,-1.4470371,1
189.0,107.0,9,0.0,0.0,2.6666667,0.69920635,0.8333333,0.7226496,27.777779,23.444445,35.11111,24.777779,-13.0,22.0,-9.0,35.11111,0.3324073,-2.2014954,5
207.0,217.0,9,0.0,0.0,0.77777785,0.47407398,2.0555556,0.9074081,6.296296,5.0,4.2222223,9.666667,-3.8888888,-6.2222223,10.111111,9.666667,0.58261186,1.9761382,7
39.0,246.0,9,0.11111111,0.0,2.277778,3.2629633,1.8333334,2.4333339,15.37037,12.555555,13.111111,20.444445,-8.444445,-6.7777777,15.222222,20.444445,0.3938387,2.170543,7
166.0,185.0,9,0.0,0.0,1.9444447,0.250924,2.0,0.21081811,54.22222,48.555557,67.22222,46.88889,-17.0,39.0,-22.0,67.22222,0.30253935,-2.0080075,6
177.0,181.0,9,0.0,0.0,4.277778,1.7309828,2.555556,1.4857335,60.62963,53.666668,75.66667,52.555557,-20.88889,45.11111,-24.222221,75.66667,0.3069927,-2.0445633,6
68.0,135.0,9,0.0,0.0,0.83333343,0.47777793,0.3333334,0.2666667,6.2222223,4.0,10.444445,4.2222223,-6.6666665,12.666667,-6.0,10.444445,0.6175926,-2.1255164,5
206.0,105.0,9,0.0,0.0,0.27777734,0.06296308,0.61111134,0.15185204,50.185184,45.666668,60.88889,44.0,-13.555555,32.11111,-18.555555,60.88889,0.27710575,-1.9919642,4
6.0,81.0,9,0.0,0.11111111,4.111111,8.740745,5.722223,28.50741,12.481482,7.6666665,18.88889,10.888889,-14.444445,19.222221,-4.7777777,18.88889,0.6281558,-2.388561,3
107.0,21.0,9,0.0,0.0,0.66666156,0.51639783,1.1666666,0.4082483,126.77778,115.77778,141.88889,122.666664,-33.0,45.333332,-12.333333,141.88889,0.18402189,-2.3703718,2
253.0,201.0,9,0.0,0.0,2.9999993,2.6915498,2.8333328,2.3357134,43.962963,39.22222,53.88889,38.77778,-14.222222,29.777779,-15.555555,53.88889,0.2808298,-2.0678604,6
127.0,143.0,9,0.0,0.0,1.5,0.12222214,0.88888884,0.60740745,4.185185,0.8888889,9.444445,2.2222223,-9.888889,15.777778,-5.888889,9.444445,0.915376,-2.2574124,3
125.0,56.0,9,0.0,0.0,2.666666,3.6444438,2.7222216,1.5740722,28.62963,26.11111,37.666668,22.11111,-7.5555553,27.11111,-19.555555,37.666668,0.41393992,-1.8199148,1
156.0,32.0,9,0.0,0.0,0.77777356,0.16296418,2.6111095,1.0407379,136.2963,129.77779,146.33334,132.77779,-19.555555,30.11111,-10.555555,146.33334,0.113055356,-2.280755,2
201.0,183.0,9,0.0,0.0,1.888888,1.9167883,2.333334,1.7888557,52.62963,47.444443,65.111115,45.333332,-15.555555,37.444443,-21.88889,65.111115,0.3037197,-1.9819108,6
54.0,126.0,9,0.11111111,0.0,2.7777774,2.6970487,3.3888886,2.2746582,23.296297,21.0,28.88889,20.0,-6.888889,16.777779,-9.888889,28.88889,0.3057855,-1.9687403,4
7.0,134.0,9,0.0,0.0,0.055555563,0.018518524,0.055555556,0.01851852,0.037037037,0.0,0.11111111,0.0,-0.11111111,0.22222222,-0.11111111,0.11111111,0.11111111,-2.0943952,3
210.0,153.0,9,0.0,0.0,0.0,0.0,0.0,0.0,0.0,0.0,0.0,0.0,0.0,0.0,0.0,0.0,0.0,0.0,5
46.0,154.0,9,0.11111111,0.0,3.1666667,8.21111,1.6111112,1.2185184,6.3703704,9.666667,4.666667,4.7777777,9.888889,-5.111111,-4.7777777,9.666667,0.56192696,-0.0049269386,5
233.0,197.0,9,0.0,0.11111111,3.8888874,2.78621,2.0,1.2649122,49.74074,44.333332,61.444443,43.444443,-16.222221,35.11111,-18.88889,61.444443,0.29465598,-2.0433986,6
155.0,127.0,9,0.0,0.0,2.1666667,1.7094507,15.388888,4.144167,36.51852,35.88889,41.0,32.666668,-1.8888888,13.444445,-11.555555,41.0,0.2045359,-1.6767696,4
76.0,135.0,9,0.0,0.0,0.4444445,0.11851851,0.8333333,0.1222222,5.0,6.888889,5.4444447,2.6666667,5.6666665,1.3333334,-7.0,6.888889,0.6137566,-0.6920281,1
21.0,216.0,9,0.11111111,0.0,3.833333,0.69999796,0.8333333,0.47777775,16.555555,13.111111,14.0,22.555555,-10.333333,-7.6666665,18.0,22.555555,0.426777,2.2093086,7
113.0,34.0,9,0.0,0.0,1.9999987,1.1352938,0.8333308,0.83665943,72.888885,65.0,89.111115,64.55556,-23.666666,48.666668,-25.0,89.111115,0.27917594,-2.0781536,4
4.0,248.0,9,0.0,0.0,3.333334,1.8135293,3.2222226,1.2590408,19.555555,15.555555,16.666668,26.444445,-12.0,-8.666667,20.666666,26.444445,0.42215064,2.205099,7
22.0,200.0,9,0.0,0.0,2.8888874,2.4098568,4.8333325,2.622552,54.703705,47.88889,69.0,47.22222,-20.444445,42.88889,-22.444445,69.0,0.3173622,-2.0656626,6
173.0,152.0,9,0.0,0.0,0.0,0.0,0.0,0.0,0.0,0.0,0.0,0.0,0.0,0.0,0.0,0.0,0.0,0.0,5
121.0,112.0,9,0.0,0.0,2.3888886,1.7690756,0.5000003,0.2788867,23.703703,19.444445,32.333336,19.333334,-12.777778,25.88889,-13.111111,32.333336,0.40954432,-2.0852482,5
157.0,57.0,9,0.0,0.0,1.2222201,0.47407314,1.2222201,0.8296261,124.703705,114.22222,139.66667,120.22222,-31.444445,44.88889,-13.444445,139.66667,0.18207318,-2.3401897,2
4.0,189.0,9,0.0,0.0,2.0555565,3.8851852,11.722221,114.59634,26.444445,23.444445,33.0,22.88889,-9.0,19.666666,-10.666667,33.0,0.27147257,-2.1010017,6
144.0,118.0,9,0.0,0.0,0.5555556,0.38518524,0.66666657,0.4,6.4444447,7.5555553,8.111112,3.6666667,3.3333333,5.0,-8.333333,8.444445,0.5643298,-1.1345428,1
220.0,61.0,9,0.0,0.0,0.27777776,0.13608277,0.5555556,0.27216548,6.888889,4.5555553,12.0,4.111111,-7.0,15.333333,-8.333333,12.0,0.65589225,-2.039459,5
205.0,190.0,9,0.0,0.0,1.2777773,0.9981452,1.6111107,1.1238158,49.48148,44.77778,60.666668,43.0,-14.111111,33.555557,-19.444445,60.666668,0.29078844,-1.9875989,6
222.0,244.0,9,0.11111111,0.0,2.9444444,0.640741,2.2777777,2.151852,10.37037,9.666667,9.777778,11.666667,-2.1111112,-1.7777778,3.8888888,11.888889,0.22648169,2.32339,7
201.0,191.0,9,0.0,0.0,1.0000006,0.76011723,2.944444,1.0201671,49.185184,44.666668,59.77778,43.11111,-13.555555,31.777779,-18.222221,59.77778,0.2788862,-1.9989927,6
137.0,182.0,9,0.0,0.0,1.8333334,3.8555553,3.6111107,9.218522,34.925926,31.444445,42.88889,30.444445,-10.444445,23.88889,-13.444445,42.88889,0.28575617,-2.0011246,6
228.0,182.0,9,0.11111111,0.0,0.88888854,0.68853056,0.7777775,0.6554615,16.777779,14.555555,12.777778,23.0,-6.6666665,-12.0,18.666666,23.0,0.44435817,1.9164191,7
236.0,77.0,9,0.0,0.0,22.166666,15.472914,7.722223,8.373016,32.77778,30.222221,37.666668,30.444445,-7.6666665,14.666667,-7.0,37.666668,0.22524333,-2.1233602,4
180.0,97.0,9,0.0,0.0,0.94444275,0.32963142,1.0,0.6666667,134.37038,126.55556,145.44444,131.11111,-23.444445,33.22222,-9.777778,145.44444,0.12984978,-2.3462343,2
249.0,87.0,9,0.0,0.0,14.388889,327.26297,13.388889,62.018505,31.703703,28.222221,39.444443,27.444445,-10.444445,23.222221,-12.777778,39.444443,0.31248218,-2.0133824,4
116.0,54.0,9,0.0,0.0,0.61111194,0.44305393,1.7222227,0.9289577,108.85185,96.77778,126.111115,103.666664,-36.22222,51.77778,-15.555555,126.111115,0.23221897,-2.3363297,2
130.0,32.0,9,0.0,0.0,1.1111113,1.047041,0.83333397,0.83665866,59.48148,54.22222,70.88889,53.333332,-15.777778,34.22222,-18.444445,70.88889,0.24900064,-2.042422,4
183.0,153.0,9,0.0,0.0,5.0000005,12.266663,3.0000002,6.8888917,28.0,21.333334,38.77778,23.88889,-20.0,32.333332,-12.333333,38.77778,0.44774532,-2.2427413,4
234.0,58.0,9,0.0,0.0,1.1666679,0.3888878,1.0000013,0.5333344,93.14815,77.333336,118.77778,83.333336,-47.444443,76.888885,-29.444445,118.77778,0.34886265,-2.2463162,2
217.0,148.0,9,0.0,0.0,2.0555556,2.551854,1.0555553,0.5074078,29.074074,21.444445,41.555557,24.222221,-22.88889,37.444443,-14.555555,41.555557,0.4837708,-2.2379715,4
130.0,32.0,9,0.0,0.0,1.1111113,1.047041,0.83333397,0.83665866,59.48148,54.22222,70.88889,53.333332,-15.777778,34.22222,-18.444445,70.88889,0.24900064,-2.042422,4
229.0,147.0,9,0.0,0.11111111,4.0555553,14.062966,2.5,1.2777781,27.296297,20.88889,38.666668,22.333334,-19.222221,34.11111,-14.888889,38.666668,0.45740503,-2.1744676,4
108.0,75.0,9,0.11111111,0.0,0.6666667,0.47140282,11.111111,10.014803,116.703705,105.888885,133.0,111.22222,-32.444443,48.88889,-16.444445,133.0,0.20298976,-2.2954879,2
103.0,65.0,9,0.0,0.0,1.277778,1.0835457,1.2222214,0.91083974,60.148148,53.77778,73.888885,52.77778,-19.11111,41.22222,-22.11111,73.888885,0.2870454,-2.0419006,4
192.0,40.0,9,0.0,0.0,1.2222214,0.20740789,1.3333321,0.4888911,124.62963,114.44444,140.55556,118.888885,-30.555555,47.77778,-17.222221,140.55556,0.18574874,-2.2702193,2
155.0,80.0,9,0.0,0.0,0.99999875,0.17777939,1.4444453,0.6962941,96.333336,82.44444,119.333336,87.22222,-41.666668,69.0,-27.333334,119.333336,0.30905932,-2.2287123,2
52.0,82.0,9,0.0,0.0,3.2777786,0.46296388,1.3333334,0.48888907,44.88889,41.555557,53.11111,40.0,-10.0,24.666666,-14.666667,53.11111,0.24660505,-1.9717809,4
137.0,147.0,9,0.11111111,0.0,1.5555557,1.2740756,2.0555556,2.8185174,27.222221,20.555555,38.666668,22.444445,-20.0,34.333332,-14.333333,38.666668,0.4681647,-2.2045748,4
38.0,94.0,9,0.11111111,0.0,1.3888906,1.0417213,0.88888806,0.7793629,68.111115,61.11111,82.66667,60.555557,-21.0,43.666668,-22.666666,82.66667,0.26725835,-2.0685365,4
219.0,132.0,9,0.0,0.0,1.4444447,0.65546167,1.1111107,0.7503098,35.22222,29.555555,45.666668,30.444445,-17.0,31.333334,-14.333333,45.666668,0.35474625,-2.1469688,4
219.0,80.0,9,0.0,0.0,1.2777767,0.3296295,0.6666667,0.9333318,39.703705,36.333336,48.22222,34.555557,-10.111111,25.555555,-15.444445,48.22222,0.28296396,-1.9626464,4
217.0,148.0,9,0.0,0.0,2.0555556,2.551854,1.0555553,0.5074078,29.074074,21.444445,41.555557,24.222221,-22.88889,37.444443,-14.555555,41.555557,0.4837708,-2.2379715,4
203.0,120.0,9,0.0,0.0,3.3333328,3.9111094,4.277778,9.262964,49.407406,44.88889,59.333332,44.0,-13.555555,29.777779,-16.222221,59.333332,0.2634666,-2.035243,4
219.0,126.0,9,0.0,0.0,0.3888893,0.06296301,14.055554,44.374123,36.185184,33.555557,43.0,32.0,-7.888889,20.444445,-12.555555,43.0,0.25840873,-1.9421787,4
