1,0,1,577770,2765,27,38,0,1,0,1,0,0,0,0,0,2000,2000,1
0,0,1,268170,1352,-41,-35,0,1,1,0,0,0,0,0,0,400,400,1
1,0,1,332180,1890,-33,-16,0,1,0,1,0,0,0,0,0,1000,1000,1
1,0,1,199030,1255,-30,-45,0,2,2,0,0,0,0,0,0,700,400,1
1,0,1,192650,1185,-8,-14,0,4,2,1,1,0,0,0,0,27100,20000,1
1,0,1,320110,1844,54,35,0,2,1,0,1,0,0,0,0,20600,20000,1
1,0,1,206610,1421,-7,1,0,2,1,1,0,0,0,0,0,4200,4000,1
0,0,0,65250,450,-74,-70,0,0,0,0,0,0,0,0,0,0,0,1
1,1,1,887140,3327,128,144,1,5,3,2,0,0,0,0,0,6200,2000,1
1,1,1,690550,3915,28,29,0,3,1,1,1,0,0,0,0,34400,30000,1
1,0,1,609620,2344,11,-22,0,2,2,0,0,0,0,0,0,900,500,1
1,0,1,581540,2102,7,-23,0,2,1,1,0,0,0,0,0,6500,6000,1
0,1,1,546980,2212,-3,-7,0,1,1,0,0,0,0,0,0,100,100,1
0,0,1,55730,387,-89,-87,0,3,2,1,0,0,0,0,0,9600,8000,1
1,0,1,91510,768,-78,-69,0,3,2,1,0,0,0,0,0,5900,5000,1
0,0,1,189840,1276,-50,-45,0,6,1,5,0,0,0,0,0,17900,7000,1
1,0,1,122850,886,-58,-52,0,3,2,1,0,0,0,0,0,6900,6000,1
1,0,1,91420,774,-61,-49,0,4,1,3,0,0,0,0,0,12700,9000,1
0,0,1,122640,979,10,21,0,6,4,2,0,0,0,0,0,9200,6000,1
1,1,1,122410,902,8,9,0,3,2,1,0,0,0,0,0,3600,3000,1
0,2,1,83180,744,-32,-19,0,3,1,2,0,0,0,0,0,14600,9000,1
1,0,1,19520,211,-2,6,0,2,1,1,0,0,0,0,0,3200,3000,1
1,0,1,38180,322,-6,0,0,3,1,2,0,0,0,0,0,11500,8000,1
1,1,1,68970,624,71,94,0,5,2,2,1,0,0,0,0,34400,20000,1
1,1,1,36100,285,-14,-19,0,6,3,3,0,0,0,0,0,14300,9000,1
0,0,1,34600,389,-13,6,0,4,0,4,0,0,0,0,0,15000,8000,1
1,0,1,45670,382,26,5,0,5,1,4,0,0,0,0,0,10800,5000,1
0,1,1,17660,224,-41,-27,0,5,2,3,0,0,0,0,0,9900,4000,1
1,1,1,54610,527,95,84,0,6,1,5,0,0,0,0,0,14700,4000,1
1,1,1,29410,345,-6,7,0,7,1,3,3,0,0,0,0,114400,70000,1
1,1,1,60390,622,96,96,0,9,4,4,1,0,0,0,0,40600,20000,1
1,1,1,39330,409,6,10,0,6,4,2,0,0,0,0,0,8200,6000,1
1,1,0,10370,134,-44,-6,0,3,1,2,0,0,0,0,0,6300,4000,1
1,1,1,34960,565,-27,2,0,5,1,4,0,0,0,0,0,14200,7000,1
0,0,1,63950,297,11,-6,0,0,0,0,0,0,0,0,0,0,0,0
0,0,1,54030,335,-3,13,0,6,3,3,0,0,0,0,0,13300,9000,0
0,0,1,44080,339,-22,11,0,2,1,1,0,0,0,0,0,3700,3000,0
0,0,1,33580,268,-39,-13,0,1,0,1,0,0,0,0,0,4000,4000,0
0,0,1,34980,296,-29,5,0,0,0,0,0,0,0,0,0,0,0,0
0,0,1,40850,340,-16,18,0,2,2,0,0,0,0,0,0,400,200,0
0,0,0,4050,34,-31,-37,0,1,1,0,0,0,0,0,0,600,600,0
0,0,0,6320,32,11,-38,0,1,0,1,0,0,0,0,0,4000,4000,0
0,0,1,26130,220,-46,-27,0,2,1,1,0,0,0,0,0,2200,2000,0
0,0,1,34820,270,-22,-6,0,1,1,0,0,0,0,0,0,300,300,0
0,0,0,4410,76,-23,53,0,0,0,0,0,0,0,0,0,0,0,0
0,0,0,3280,40,-41,-23,0,1,1,0,0,0,0,0,0,200,200,0
0,0,0,6070,46,14,-9,0,1,0,1,0,0,0,0,0,3000,3000,0
0,0,1,17660,140,-60,-52,0,1,1,0,0,0,0,0,0,900,900,0
0,0,1,21240,138,-50,-52,0,1,1,0,0,0,0,0,0,700,700,0
0,0,1,37710,233,2,-12,0,1,0,1,0,0,0,0,0,2000,2000,0
1,0,1,43940,327,41,36,0,2,0,1,1,0,0,0,0,41000,40000,0
1,0,1,31770,231,2,-3,0,3,1,2,0,0,0,0,0,10400,8000,0
1,0,1,16450,141,-47,-40,0,3,2,1,0,0,0,0,0,3800,3000,0
1,0,1,39660,325,42,54,0,5,2,2,1,0,0,0,0,34000,30000,0
1,0,1,19220,149,-34,-33,0,6,2,4,0,0,0,0,0,10700,5000,0
1,0,1,47010,375,57,63,0,4,2,1,0,1,0,0,0,204400,200000,0
1,0,1,8610,79,-74,-69,0,1,0,1,0,0,0,0,0,5000,5000,0
1,0,1,27810,265,-6,11,0,1,1,0,0,0,0,0,0,500,500,0
0,0,1,36600,341,20,37,0,3,0,3,0,0,0,0,0,13000,7000,0
0,0,0,5640,58,6,17,0,1,0,1,0,0,0,0,0,5000,5000,0
0,0,1,27870,238,-6,-5,0,0,0,0,0,0,0,0,0,0,0,0
0,0,1,34150,346,17,38,0,2,1,1,0,0,0,0,0,6300,6000,0
0,0,0,3040,63,-43,26,0,0,0,0,0,0,0,0,0,0,0,0
0,0,0,2410,39,-52,-24,0,0,0,0,0,0,0,0,0,0,0,0
0,0,0,3960,35,-14,-27,0,1,0,1,0,0,0,0,0,1000,1000,0
1,0,1,49520,405,60,49,0,4,0,3,1,0,0,0,0,72000,60000,0
1,1,1,51910,495,57,73,1,0,0,0,0,0,0,0,0,0,0,0
1,1,1,13600,215,-60,-29,1,2,1,1,0,0,0,0,0,3600,3000,0
0,1,1,40140,417,19,35,0,6,2,4,0,0,0,0,0,11300,4000,0
1,0,1,23200,264,-28,-18,0,3,2,0,1,0,0,0,0,40600,40000,0
1,0,1,26670,444,-17,39,0,0,0,0,0,0,0,0,0,0,0,0
1,0,1,26860,282,-46,-44,0,2,0,2,0,0,0,0,0,5000,3000,0
1,0,1,17570,211,-61,-53,0,4,3,0,1,0,0,0,0,70800,70000,0
1,0,1,11800,133,-47,-46,0,2,1,1,0,0,0,0,0,3300,3000,0
1,0,1,40250,451,91,91,0,4,3,1,0,0,0,0,0,2900,2000,0
0,0,1,45180,370,98,44,0,4,2,2,0,0,0,0,0,5800,3000,0
0,0,1,25650,157,2,-42,0,4,1,3,0,0,0,0,0,16900,8000,0
0,0,1,48530,485,90,87,0,2,1,1,0,0,0,0,0,1300,1000,0
0,0,1,45350,469,14,21,0,4,1,3,0,0,0,0,0,6400,3000,0
0,1,1,31710,352,-20,-9,0,2,2,0,0,0,0,0,0,1000,500,0
0,1,0,4520,50,-82,-80,0,0,0,0,0,0,0,0,0,0,0,0
0,1,0,7400,47,-68,-80,0,1,0,1,0,0,0,0,0,3000,3000,0
1,1,1,50890,602,42,69,0,2,1,0,1,0,0,0,0,70500,70000,0
1,0,1,40880,519,12,40,0,1,1,0,0,0,0,0,0,600,600,0
1,0,1,30430,308,-16,-19,0,2,1,1,0,0,0,0,0,4500,4000,0
1,0,1,65490,735,60,72,0,3,0,2,1,0,0,0,0,72000,60000,0
1,0,1,31440,361,-27,-22,0,3,2,1,0,0,0,0,0,4600,4000,0
1,0,1,51660,626,19,29,0,1,1,0,0,0,0,0,0,500,500,0
0,0,1,45080,468,3,-6,0,3,2,1,0,0,0,0,0,2000,1000,0
0,0,1,48100,582,10,17,0,4,2,2,0,0,0,0,0,12100,7000,0
0,0,1,90330,913,98,75,0,4,2,2,0,0,0,0,0,14100,7000,0
1,1,1,36430,500,-31,-16,0,2,0,1,1,0,0,0,0,94000,90000,0
1,1,1,65150,952,25,60,0,4,3,1,0,0,0,0,0,4100,2000,0
1,1,1,40030,577,-28,-13,0,0,0,0,0,0,0,0,0,0,0,0
0,1,1,45170,579,-14,-10,0,1,0,1,0,0,0,0,0,2000,2000,0
0,1,1,93510,1375,86,120,1,3,2,1,0,0,0,0,0,5700,5000,0
0,1,1,59240,941,5,29,0,3,1,2,0,0,0,0,0,5200,3000,0
0,1,0,11130,126,-47,-40,0,3,1,2,0,0,0,0,0,4900,3000,0
0,1,0,2960,49,-62,-34,0,0,0,0,0,0,0,0,0,0,0,0
0,1,0,10520,72,46,1,0,1,0,1,0,0,0,0,0,5000,5000,0
1,0,1,79790,1419,39,80,0,3,2,0,1,0,0,0,0,21200,20000,0
1,0,1,58160,897,-4,3,0,3,2,1,0,0,0,0,0,1900,1000,0
1,0,1,55890,1204,-3,34,0,5,0,2,3,0,0,0,0,149000,80000,0
1,1,0,8660,205,16,188,1,1,0,0,1,0,0,0,0,10000,10000,0
0,1,1,23290,592,-58,-37,1,1,1,0,0,0,0,0,0,500,500,0
0,1,1,21000,523,-61,-44,1,1,0,1,0,0,0,0,0,8000,8000,0
0,1,1,24570,434,-52,-53,0,2,1,1,0,0,0,0,0,3600,3000,0
0,1,1,56350,999,26,19,0,2,2,0,0,0,0,0,0,1000,800,0
0,0,1,31900,643,-28,-24,0,2,2,0,0,0,0,0,0,1100,700,0
0,0,1,23920,359,-45,-57,0,1,0,1,0,0,0,0,0,5000,5000,0
0,1,1,65240,1008,73,39,0,4,3,1,0,0,0,0,0,2500,1000,0
0,1,1,49070,587,28,-20,0,2,1,1,0,0,0,0,0,2400,2000,0
0,1,1,122820,1191,-39,-40,0,1,0,1,0,0,0,0,0,3000,3000,0
0,1,1,132520,1174,-31,-39,0,1,1,0,0,0,0,0,0,200,200,0
0,1,0,25710,258,-74,-74,0,1,0,1,0,0,0,0,0,7000,7000,0
0,0,0,17700,174,-81,-81,0,1,0,1,0,0,0,0,0,2000,2000,0
0,0,0,72300,155,-14,-82,0,1,0,1,0,0,0,0,0,5000,5000,0
0,0,0,16960,130,-56,-34,0,1,0,1,0,0,0,0,0,4000,4000,0
0,0,1,87700,935,-53,-49,0,2,1,1,0,0,0,0,0,1600,1000,0
0,0,1,118860,1122,4,2,0,0,0,0,0,0,0,0,0,0,0,0
0,0,1,102710,1159,-11,5,0,1,1,0,0,0,0,0,0,400,400,0
0,0,1,95050,860,-16,-22,0,2,0,2,0,0,0,0,0,5000,3000,0
0,0,1,182210,1766,63,63,0,6,1,5,0,0,0,0,0,17800,7000,0
0,0,1,95020,859,-20,-25,0,1,1,0,0,0,0,0,0,600,600,0
0,0,0,29290,235,-20,24,0,1,1,0,0,0,0,0,0,500,500,0
0,0,0,11440,121,-68,-37,0,0,0,0,0,0,0,0,0,0,0,0
0,0,0,26800,94,-18,-49,0,1,0,1,0,0,0,0,0,3000,3000,0
0,0,0,43650,334,38,90,0,0,0,0,0,0,0,0,0,0,0,0
0,0,1,154830,1252,33,11,0,2,2,0,0,0,0,0,0,1100,700,0
0,1,1,121720,1170,1,2,0,1,0,1,0,0,0,0,0,5000,5000,0
0,1,1,111950,997,-8,-13,0,4,3,1,0,0,0,0,0,4400,3000,0
0,1,1,190960,1651,58,45,0,2,0,2,0,0,0,0,0,11000,9000,0
0,1,1,95620,996,-26,-17,0,0,0,0,0,0,0,0,0,0,0,0
0,1,1,133430,1074,5,-9,0,6,2,4,0,0,0,0,0,16700,8000,0
0,1,1,253510,2069,98,76,0,4,2,2,0,0,0,0,0,7100,4000,0
0,1,1,121870,935,-15,-26,0,2,2,0,0,0,0,0,0,900,500,0
0,1,1,148160,1282,1,0,0,2,2,0,0,0,0,0,0,1300,900,0
0,1,1,156780,1301,10,6,0,4,3,1,0,0,0,0,0,4700,3000,0
0,1,0,23000,157,-28,-17,0,1,0,1,0,0,0,0,0,2000,2000,0
1,0,1,163510,1534,13,23,0,2,0,1,1,0,0,0,0,72000,70000,0
1,1,1,92760,967,-42,-31,1,5,3,1,1,0,0,0,0,65800,60000,0
1,1,1,105810,958,-27,-26,0,3,1,2,0,0,0,0,0,14900,8000,0
1,1,1,128260,1235,-10,-5,0,1,0,1,0,0,0,0,0,1000,1000,0
1,0,1,186280,1921,39,51,0,3,1,1,1,0,0,0,0,72500,70000,0
1,0,1,195950,1913,38,40,0,4,3,1,0,0,0,0,0,2700,1000,0
1,0,1,117120,1095,-22,-24,0,3,2,1,0,0,0,0,0,5700,4000,0
0,1,1,273200,2387,89,71,0,2,1,1,0,0,0,0,0,3400,3000,0
0,1,1,121400,1063,-23,-29,0,2,0,2,0,0,0,0,0,8000,6000,0
0,1,1,200350,1668,43,24,0,0,0,0,0,0,0,0,0,0,0,0
0,0,1,130940,1397,-14,-2,0,1,0,1,0,0,0,0,0,2000,2000,0
0,0,0,38450,343,26,85,0,1,0,1,0,0,0,0,0,1000,1000,0
1,0,0,12380,126,-56,-35,0,1,0,0,1,0,0,0,0,70000,70000,0
1,0,0,12150,118,-52,-36,0,1,0,1,0,0,0,0,0,3000,3000,0
1,0,1,265250,2852,64,84,0,2,0,1,1,0,0,0,0,23000,20000,0
1,0,1,162190,1702,-7,0,0,0,0,0,0,0,0,0,0,0,0,0
1,0,1,229070,2597,30,51,0,2,0,0,2,0,0,0,0,100000,80000,0
1,0,1,132470,1552,-28,-16,0,5,2,2,1,0,0,0,0,54800,50000,0
1,0,1,151210,1727,-18,-12,0,4,1,2,1,0,0,0,0,31800,20000,0
1,0,1,118120,1716,-33,-14,0,1,0,0,1,0,0,0,0,20000,20000,0
1,0,1,185910,2451,8,24,0,8,4,4,0,0,0,0,0,11300,4000,0
1,0,1,197590,2804,20,44,0,8,8,0,0,0,0,0,0,4700,800,0
0,0,0,26780,345,18,94,0,0,0,0,0,0,0,0,0,0,0,0
0,0,0,9670,186,-59,-7,0,0,0,0,0,0,0,0,0,0,0,0
0,0,0,9980,170,-54,-13,0,1,0,1,0,0,0,0,0,1000,1000,0
0,0,0,8760,133,-59,-33,0,1,1,0,0,0,0,0,0,600,600,0
0,0,0,7370,110,-63,-46,0,0,0,0,0,0,0,0,0,0,0,0
0,0,0,4580,91,-72,-50,0,1,0,1,0,0,0,0,0,1000,1000,0
0,0,0,4610,78,-68,-55,0,0,0,0,0,0,0,0,0,0,0,0
1,0,1,68920,1004,-59,-51,0,3,0,2,1,0,0,0,0,66000,60000,0
1,0,1,134870,2096,-17,4,0,4,2,2,0,0,0,0,0,5100,3000,0
1,0,1,71650,1173,-53,-40,0,1,0,1,0,0,0,0,0,7000,7000,0
0,0,1,159910,2345,12,23,0,3,1,2,0,0,0,0,0,4400,3000,0
0,0,1,172530,2873,18,44,0,3,2,1,0,0,0,0,0,2300,1000,0
0,0,1,93120,1238,-32,-38,0,1,0,1,0,0,0,0,0,2000,2000,0
0,0,1,27830,190,-79,-90,0,4,0,4,0,0,0,0,0,19000,8000,0
0,0,1,44320,269,-64,-85,0,2,0,2,0,0,0,0,0,3000,2000,0
0,0,1,26830,192,-77,-88,0,1,1,0,0,0,0,0,0,600,600,0
0,0,1,29240,217,-71,-85,0,2,0,2,0,0,0,0,0,8000,5000,0
0,0,1,47740,276,-42,-76,0,4,1,3,0,0,0,0,0,7800,3000,0
0,0,1,36520,209,-55,-81,0,3,2,1,0,0,0,0,0,9800,9000,0
0,0,1,28360,181,-60,-80,0,2,1,1,0,0,0,0,0,3800,3000,0
0,0,1,29990,203,-55,-75,0,3,1,2,0,0,0,0,0,9400,6000,0
0,0,1,21060,106,-61,-82,0,0,0,0,0,0,0,0,0,0,0,0
0,0,1,18240,87,-53,-72,0,2,1,1,0,0,0,0,0,2500,2000,0
0,0,1,33660,248,9,28,0,4,2,2,0,0,0,0,0,11100,8000,0
0,0,1,21670,132,-31,-34,0,3,2,1,0,0,0,0,0,3400,2000,0
0,0,0,5990,53,-42,-64,0,0,0,0,0,0,0,0,0,0,0,0
0,0,0,6430,30,-33,-79,0,1,1,0,0,0,0,0,0,300,300,0
0,0,0,3020,19,-66,-85,0,1,0,1,0,0,0,0,0,2000,2000,0
0,0,1,23400,140,-20,-24,0,3,3,0,0,0,0,0,0,2000,800,0
0,0,1,45990,349,59,94,0,3,2,1,0,0,0,0,0,4200,3000,0
0,0,1,19570,153,-36,-21,0,1,1,0,0,0,0,0,0,700,700,0
0,0,1,32550,167,17,-8,0,9,5,4,0,0,0,0,0,13200,6000,0
0,1,1,53860,346,96,96,0,5,1,4,0,0,0,0,0,13700,9000,0
0,1,1,37810,238,26,23,0,6,5,1,0,0,0,0,0,5400,2000,0
0,1,1,10130,133,-67,-32,0,1,0,1,0,0,0,0,0,2000,2000,0
0,1,1,57860,383,95,92,0,2,1,1,0,0,0,0,0,4700,4000,0
0,1,1,42470,326,26,42,0,2,2,0,0,0,0,0,0,1200,700,0
0,1,1,42840,248,24,5,0,3,0,3,0,0,0,0,0,4000,2000,0
0,1,0,13060,81,96,-18,0,0,0,0,0,0,0,0,0,0,0,0
0,1,1,15930,177,-57,-29,0,2,1,1,0,0,0,0,0,2600,2000,0
0,1,1,60340,495,68,96,0,5,3,2,0,0,0,0,0,12500,8000,0
0,1,1,39690,416,6,56,0,2,1,1,0,0,0,0,0,1700,1000,0
0,1,1,32930,271,-16,-7,0,1,0,1,0,0,0,0,0,3000,3000,0
0,0,1,18210,150,-54,-51,0,3,1,2,0,0,0,0,0,7700,5000,0
0,0,1,24790,236,-31,-17,0,1,1,0,0,0,0,0,0,600,600,0
0,0,1,43490,352,26,24,0,0,0,0,0,0,0,0,0,0,0,0
0,0,0,10850,131,55,49,0,0,0,0,0,0,0,0,0,0,0,0
0,0,0,3770,50,-47,-40,0,0,0,0,0,0,0,0,0,0,0,0
0,0,0,3650,41,-44,-46,0,1,0,1,0,0,0,0,0,4000,4000,0
0,0,1,8380,47,-78,-85,0,1,0,1,0,0,0,0,0,6000,6000,0
0,1,1,61110,439,86,62,0,4,4,0,0,0,0,0,0,1600,600,0
0,1,1,39880,342,15,21,0,3,1,2,0,0,0,0,0,2800,1000,0
0,1,1,19170,158,-44,-46,0,2,1,1,0,0,0,0,0,4500,4000,0
0,0,1,17750,151,-49,-48,0,1,1,0,0,0,0,0,0,400,400,0
0,0,1,41740,331,37,29,0,2,2,0,0,0,0,0,0,1100,700,0
0,0,1,35800,341,16,38,0,0,0,0,0,0,0,0,0,0,0,0
0,1,1,48820,446,57,75,1,5,4,1,0,0,0,0,0,3900,2000,0
0,1,1,29470,347,-14,22,1,0,0,0,0,0,0,0,0,0,0,0
0,1,1,23050,202,-33,-32,1,4,2,2,0,0,0,0,0,5100,3000,0
0,1,1,37820,347,16,24,0,3,2,1,0,0,0,0,0,4000,3000,0
0,1,1,33800,316,-5,2,0,2,1,1,0,0,0,0,0,3400,3000,0
0,0,1,13830,145,-58,-51,0,3,2,1,0,0,0,0,0,3900,3000,0
0,0,1,46170,404,53,45,0,1,1,0,0,0,0,0,0,700,700,0
0,0,1,35510,313,8,3,0,1,1,0,0,0,0,0,0,500,500,0
0,0,1,31040,322,-10,1,0,5,2,3,0,0,0,0,0,9000,4000,0
0,0,1,47690,518,42,63,0,6,4,2,0,0,0,0,0,7400,3000,0
0,0,1,28130,347,-19,3,0,3,2,1,0,0,0,0,0,3100,2000,0
0,0,0,4760,94,-23,37,0,0,0,0,0,0,0,0,0,0,0,0
0,0,0,3860,77,-38,12,0,0,0,0,0,0,0,0,0,0,0,0
0,0,0,2210,34,-64,-51,0,2,1,1,0,0,0,0,0,3400,3000,0
0,0,1,12610,157,-61,-52,0,1,0,1,0,0,0,0,0,2000,2000,0
0,0,1,39390,460,27,50,0,6,5,1,0,0,0,0,0,4800,2000,0
0,0,1,19630,295,-40,-11,0,3,2,1,0,0,0,0,0,8300,7000,0
0,0,1,26130,260,-15,-21,0,6,3,3,0,0,0,0,0,7700,3000,0
0,0,1,19420,279,-35,-13,0,4,3,1,0,0,0,0,0,2800,1000,0
1,1,1,26290,104,-6,-67,0,5,2,2,1,0,0,0,0,25300,20000,0
1,1,1,18580,121,-31,-59,0,2,2,0,0,0,0,0,0,1200,800,0
1,1,1,9130,68,-64,-75,0,3,2,1,0,0,0,0,0,2000,1000,0
0,1,0,6340,18,10,-70,0,2,1,1,0,0,0,0,0,9300,9000,0
0,1,0,1200,15,-79,-74,0,0,0,0,0,0,0,0,0,0,0,0
0,1,0,1020,10,-81,-82,0,0,0,0,0,0,0,0,0,0,0,0
0,0,0,2360,16,-54,-71,0,0,0,0,0,0,0,0,0,0,0,0
0,0,0,1070,17,-73,-65,0,0,0,0,0,0,0,0,0,0,0,0
0,0,0,500,7,-83,-82,0,0,0,0,0,0,0,0,0,0,0,0
0,0,0,340,6,-87,-85,0,0,0,0,0,0,0,0,0,0,0,0
0,0,0,100,4,-96,-90,0,0,0,0,0,0,0,0,0,0,0,0
0,0,0,720,2,-62,-95,0,0,0,0,0,0,0,0,0,0,0,0
0,0,0,950,4,-40,-90,0,0,0,0,0,0,0,0,0,0,0,0
0,0,0,430,3,-71,-92,0,0,0,0,0,0,0,0,0,0,0,0
0,0,0,290,3,-67,-92,0,1,0,1,0,0,0,0,0,3000,3000,0
0,0,0,3330,37,-42,-39,0,2,2,0,0,0,0,0,0,1200,900,0
0,0,1,11740,46,-90,-96,0,1,0,1,0,0,0,0,0,4000,4000,0
0,0,0,850,6,-85,-90,0,0,0,0,0,0,0,0,0,0,0,0
0,0,1,5240,18,-96,-96,0,1,1,0,0,0,0,0,0,600,600,0
0,0,1,17910,86,-85,-79,0,4,0,4,0,0,0,0,0,12000,6000,0
0,0,1,145440,358,-3,-28,0,0,0,0,0,0,0,0,0,0,0,0
0,1,0,67480,141,-10,-44,0,3,2,1,0,0,0,0,0,2800,2000,0
0,1,1,239660,501,60,3,0,1,0,1,0,0,0,0,0,8000,8000,0
0,1,1,229690,485,45,0,0,4,3,1,0,0,0,0,0,2500,1000,0
0,1,0,49410,74,-33,-69,0,2,0,2,0,0,0,0,0,6000,3000,0
0,1,1,197620,406,19,-16,0,0,0,0,0,0,0,0,0,0,0,0
0,1,0,68200,137,-5,-38,0,0,0,0,0,0,0,0,0,0,0,0
0,1,0,53380,108,-13,-8,0,3,2,1,0,0,0,0,0,1700,1000,0
0,1,1,179710,274,5,-42,0,4,3,1,0,0,0,0,0,3000,2000,0
0,1,0,29650,93,-51,-20,0,0,0,0,0,0,0,0,0,0,0,0
0,1,1,111510,169,-36,-63,0,2,0,2,0,0,0,0,0,5000,3000,0
0,1,0,18400,46,-68,-60,0,0,0,0,0,0,0,0,0,0,0,0
0,1,0,6980,30,-87,-72,0,0,0,0,0,0,0,0,0,0,0,0
0,1,0,13120,19,-73,-81,0,0,0,0,0,0,0,0,0,0,0,0
0,0,0,9050,17,-79,-81,0,0,0,0,0,0,0,0,0,0,0,0
0,0,0,15400,24,-59,-69,0,1,0,1,0,0,0,0,0,1000,1000,0
0,0,0,38800,38,17,-45,0,2,1,1,0,0,0,0,0,1700,1000,0
0,0,1,104210,185,-39,-56,0,2,2,0,0,0,0,0,0,500,300,0
0,0,1,73930,94,-55,-76,0,1,0,1,0,0,0,0,0,1000,1000,0
0,0,0,42300,55,37,-10,0,1,0,1,0,0,0,0,0,4000,4000,0
0,0,1,178220,371,13,7,0,2,2,0,0,0,0,0,0,800,400,0
0,1,1,121520,247,-25,-26,0,1,1,0,0,0,0,0,0,400,400,0
0,1,0,22270,53,-23,-3,0,1,0,1,0,0,0,0,0,4000,4000,0
0,1,1,254510,417,61,35,0,2,2,0,0,0,0,0,0,500,300,0
0,1,1,180530,324,7,3,0,0,0,0,0,0,0,0,0,0,0,0
0,1,0,24750,62,-1,28,0,1,0,1,0,0,0,0,0,2000,2000,0
0,1,1,362360,575,122,93,1,4,2,2,0,0,0,0,0,10400,7000,0
0,1,1,140610,254,-20,-17,1,1,1,0,0,0,0,0,0,800,800,0
0,1,0,26720,53,21,21,1,1,0,1,0,0,0,0,0,1000,1000,0
0,1,1,211440,403,24,38,0,4,2,2,0,0,0,0,0,7300,4000,0
0,1,1,189170,371,9,22,0,1,0,1,0,0,0,0,0,1000,1000,0
0,1,1,232470,361,28,11,0,3,2,1,0,0,0,0,0,4000,3000,0
0,1,1,240350,458,24,34,0,4,3,1,0,0,0,0,0,3000,2000,0
0,1,0,40820,78,87,95,0,0,0,0,0,0,0,0,0,0,0,0
0,1,0,19790,43,-18,0,0,0,0,0,0,0,0,0,0,0,0,0
0,1,0,11230,26,-56,-41,0,0,0,0,0,0,0,0,0,0,0,0
0,1,0,19120,36,-24,-20,0,0,0,0,0,0,0,0,0,0,0,0
0,1,0,12120,24,-54,-49,0,1,1,0,0,0,0,0,0,300,300,0
0,1,1,147570,259,-30,-31,0,3,2,1,0,0,0,0,0,2000,1000,0
0,0,1,140890,230,-32,-37,0,2,2,0,0,0,0,0,0,600,400,0
0,0,0,16210,44,-37,-6,0,1,0,1,0,0,0,0,0,9000,9000,0
0,0,1,122030,211,-42,-42,0,1,1,0,0,0,0,0,0,500,500,0
0,0,1,154470,263,-21,-24,0,3,1,2,0,0,0,0,0,8400,6000,0
0,0,1,54980,115,-72,-66,0,1,1,0,0,0,0,0,0,600,600,0
0,0,1,103460,208,-37,-29,0,0,0,0,0,0,0,0,0,0,0,0
0,0,1,85240,140,-47,-51,0,1,1,0,0,0,0,0,0,200,200,0
0,0,0,39890,66,69,39,0,1,1,0,0,0,0,0,0,400,400,0
0,0,1,120690,150,-18,-43,0,0,0,0,0,0,0,0,0,0,0,0
0,0,1,70740,154,-50,-36,0,0,0,0,0,0,0,0,0,0,0,0
0,0,1,82480,172,-34,-21,0,1,0,1,0,0,0,0,0,1000,1000,0
0,0,1,161390,314,49,65,0,0,0,0,0,0,0,0,0,0,0,0
0,0,1,101050,213,-8,9,0,0,0,0,0,0,0,0,0,0,0,0
0,0,1,60100,94,-43,-52,0,2,2,0,0,0,0,0,0,1000,800,0
0,0,1,82460,154,-17,-16,0,0,0,0,0,0,0,0,0,0,0,0
0,0,1,65320,128,-29,-25,0,1,1,0,0,0,0,0,0,800,800,0
0,0,0,18870,47,-19,-3,0,2,1,1,0,0,0,0,0,4800,4000,0
0,0,0,21900,60,-5,25,0,0,0,0,0,0,0,0,0,0,0,0
0,0,0,20700,37,-9,-22,0,0,0,0,0,0,0,0,0,0,0,0
0,0,1,51950,144,-44,-17,0,2,0,2,0,0,0,0,0,3000,2000,0
0,0,1,129190,278,47,67,0,4,1,3,0,0,0,0,0,13500,8000,0
0,0,1,125340,292,35,62,0,0,0,0,0,0,0,0,0,0,0,0
0,0,1,48630,126,-48,-35,0,0,0,0,0,0,0,0,0,0,0,0
0,0,0,39660,86,80,87,0,0,0,0,0,0,0,0,0,0,0,0
0,0,1,101040,213,11,11,0,2,1,1,0,0,0,0,0,1700,1000,0
0,0,1,20090,74,-78,-62,0,0,0,0,0,0,0,0,0,0,0,0
0,0,1,105160,284,34,66,0,1,0,1,0,0,0,0,0,6000,6000,0
0,0,1,35200,93,-55,-48,0,1,0,1,0,0,0,0,0,5000,5000,0
0,0,0,22300,55,2,17,0,0,0,0,0,0,0,0,0,0,0,0
0,0,0,30650,80,38,66,0,1,1,0,0,0,0,0,0,500,500,0
0,1,0,20840,52,-14,-3,0,0,0,0,0,0,0,0,0,0,0,0
0,1,0,29560,112,22,103,1,0,0,0,0,0,0,0,0,0,0,0
0,1,0,28210,83,8,30,0,1,0,1,0,0,0,0,0,3000,3000,0
0,1,0,14350,36,-47,-47,0,0,0,0,0,0,0,0,0,0,0,0
0,1,0,32830,85,33,31,0,0,0,0,0,0,0,0,0,0,0,0
0,1,1,66640,155,-13,-13,0,1,1,0,0,0,0,0,0,400,400,0
0,1,0,48440,76,86,11,0,0,0,0,0,0,0,0,0,0,0,0
0,1,0,26470,37,-8,-47,0,2,2,0,0,0,0,0,0,900,600,0
0,1,0,3430,18,-88,-74,0,0,0,0,0,0,0,0,0,0,0,0
0,1,0,12270,24,-52,-62,0,0,0,0,0,0,0,0,0,0,0,0
0,1,0,34050,68,38,13,0,0,0,0,0,0,0,0,0,0,0,0
0,0,0,28020,51,12,-14,0,0,0,0,0,0,0,0,0,0,0,0
0,1,0,44790,57,74,-3,0,0,0,0,0,0,0,0,0,0,0,0
0,1,1,68130,162,-9,-9,0,2,2,0,0,0,0,0,0,1000,600,0
0,1,1,107250,168,43,-8,0,0,0,0,0,0,0,0,0,0,0,0
0,1,0,72460,150,166,180,1,1,0,1,0,0,0,0,0,1000,1000,0
0,1,0,58410,113,84,88,0,0,0,0,0,0,0,0,0,0,0,0
1,1,0,48590,134,28,84,1,1,0,0,1,0,0,0,0,20000,20000,0
1,1,0,19370,63,-49,-20,1,0,0,0,0,0,0,0,0,0,0,0
1,1,0,14770,48,-60,-41,1,0,0,0,0,0,0,0,0,0,0,0
0,1,0,15050,52,-61,-38,0,0,0,0,0,0,0,0,0,0,0,0
0,1,0,18800,67,-51,-23,0,0,0,0,0,0,0,0,0,0,0,0
0,0,0,29500,92,-21,6,0,1,1,0,0,0,0,0,0,300,300,0
0,0,0,12950,41,-65,-55,0,0,0,0,0,0,0,0,0,0,0,0
0,0,0,20730,48,-39,-46,0,1,1,0,0,0,0,0,0,400,400,0
0,0,0,41340,89,42,12,0,0,0,0,0,0,0,0,0,0,0,0
0,0,0,18410,30,-33,-61,0,0,0,0,0,0,0,0,0,0,0,0
0,0,0,9490,26,-60,-61,0,0,0,0,0,0,0,0,0,0,0,0
0,0,0,6370,34,-68,-39,0,0,0,0,0,0,0,0,0,0,0,0
0,0,0,9430,44,-50,-17,0,0,0,0,0,0,0,0,0,0,0,0
0,0,0,30130,82,65,57,0,3,3,0,0,0,0,0,0,500,200,0
0,0,0,12880,62,-35,12,0,0,0,0,0,0,0,0,0,0,0,0
0,0,0,16480,44,-14,-20,0,0,0,0,0,0,0,0,0,0,0,0
0,1,0,19040,50,7,0,0,0,0,0,0,0,0,0,0,0,0,0
0,1,0,15570,41,-16,-19,0,0,0,0,0,0,0,0,0,0,0,0
0,1,0,20250,45,13,-10,0,0,0,0,0,0,0,0,0,0,0,0
0,1,0,19030,46,20,0,0,1,0,1,0,0,0,0,0,9000,9000,0
0,1,0,21730,56,37,18,0,0,0,0,0,0,0,0,0,0,0,0
0,1,0,24550,62,44,23,0,0,0,0,0,0,0,0,0,0,0,0
0,1,0,15300,29,-19,-45,0,0,0,0,0,0,0,0,0,0,0,0
0,1,0,32240,61,65,18,0,0,0,0,0,0,0,0,0,0,0,0
0,1,0,27490,55,39,11,0,0,0,0,0,0,0,0,0,0,0,0
0,1,0,48650,73,-51,-51,0,0,0,0,0,0,0,0,0,0,0,0
0,1,0,147400,189,55,33,0,1,1,0,0,0,0,0,0,700,700,0
0,1,0,175660,251,76,72,0,0,0,0,0,0,0,0,0,0,0,0
0,1,0,44730,79,-58,-49,0,0,0,0,0,0,0,0,0,0,0,0
0,0,0,25510,60,-75,-60,0,0,0,0,0,0,0,0,0,0,0,0
0,0,0,13960,36,-85,-74,0,0,0,0,0,0,0,0,0,0,0,0
0,0,0,4760,35,-94,-73,0,0,0,0,0,0,0,0,0,0,0,0
0,0,0,4790,21,-94,-82,0,0,0,0,0,0,0,0,0,0,0,0
0,0,0,9550,24,-86,-77,0,0,0,0,0,0,0,0,0,0,0,0
0,0,0,10100,23,-82,-75,0,0,0,0,0,0,0,0,0,0,0,0
0,0,0,11620,23,-76,-71,0,0,0,0,0,0,0,0,0,0,0,0
0,0,0,6910,25,-85,-66,0,0,0,0,0,0,0,0,0,0,0,0
0,0,0,8960,28,-71,-51,0,0,0,0,0,0,0,0,0,0,0,0
0,0,0,12760,26,-9,-35,0,0,0,0,0,0,0,0,0,0,0,0
0,0,0,12620,37,16,-8,0,0,0,0,0,0,0,0,0,0,0,0
0,0,0,7400,24,-23,-40,0,0,0,0,0,0,0,0,0,0,0,0
0,0,0,9070,28,1,-30,0,0,0,0,0,0,0,0,0,0,0,0
0,0,0,18250,67,95,68,0,0,0,0,0,0,0,0,0,0,0,0
0,0,0,11190,27,4,-32,0,0,0,0,0,0,0,0,0,0,0,0
0,1,0,10760,28,-1,-30,0,0,0,0,0,0,0,0,0,0,0,0
0,1,0,11230,27,2,-32,0,0,0,0,0,0,0,0,0,0,0,0
0,1,0,12430,32,14,-20,0,0,0,0,0,0,0,0,0,0,0,0
0,1,0,13080,42,14,5,0,0,0,0,0,0,0,0,0,0,0,0
0,1,0,14670,44,23,10,0,0,0,0,0,0,0,0,0,0,0,0
0,1,0,8110,29,-33,-28,0,0,0,0,0,0,0,0,0,0,0,0
0,1,0,9350,44,-20,10,0,0,0,0,0,0,0,0,0,0,0,0
0,1,0,11500,30,-3,-25,0,0,0,0,0,0,0,0,0,0,0,0
0,1,0,7990,20,-34,-50,0,0,0,0,0,0,0,0,0,0,0,0
0,0,0,7590,20,-31,-50,0,0,0,0,0,0,0,0,0,0,0,0
0,0,0,6760,24,-37,-40,0,0,0,0,0,0,0,0,0,0,0,0
0,0,0,6460,27,-37,-32,0,0,0,0,0,0,0,0,0,0,0,0
0,0,0,19260,53,97,32,0,0,0,0,0,0,0,0,0,0,0,0
0,0,0,14810,45,41,12,0,0,0,0,0,0,0,0,0,0,0,0
0,1,0,20020,49,88,22,1,0,0,0,0,0,0,0,0,0,0,0
0,1,0,11400,50,14,0,1,0,0,0,0,0,0,0,0,0,0,0
0,1,0,11500,35,13,-30,1,0,0,0,0,0,0,0,0,0,0,0
0,1,0,5250,66,-49,36,0,0,0,0,0,0,0,0,0,0,0,0
0,1,0,19420,60,98,20,0,0,0,0,0,0,0,0,0,0,0,0
0,1,0,5250,66,-49,36,0,0,0,0,0,0,0,0,0,0,0,0
0,1,0,19420,60,98,20,0,0,0,0,0,0,0,0,0,0,0,0
0,1,0,20060,57,87,12,0,0,0,0,0,0,0,0,0,0,0,0
0,1,0,7970,44,-32,-15,0,0,0,0,0,0,0,0,0,0,0,0
0,0,0,10330,35,-11,-32,0,0,0,0,0,0,0,0,0,0,0,0
0,0,0,18600,29,60,-42,0,0,0,0,0,0,0,0,0,0,0,0
0,0,0,4120,23,-67,-52,0,0,0,0,0,0,0,0,0,0,0,0
0,0,0,6790,17,-43,-62,0,0,0,0,0,0,0,0,0,0,0,0
0,0,0,4910,25,-58,-40,0,0,0,0,0,0,0,0,0,0,0,0
0,0,0,16410,32,51,-20,0,0,0,0,0,0,0,0,0,0,0,0
0,0,0,8280,30,-27,-25,0,0,0,0,0,0,0,0,0,0,0,0
0,0,0,3610,16,-69,-60,0,0,0,0,0,0,0,0,0,0,0,0
0,0,0,3410,16,-66,-60,0,0,0,0,0,0,0,0,0,0,0,0
0,0,0,7400,25,-12,-38,0,0,0,0,0,0,0,0,0,0,0,0
0,0,0,6650,27,-21,-32,0,0,0,0,0,0,0,0,0,0,0,0
0,0,0,5930,31,-26,-22,0,0,0,0,0,0,0,0,0,0,0,0
0,0,0,7530,32,12,-20,0,0,0,0,0,0,0,0,0,0,0,0
0,0,0,5170,19,-27,-52,0,0,0,0,0,0,0,0,0,0,0,0
0,0,0,3760,22,-46,-45,0,0,0,0,0,0,0,0,0,0,0,0
0,0,0,1160,20,-83,-50,0,0,0,0,0,0,0,0,0,0,0,0
0,0,0,5400,39,2,-2,0,0,0,0,0,0,0,0,0,0,0,0
0,0,0,1270,9,-75,-78,0,0,0,0,0,0,0,0,0,0,0,0
0,0,0,2870,22,-40,-45,0,0,0,0,0,0,0,0,0,0,0,0
0,0,0,1600,11,-66,-72,0,0,0,0,0,0,0,0,0,0,0,0
0,0,0,2720,23,-34,-42,0,0,0,0,0,0,0,0,0,0,0,0
0,0,0,4310,29,15,-28,0,0,0,0,0,0,0,0,0,0,0,0
0,0,0,4240,25,19,-38,0,0,0,0,0,0,0,0,0,0,0,0
0,0,0,3420,14,5,-65,0,0,0,0,0,0,0,0,0,0,0,0
0,0,0,2910,24,-5,-40,0,0,0,0,0,0,0,0,0,0,0,0
0,0,0,1560,15,-48,-62,0,0,0,0,0,0,0,0,0,0,0,0
0,0,0,3460,47,14,18,0,0,0,0,0,0,0,0,0,0,0,0
0,0,0,5020,32,77,-20,0,0,0,0,0,0,0,0,0,0,0,0
0,0,0,2430,19,-24,-52,0,0,0,0,0,0,0,0,0,0,0,0
0,0,0,2260,17,-29,-58,0,0,0,0,0,0,0,0,0,0,0,0
0,0,0,1480,7,-54,-82,0,0,0,0,0,0,0,0,0,0,0,0
0,0,0,920,9,-71,-78,0,0,0,0,0,0,0,0,0,0,0,0
0,0,0,1180,14,-57,-65,0,0,0,0,0,0,0,0,0,0,0,0
0,0,0,2290,6,-7,-85,0,0,0,0,0,0,0,0,0,0,0,0
0,0,0,4080,19,73,-52,0,0,0,0,0,0,0,0,0,0,0,0
0,0,0,3380,14,37,-65,0,0,0,0,0,0,0,0,0,0,0,0
0,0,0,920,9,-65,-78,0,0,0,0,0,0,0,0,0,0,0,0
0,0,0,3840,13,60,-68,0,0,0,0,0,0,0,0,0,0,0,0
0,0,0,2540,19,12,-52,0,0,0,0,0,0,0,0,0,0,0,0
0,0,0,590,11,-74,-72,0,0,0,0,0,0,0,0,0,0,0,0
0,0,0,3720,43,75,8,0,0,0,0,0,0,0,0,0,0,0,0
0,0,0,590,11,-74,-72,0,0,0,0,0,0,0,0,0,0,0,0
0,0,0,3720,43,75,8,0,0,0,0,0,0,0,0,0,0,0,0
0,0,0,2340,19,0,-52,0,0,0,0,0,0,0,0,0,0,0,0
0,0,0,2610,39,5,-2,0,0,0,0,0,0,0,0,0,0,0,0
0,0,0,3030,29,15,-28,0,0,0,0,0,0,0,0,0,0,0,0
0,0,0,3430,23,27,-42,0,0,0,0,0,0,0,0,0,0,0,0
0,0,0,3330,17,26,-58,0,0,0,0,0,0,0,0,0,0,0,0
0,0,0,1950,19,-26,-52,0,0,0,0,0,0,0,0,0,0,0,0
0,0,0,3610,20,32,-50,0,0,0,0,0,0,0,0,0,0,0,0
0,0,0,3530,27,30,-32,0,0,0,0,0,0,0,0,0,0,0,0
0,0,0,1150,6,-59,-85,0,0,0,0,0,0,0,0,0,0,0,0
0,0,0,2180,10,-24,-75,0,0,0,0,0,0,0,0,0,0,0,0
0,0,0,2760,24,2,-40,0,0,0,0,0,0,0,0,0,0,0,0
0,0,0,2740,17,0,-58,0,0,0,0,0,0,0,0,0,0,0,0
0,0,0,750,15,-73,-62,0,0,0,0,0,0,0,0,0,0,0,0
0,0,0,5050,55,99,38,0,0,0,0,0,0,0,0,0,0,0,0
0,0,0,1920,32,-29,-20,0,0,0,0,0,0,0,0,0,0,0,0
0,0,0,2820,25,10,-38,0,0,0,0,0,0,0,0,0,0,0,0
0,0,0,3300,15,24,-62,0,0,0,0,0,0,0,0,0,0,0,0
0,0,0,2150,13,-18,-68,0,0,0,0,0,0,0,0,0,0,0,0
0,0,0,3310,17,33,-58,0,0,0,0,0,0,0,0,0,0,0,0
0,0,0,2290,29,-15,-28,0,0,0,0,0,0,0,0,0,0,0,0
0,0,0,1380,56,-49,40,0,0,0,0,0,0,0,0,0,0,0,0
0,0,0,2780,19,8,-52,0,0,0,0,0,0,0,0,0,0,0,0
0,0,0,2920,16,13,-60,0,0,0,0,0,0,0,0,0,0,0,0
0,0,0,2700,14,-3,-65,0,0,0,0,0,0,0,0,0,0,0,0
0,0,0,780,6,-70,-85,0,0,0,0,0,0,0,0,0,0,0,0
0,0,0,2810,7,15,-82,0,0,0,0,0,0,0,0,0,0,0,0
0,0,0,2350,19,-4,-52,0,0,0,0,0,0,0,0,0,0,0,0
0,0,0,1490,10,-37,-75,0,0,0,0,0,0,0,0,0,0,0,0
0,0,0,1970,17,-14,-58,0,0,0,0,0,0,0,0,0,0,0,0
0,0,0,3890,46,81,15,0,0,0,0,0,0,0,0,0,0,0,0
0,0,0,1340,21,-42,-48,0,0,0,0,0,0,0,0,0,0,0,0
0,0,0,1620,11,-30,-72,0,0,0,0,0,0,0,0,0,0,0,0
0,0,0,2570,10,18,-75,0,0,0,0,0,0,0,0,0,0,0,0
0,0,0,1190,9,-45,-78,0,0,0,0,0,0,0,0,0,0,0,0
0,0,0,2680,14,34,-65,0,0,0,0,0,0,0,0,0,0,0,0
0,0,0,3390,13,55,-68,0,0,0,0,0,0,0,0,0,0,0,0
0,0,0,4390,16,95,-60,0,0,0,0,0,0,0,0,0,0,0,0
0,0,0,1870,11,-24,-72,0,0,0,0,0,0,0,0,0,0,0,0
0,0,0,2650,18,7,-55,0,0,0,0,0,0,0,0,0,0,0,0
0,0,0,3680,22,44,-45,0,0,0,0,0,0,0,0,0,0,0,0
0,0,0,2850,10,12,-75,0,0,0,0,0,0,0,0,0,0,0,0
0,0,0,2070,14,-23,-65,0,0,0,0,0,0,0,0,0,0,0,0
0,0,0,4720,26,73,-35,0,0,0,0,0,0,0,0,0,0,0,0
0,0,0,1070,10,-64,-75,0,0,0,0,0,0,0,0,0,0,0,0
0,0,0,3110,23,6,-42,0,0,0,0,0,0,0,0,0,0,0,0
0,0,0,3100,22,4,-45,0,0,0,0,0,0,0,0,0,0,0,0
0,0,0,3130,25,6,-38,0,0,0,0,0,0,0,0,0,0,0,0
0,0,0,2890,28,2,-30,0,0,0,0,0,0,0,0,0,0,0,0
0,0,0,2870,21,-2,-48,0,0,0,0,0,0,0,0,0,0,0,0
0,0,0,3090,18,5,-55,0,0,0,0,0,0,0,0,0,0,0,0
0,0,0,3510,19,22,-52,0,0,0,0,0,0,0,0,0,0,0,0
0,0,0,2970,19,0,-52,0,0,0,0,0,0,0,0,0,0,0,0
0,0,0,4290,45,41,12,0,0,0,0,0,0,0,0,0,0,0,0
0,0,0,2510,17,-16,-58,0,0,0,0,0,0,0,0,0,0,0,0
0,0,0,2920,20,-7,-50,0,0,0,0,0,0,0,0,0,0,0,0
0,0,0,6150,25,97,-38,0,0,0,0,0,0,0,0,0,0,0,0
0,0,0,3600,20,5,-50,0,0,0,0,0,0,0,0,0,0,0,0
0,0,0,1980,18,-43,-55,0,0,0,0,0,0,0,0,0,0,0,0
0,0,0,3210,13,-5,-68,0,0,0,0,0,0,0,0,0,0,0,0
0,0,0,4190,25,22,-38,0,0,0,0,0,0,0,0,0,0,0,0
0,0,0,560,7,-84,-82,0,0,0,0,0,0,0,0,0,0,0,0
0,0,0,1100,6,-66,-85,0,0,0,0,0,0,0,0,0,0,0,0
0,0,0,3180,11,4,-72,0,0,0,0,0,0,0,0,0,0,0,0
0,0,0,4350,22,48,-45,0,0,0,0,0,0,0,0,0,0,0,0
0,0,0,5090,35,63,-12,0,0,0,0,0,0,0,0,0,0,0,0
