0,1,1,61770,1062,31,90,0,6,2,4,0,0,0,0,0,10800,6000,1
0,0,0,4630,89,-56,-42,0,1,0,0,0,0,0,0,0,50,50,1
1,0,0,3250,68,-67,-54,0,1,0,0,1,0,0,0,0,30000,30000,1
0,1,0,19320,320,106,118,1,2,1,1,0,0,0,0,0,2300,2000,1
1,1,1,39700,805,-17,5,0,3,1,2,0,0,0,0,0,8700,5000,1
1,1,1,61140,306,22,-69,0,8,5,2,1,0,0,0,0,89400,80000,1
1,1,1,108750,384,96,-56,0,4,2,2,0,0,0,0,0,6200,3000,1
0,0,1,106610,546,26,43,0,6,2,4,0,0,0,0,0,20800,7000,1
0,0,1,80210,525,18,32,0,3,1,2,0,0,0,0,0,2700,1000,1
0,1,0,1860,33,-78,-30,0,1,0,1,0,0,0,0,0,4000,4000,1
1,1,1,31620,208,-64,-45,0,2,1,0,1,0,0,0,0,40400,40000,1
0,0,1,20380,162,-58,-59,0,2,1,1,0,0,0,0,0,4700,4000,1
0,0,0,7570,69,69,67,0,1,0,1,0,0,0,0,0,5000,5000,1
0,1,1,32690,380,-31,-5,0,2,2,0,0,0,0,0,0,1100,700,1
0,0,1,31250,430,-16,2,0,3,0,3,0,0,0,0,0,4000,2000,1
0,1,1,14990,185,-49,-51,0,2,1,1,0,0,0,0,0,4500,4000,1
1,1,1,13740,218,-55,-42,0,0,0,0,0,0,0,0,0,0,0,1
0,1,1,28520,483,-19,5,1,3,3,0,0,0,0,0,0,1700,700,1
1,1,1,92780,1256,173,172,1,5,2,2,1,0,0,0,0,23500,20000,1
0,1,1,81410,441,-19,-56,0,3,2,1,0,0,0,0,0,10200,9000,1
0,0,1,54150,307,-46,-35,0,3,3,0,0,0,0,0,0,800,300,1
0,0,1,69660,362,-10,-8,0,2,2,0,0,0,0,0,0,800,500,1
0,0,1,20250,157,-41,-39,0,4,3,1,0,0,0,0,0,2600,1000,1
0,0,1,29150,259,0,18,0,1,1,0,0,0,0,0,0,600,600,1
1,0,1,40200,334,45,59,0,1,1,0,0,0,0,0,0,900,900,1
0,0,0,4420,60,-2,28,0,0,0,0,0,0,0,0,0,0,0,1
0,1,1,31390,376,-7,18,0,2,0,2,0,0,0,0,0,6000,4000,1
1,0,1,11230,103,-65,-68,0,4,1,2,1,0,0,0,0,25200,20000,1
0,0,1,21760,250,-54,-48,0,2,2,0,0,0,0,0,0,600,400,1
0,1,1,20160,243,-47,-36,0,2,1,1,0,0,0,0,0,2700,2000,1
0,0,1,71080,767,88,94,0,5,3,2,0,0,0,0,0,4600,2000,1
0,0,1,50090,699,-5,19,0,3,1,2,0,0,0,0,0,12600,7000,1
0,1,1,44770,770,-22,2,0,1,0,1,0,0,0,0,0,1000,1000,1
1,0,1,51230,944,-10,8,0,2,0,2,0,0,0,0,0,5000,3000,1
0,0,0,2440,16,-27,-60,0,0,0,0,0,0,0,0,0,0,0,0
0,0,0,950,46,-68,15,0,0,0,0,0,0,0,0,0,0,0,0
0,0,0,2440,63,-10,58,0,0,0,0,0,0,0,0,0,0,0,0
0,0,0,1820,55,-34,38,0,0,0,0,0,0,0,0,0,0,0,0
0,0,0,1650,46,-37,15,0,0,0,0,0,0,0,0,0,0,0,0
0,0,0,4310,66,83,65,0,0,0,0,0,0,0,0,0,0,0,0
0,0,0,4200,74,54,85,0,0,0,0,0,0,0,0,0,0,0,0
0,1,0,7130,105,134,142,1,0,0,0,0,0,0,0,0,0,0,0
0,1,0,5630,98,64,86,0,0,0,0,0,0,0,0,0,0,0,0
0,1,0,5660,118,59,95,0,0,0,0,0,0,0,0,0,0,0,0
0,1,0,7190,123,98,79,1,0,0,0,0,0,0,0,0,0,0,0
0,1,0,6220,111,52,40,1,0,0,0,0,0,0,0,0,0,0,0
0,1,0,4030,127,-13,48,1,0,0,0,0,0,0,0,0,0,0,0
0,1,0,8670,151,-25,-58,0,0,0,0,0,0,0,0,0,0,0,0
0,1,0,7510,169,-35,-53,0,0,0,0,0,0,0,0,0,0,0,0
0,1,0,3110,164,-73,-54,0,0,0,0,0,0,0,0,0,0,0,0
0,1,0,5550,168,-52,-53,0,0,0,0,0,0,0,0,0,0,0,0
0,1,0,7560,133,-34,-47,0,1,0,1,0,0,0,0,0,4000,4000,0
0,0,0,3610,154,-67,-55,0,0,0,0,0,0,0,0,0,0,0,0
0,0,0,4490,177,-60,-49,0,0,0,0,0,0,0,0,0,0,0,0
0,0,0,3100,184,-72,-47,0,0,0,0,0,0,0,0,0,0,0,0
0,0,1,18470,525,-46,-41,0,0,0,0,0,0,0,0,0,0,0,0
0,0,1,17220,529,-50,-41,0,0,0,0,0,0,0,0,0,0,0,0
0,0,1,25010,524,-27,-41,0,0,0,0,0,0,0,0,0,0,0,0
0,0,1,17540,252,-23,-48,0,0,0,0,0,0,0,0,0,0,0,0
0,0,1,15170,414,-56,-54,0,0,0,0,0,0,0,0,0,0,0,0
0,0,1,103380,2701,193,187,0,1,0,0,0,1,0,0,0,200000,200000,0
0,0,1,38230,835,61,63,0,0,0,0,0,0,0,0,0,0,0,0
0,0,1,43380,693,83,36,0,0,0,0,0,0,0,0,0,0,0,0
0,0,1,26450,529,12,3,0,0,0,0,0,0,0,0,0,0,0,0
0,0,1,27450,512,16,0,0,1,1,0,0,0,0,0,0,300,300,0
0,0,1,25750,494,9,-3,0,0,0,0,0,0,0,0,0,0,0,0
0,0,1,23310,242,-2,-53,0,1,1,0,0,0,0,0,0,700,700,0
1,0,1,26170,388,23,-19,0,0,0,0,0,0,0,0,0,0,0,0
1,0,1,42450,429,99,-10,0,0,0,0,0,0,0,0,0,0,0,0
1,0,1,63560,317,198,-33,0,0,0,0,0,0,0,0,0,0,0,0
1,0,1,58720,513,175,8,0,0,0,0,0,0,0,0,0,0,0,0
1,0,1,31010,512,45,7,0,0,0,0,0,0,0,0,0,0,0,0
1,0,1,31450,286,47,-40,0,0,0,0,0,0,0,0,0,0,0,0
1,0,1,31310,504,47,6,0,0,0,0,0,0,0,0,0,0,0,0
1,0,1,27020,294,334,-5,1,0,0,0,0,0,0,0,0,0,0,0
0,0,0,10160,278,-5,15,0,0,0,0,0,0,0,0,0,0,0,0
0,0,0,18820,299,75,24,0,1,0,1,0,0,0,0,0,4000,4000,0
0,0,0,13780,289,28,20,0,0,0,0,0,0,0,0,0,0,0,0
0,0,1,14080,172,-38,-65,0,0,0,0,0,0,0,0,0,0,0,0
0,0,1,11690,235,-48,-52,0,0,0,0,0,0,0,0,0,0,0,0
0,0,1,33500,231,48,-53,0,0,0,0,0,0,0,0,0,0,0,0
0,0,1,58190,419,158,-14,0,0,0,0,0,0,0,0,0,0,0,0
0,0,1,31390,362,39,-26,0,0,0,0,0,0,0,0,0,0,0,0
0,1,1,25850,476,1,-6,0,0,0,0,0,0,0,0,0,0,0,0
0,1,1,23040,392,-10,-22,0,0,0,0,0,0,0,0,0,0,0,0
0,1,1,15300,295,-40,-41,0,0,0,0,0,0,0,0,0,0,0,0
0,1,1,14050,228,-45,-55,0,0,0,0,0,0,0,0,0,0,0,0
0,1,1,9450,209,-63,-59,0,0,0,0,0,0,0,0,0,0,0,0
0,1,1,36250,361,42,-28,0,0,0,0,0,0,0,0,0,0,0,0
0,1,1,24570,327,-4,-35,0,0,0,0,0,0,0,0,0,0,0,0
0,1,1,26860,319,5,-37,0,0,0,0,0,0,0,0,0,0,0,0
0,1,1,16000,313,-38,-36,0,0,0,0,0,0,0,0,0,0,0,0
0,1,1,21860,196,-16,-60,0,0,0,0,0,0,0,0,0,0,0,0
0,1,1,12900,201,-50,-59,0,0,0,0,0,0,0,0,0,0,0,0
0,1,1,27590,314,6,-35,0,0,0,0,0,0,0,0,0,0,0,0
0,1,1,15010,368,-42,-24,0,1,1,0,0,0,0,0,0,800,800,0
0,1,1,9970,323,-62,-33,0,0,0,0,0,0,0,0,0,0,0,0
0,1,1,18970,301,-27,-38,0,1,0,1,0,0,0,0,0,1000,1000,0
0,1,1,13000,311,-50,-36,0,0,0,0,0,0,0,0,0,0,0,0
0,1,0,14970,409,39,69,0,0,0,0,0,0,0,0,0,0,0,0
0,1,0,14390,329,34,36,0,0,0,0,0,0,0,0,0,0,0,0
0,1,0,6790,238,-37,-2,0,0,0,0,0,0,0,0,0,0,0,0
0,1,1,38430,406,54,-10,0,0,0,0,0,0,0,0,0,0,0,0
0,1,1,29380,381,18,-15,0,0,0,0,0,0,0,0,0,0,0,0
0,1,1,35720,306,43,-32,0,0,0,0,0,0,0,0,0,0,0,0
0,1,1,22990,395,-8,-12,0,0,0,0,0,0,0,0,0,0,0,0
0,1,1,15190,367,-39,-18,0,0,0,0,0,0,0,0,0,0,0,0
0,1,1,34750,368,36,-17,0,0,0,0,0,0,0,0,0,0,0,0
0,1,1,84880,807,233,82,0,1,1,0,0,0,0,0,0,800,800,0
0,1,1,45560,591,79,33,0,0,0,0,0,0,0,0,0,0,0,0
0,1,1,36940,439,45,-1,0,0,0,0,0,0,0,0,0,0,0,0
0,1,1,28960,444,14,0,0,1,1,0,0,0,0,0,0,300,300,0
0,1,1,22260,493,-13,11,0,1,1,0,0,0,0,0,0,900,900,0
0,1,1,14370,338,-44,-24,0,1,1,0,0,0,0,0,0,400,400,0
0,1,1,16480,401,-35,-10,0,0,0,0,0,0,0,0,0,0,0,0
0,1,0,14300,275,33,14,0,0,0,0,0,0,0,0,0,0,0,0
0,1,0,12280,290,14,20,0,0,0,0,0,0,0,0,0,0,0,0
0,1,0,11140,295,4,22,0,0,0,0,0,0,0,0,0,0,0,0
0,1,0,4500,207,-58,-14,0,0,0,0,0,0,0,0,0,0,0,0
0,1,0,7400,206,-31,-15,0,0,0,0,0,0,0,0,0,0,0,0
0,1,0,9380,234,-13,-3,0,0,0,0,0,0,0,0,0,0,0,0
0,1,0,11550,204,8,-16,0,1,1,0,0,0,0,0,0,600,600,0
0,1,0,10070,243,-6,0,0,0,0,0,0,0,0,0,0,0,0,0
0,1,0,5940,182,-41,-21,0,0,0,0,0,0,0,0,0,0,0,0
0,1,0,7860,165,-21,-28,0,0,0,0,0,0,0,0,0,0,0,0
0,1,0,5420,163,-46,-29,0,0,0,0,0,0,0,0,0,0,0,0
0,1,0,7440,130,-26,-43,0,0,0,0,0,0,0,0,0,0,0,0
0,1,0,8550,205,-15,-11,0,0,0,0,0,0,0,0,0,0,0,0
0,1,0,11150,201,11,-12,0,0,0,0,0,0,0,0,0,0,0,0
0,1,0,6510,187,-35,-19,0,0,0,0,0,0,0,0,0,0,0,0
0,1,0,5000,163,-50,-29,0,0,0,0,0,0,0,0,0,0,0,0
0,1,0,6550,163,-33,-29,0,0,0,0,0,0,0,0,0,0,0,0
0,1,0,5880,175,-40,-24,0,0,0,0,0,0,0,0,0,0,0,0
0,1,0,8290,229,-15,0,0,0,0,0,0,0,0,0,0,0,0,0
0,1,0,6790,194,-30,-15,0,0,0,0,0,0,0,0,0,0,0,0
0,1,0,7170,170,-27,-26,0,0,0,0,0,0,0,0,0,0,0,0
0,1,0,8780,226,-10,-1,0,0,0,0,0,0,0,0,0,0,0,0
0,1,1,16980,451,-30,-38,0,0,0,0,0,0,0,0,0,0,0,0
0,1,1,21910,695,-10,-4,0,1,1,0,0,0,0,0,0,300,300,0
0,1,1,28130,304,15,-28,0,1,0,1,0,0,0,0,0,6000,6000,0
0,1,1,28210,618,15,47,0,0,0,0,0,0,0,0,0,0,0,0
0,1,1,22130,390,-10,-7,0,2,1,0,1,0,0,0,0,30300,30000,0
0,1,0,9860,324,7,46,0,0,0,0,0,0,0,0,0,0,0,0
0,1,1,18830,201,-23,-52,0,0,0,0,0,0,0,0,0,0,0,0
0,1,1,34360,604,40,44,0,0,0,0,0,0,0,0,0,0,0,0
0,1,0,15640,517,67,72,0,0,0,0,0,0,0,0,0,0,0,0
1,1,0,19760,445,114,101,0,0,0,0,0,0,0,0,0,0,0,0
1,1,0,11660,330,26,49,0,0,0,0,0,0,0,0,0,0,0,0
1,1,1,17390,278,-31,-32,0,1,1,0,0,0,0,0,0,600,600,0
1,1,1,41300,336,64,-17,0,1,0,1,0,0,0,0,0,4000,4000,0
1,1,1,26880,317,6,-22,0,0,0,0,0,0,0,0,0,0,0,0
1,1,1,30820,389,22,-4,0,0,0,0,0,0,0,0,0,0,0,0
1,1,1,20610,274,-18,-33,0,0,0,0,0,0,0,0,0,0,0,0
1,1,1,47470,466,88,14,0,0,0,0,0,0,0,0,0,0,0,0
1,0,1,87260,2457,275,258,0,1,0,0,1,0,0,0,0,80000,80000,0
1,0,1,30060,1135,29,66,0,0,0,0,0,0,0,0,0,0,0,0
1,0,0,23670,721,153,140,0,1,1,0,0,0,0,0,0,300,300,0
1,0,0,15600,548,67,83,0,0,0,0,0,0,0,0,0,0,0,0
1,0,1,13520,528,-42,-23,0,0,0,0,0,0,0,0,0,0,0,0
1,0,1,16590,324,61,17,0,1,1,0,0,0,0,0,0,300,300,0
1,0,1,10000,208,-62,-49,0,1,1,0,0,0,0,0,0,500,500,0
1,0,1,19140,545,-10,-12,0,0,0,0,0,0,0,0,0,0,0,0
1,0,1,34020,858,60,38,0,0,0,0,0,0,0,0,0,0,0,0
1,0,1,25400,810,19,31,0,0,0,0,0,0,0,0,0,0,0,0
1,0,1,19910,373,-24,-2,0,1,0,1,0,0,0,0,0,5000,5000,0
1,0,1,15770,549,-26,-12,0,0,0,0,0,0,0,0,0,0,0,0
1,0,1,19860,300,-24,-21,0,0,0,0,0,0,0,0,0,0,0,0
1,0,1,35130,859,65,38,0,0,0,0,0,0,0,0,0,0,0,0
1,0,1,26630,785,25,27,0,0,0,0,0,0,0,0,0,0,0,0
1,0,0,15280,521,63,74,0,0,0,0,0,0,0,0,0,0,0,0
1,0,0,10820,524,16,75,0,0,0,0,0,0,0,0,0,0,0,0
1,0,0,7170,278,-23,-7,0,0,0,0,0,0,0,0,0,0,0,0
1,0,1,14930,244,-46,-42,0,0,0,0,0,0,0,0,0,0,0,0
1,0,1,20670,376,-25,-10,0,0,0,0,0,0,0,0,0,0,0,0
1,0,1,17360,380,-37,-9,0,0,0,0,0,0,0,0,0,0,0,0
1,0,1,12840,350,157,40,0,0,0,0,0,0,0,0,0,0,0,0
1,0,1,28010,693,23,3,0,0,0,0,0,0,0,0,0,0,0,0
1,0,0,17620,557,91,151,0,1,1,0,0,0,0,0,0,300,300,0
1,0,1,12950,428,-38,-31,0,0,0,0,0,0,0,0,0,0,0,0
1,0,1,17320,586,-17,-6,0,0,0,0,0,0,0,0,0,0,0,0
1,0,1,28610,330,12,-15,0,2,1,1,0,0,0,0,0,6900,6000,0
1,0,1,16170,414,-37,6,0,0,0,0,0,0,0,0,0,0,0,0
1,0,1,15600,274,-39,-30,0,0,0,0,0,0,0,0,0,0,0,0
1,0,1,52360,1004,150,61,0,0,0,0,0,0,0,0,0,0,0,0
1,0,1,44960,1172,115,88,0,1,1,0,0,0,0,0,0,200,200,0
0,0,1,18580,753,-7,25,0,0,0,0,0,0,0,0,0,0,0,0
0,0,0,12240,452,33,104,0,0,0,0,0,0,0,0,0,0,0,0
0,0,1,16840,318,-28,-17,0,0,0,0,0,0,0,0,0,0,0,0
0,0,1,15820,382,-32,0,0,0,0,0,0,0,0,0,0,0,0,0
0,0,1,17690,284,-24,-26,0,1,1,0,0,0,0,0,0,300,300,0
0,0,1,15380,251,-34,-34,0,0,0,0,0,0,0,0,0,0,0,0
0,0,0,9540,339,3,53,0,0,0,0,0,0,0,0,0,0,0,0
0,0,0,18040,317,95,43,0,0,0,0,0,0,0,0,0,0,0,0
0,0,0,8100,300,-12,35,0,0,0,0,0,0,0,0,0,0,0,0
0,0,0,8690,262,-6,18,0,0,0,0,0,0,0,0,0,0,0,0
0,0,0,7120,227,-23,2,0,0,0,0,0,0,0,0,0,0,0,0
0,0,0,8380,234,-9,6,0,0,0,0,0,0,0,0,0,0,0,0
0,0,0,5280,232,-43,5,0,0,0,0,0,0,0,0,0,0,0,0
0,0,0,6260,268,-33,-11,0,0,0,0,0,0,0,0,0,0,0,0
0,0,0,6170,187,-33,-16,0,0,0,0,0,0,0,0,0,0,0,0
0,0,0,5510,157,-40,-29,0,0,0,0,0,0,0,0,0,0,0,0
0,0,0,5780,163,-36,-25,0,0,0,0,0,0,0,0,0,0,0,0
0,0,0,6390,138,-29,-36,0,0,0,0,0,0,0,0,0,0,0,0
0,0,0,7340,213,-19,-28,0,0,0,0,0,0,0,0,0,0,0,0
0,0,0,17730,134,97,-38,0,0,0,0,0,0,0,0,0,0,0,0
0,0,0,650,80,-82,-28,0,0,0,0,0,0,0,0,0,0,0,0
0,0,0,1400,58,-62,-47,0,0,0,0,0,0,0,0,0,0,0,0
0,0,0,2390,50,-73,-77,0,0,0,0,0,0,0,0,0,0,0,0
0,0,0,5760,65,-36,-70,0,0,0,0,0,0,0,0,0,0,0,0
0,0,0,1910,87,-48,-20,0,0,0,0,0,0,0,0,0,0,0,0
0,0,0,6220,76,-26,-65,0,0,0,0,0,0,0,0,0,0,0,0
0,0,0,2770,45,-67,-79,0,0,0,0,0,0,0,0,0,0,0,0
0,0,0,2940,65,-20,-40,0,0,0,0,0,0,0,0,0,0,0,0
0,0,0,2960,91,-19,-16,0,0,0,0,0,0,0,0,0,0,0,0
0,0,0,3990,231,66,98,0,0,0,0,0,0,0,0,0,0,0,0
0,0,0,2840,115,18,-1,0,0,0,0,0,0,0,0,0,0,0,0
0,0,0,5900,63,-30,-71,0,1,0,1,0,0,0,0,0,2000,2000,0
0,0,0,6980,37,-10,-81,0,1,1,0,0,0,0,0,0,300,300,0
0,0,0,3540,186,62,74,0,0,0,0,0,0,0,0,0,0,0,0
0,0,1,10360,131,76,-49,0,0,0,0,0,0,0,0,0,0,0,0
0,0,1,8820,243,50,-5,0,0,0,0,0,0,0,0,0,0,0,0
0,0,1,2880,92,-74,-67,0,1,0,1,0,0,0,0,0,2000,2000,0
0,0,1,15470,286,163,12,0,0,0,0,0,0,0,0,0,0,0,0
0,0,1,15120,166,-35,-58,0,1,0,1,0,0,0,0,0,3000,3000,0
0,0,1,14140,200,-39,-50,0,0,0,0,0,0,0,0,0,0,0,0
0,0,1,8180,136,-64,-66,0,0,0,0,0,0,0,0,0,0,0,0
0,0,1,16360,149,-28,-63,0,1,1,0,0,0,0,0,0,800,800,0
0,0,1,8450,121,-63,-70,0,0,0,0,0,0,0,0,0,0,0,0
0,0,1,7090,124,-69,-69,0,0,0,0,0,0,0,0,0,0,0,0
0,0,1,15160,180,-33,-55,0,1,1,0,0,0,0,0,0,500,500,0
0,0,1,22140,190,-2,-53,0,1,0,1,0,0,0,0,0,2000,2000,0
0,0,1,17710,191,-22,-52,0,0,0,0,0,0,0,0,0,0,0,0
0,0,1,16430,213,-27,-47,0,1,0,1,0,0,0,0,0,6000,6000,0
0,0,1,38820,647,259,137,0,0,0,0,0,0,0,0,0,0,0,0
0,0,1,27540,291,28,-24,0,0,0,0,0,0,0,0,0,0,0,0
0,0,1,21280,217,-1,-43,0,0,0,0,0,0,0,0,0,0,0,0
0,0,1,11570,166,-46,-56,0,0,0,0,0,0,0,0,0,0,0,0
0,0,1,12350,296,101,21,0,0,0,0,0,0,0,0,0,0,0,0
0,0,1,18850,215,-13,-43,0,0,0,0,0,0,0,0,0,0,0,0
0,0,0,14000,160,81,-20,0,0,0,0,0,0,0,0,0,0,0,0
0,0,0,12470,124,61,-38,0,0,0,0,0,0,0,0,0,0,0,0
0,0,1,7100,227,-37,-19,0,0,0,0,0,0,0,0,0,0,0,0
0,0,1,6020,129,-71,-64,0,0,0,0,0,0,0,0,0,0,0,0
0,0,1,17800,436,58,56,0,0,0,0,0,0,0,0,0,0,0,0
0,0,1,20500,717,82,157,0,0,0,0,0,0,0,0,0,0,0,0
0,0,1,23210,264,12,-27,0,1,1,0,0,0,0,0,0,900,900,0
0,0,1,14070,504,25,81,0,0,0,0,0,0,0,0,0,0,0,0
0,0,1,24100,197,16,-45,0,0,0,0,0,0,0,0,0,0,0,0
0,0,1,15380,418,37,50,0,0,0,0,0,0,0,0,0,0,0,0
0,0,1,33560,590,194,111,0,0,0,0,0,0,0,0,0,0,0,0
0,0,1,38560,741,237,166,0,1,0,1,0,0,0,0,0,7000,7000,0
0,0,1,11440,505,0,81,0,0,0,0,0,0,0,0,0,0,0,0
0,0,1,11720,178,-39,-47,0,1,1,0,0,0,0,0,0,700,700,0
0,0,1,12740,203,-33,-39,0,0,0,0,0,0,0,0,0,0,0,0
0,0,1,19820,527,73,89,0,0,0,0,0,0,0,0,0,0,0,0
0,0,1,12400,402,9,44,0,0,0,0,0,0,0,0,0,0,0,0
0,0,1,22900,332,20,-1,0,0,0,0,0,0,0,0,0,0,0,0
0,1,1,11320,472,-6,56,1,0,0,0,0,0,0,0,0,0,0,0
0,1,1,14770,241,-19,-24,0,0,0,0,0,0,0,0,0,0,0,0
0,1,1,18170,408,50,35,1,0,0,0,0,0,0,0,0,0,0,0
0,1,1,19300,509,60,69,1,0,0,0,0,0,0,0,0,0,0,0
0,1,1,16640,407,38,35,1,0,0,0,0,0,0,0,0,0,0,0
0,1,1,12370,346,2,15,1,0,0,0,0,0,0,0,0,0,0,0
0,1,1,20720,284,13,-11,0,0,0,0,0,0,0,0,0,0,0,0
0,1,1,12430,187,-32,-41,0,0,0,0,0,0,0,0,0,0,0,0
0,1,1,6360,274,-51,-16,1,0,0,0,0,0,0,0,0,0,0,0
0,1,1,7600,246,-42,-25,1,0,0,0,0,0,0,0,0,0,0,0
0,1,1,8690,251,-34,-23,1,0,0,0,0,0,0,0,0,0,0,0
0,1,1,10980,327,-16,0,1,0,0,0,0,0,0,0,0,0,0,0
0,1,1,16110,402,23,23,1,0,0,0,0,0,0,0,0,0,0,0
0,1,1,38880,689,197,110,1,1,0,1,0,0,0,0,0,2000,2000,0
0,1,1,36230,822,177,151,1,1,0,1,0,0,0,0,0,8000,8000,0
0,1,1,23800,540,82,65,1,0,0,0,0,0,0,0,0,0,0,0
0,1,1,17590,500,36,53,1,0,0,0,0,0,0,0,0,0,0,0
0,1,1,19810,209,21,-22,0,0,0,0,0,0,0,0,0,0,0,0
0,1,1,12800,213,-22,-20,0,0,0,0,0,0,0,0,0,0,0,0
0,1,1,26350,569,104,75,1,0,0,0,0,0,0,0,0,0,0,0
0,1,1,25850,595,100,83,1,0,0,0,0,0,0,0,0,0,0,0
0,1,1,24840,609,92,87,1,0,0,0,0,0,0,0,0,0,0,0
0,1,1,19340,218,18,-19,0,1,0,1,0,0,0,0,0,3000,3000,0
0,1,1,29060,660,125,103,1,1,1,0,0,0,0,0,0,300,300,0
0,1,1,39970,831,196,147,1,0,0,0,0,0,0,0,0,0,0,0
0,1,1,28920,659,114,96,1,0,0,0,0,0,0,0,0,0,0,0
0,1,1,21860,283,39,14,0,1,0,1,0,0,0,0,0,4000,4000,0
0,1,1,15180,196,-3,-21,0,0,0,0,0,0,0,0,0,0,0,0
0,1,1,10150,326,-25,-3,1,0,0,0,0,0,0,0,0,0,0,0
0,1,1,8260,343,-39,2,1,0,0,0,0,0,0,0,0,0,0,0
0,1,1,27670,305,283,53,0,0,0,0,0,0,0,0,0,0,0,0
0,1,1,32730,1209,353,506,1,0,0,0,0,0,0,0,0,0,0,0
0,1,1,11090,639,54,249,0,0,0,0,0,0,0,0,0,0,0,0
0,1,1,15740,278,8,-24,1,1,0,1,0,0,0,0,0,3000,3000,0
0,1,1,10730,233,-26,-36,1,0,0,0,0,0,0,0,0,0,0,0
0,1,1,26740,583,83,60,1,2,2,0,0,0,0,0,0,1400,800,0
0,1,1,26960,514,85,41,1,0,0,0,0,0,0,0,0,0,0,0
0,1,1,16540,213,2,-11,0,0,0,0,0,0,0,0,0,0,0,0
0,1,1,13550,358,-7,-2,1,0,0,0,0,0,0,0,0,0,0,0
0,1,1,23820,525,63,44,1,0,0,0,0,0,0,0,0,0,0,0
0,1,1,21000,483,40,28,1,1,1,0,0,0,0,0,0,200,200,0
0,1,1,31340,726,109,92,1,2,1,1,0,0,0,0,0,9500,9000,0
0,1,1,22830,608,53,61,1,0,0,0,0,0,0,0,0,0,0,0
0,1,1,25080,244,62,12,0,2,1,1,0,0,0,0,0,9500,9000,0
0,1,1,12980,436,-13,16,1,0,0,0,0,0,0,0,0,0,0,0
0,1,1,10270,306,-31,-19,1,0,0,0,0,0,0,0,0,0,0,0
0,1,1,20910,546,179,233,1,0,0,0,0,0,0,0,0,0,0,0
0,1,1,9410,383,-37,2,1,0,0,0,0,0,0,0,0,0,0,0
0,1,1,41740,966,164,143,0,0,0,0,0,0,0,0,0,0,0,0
0,1,1,22710,481,191,166,0,0,0,0,0,0,0,0,0,0,0,0
0,1,1,15710,308,101,70,0,0,0,0,0,0,0,0,0,0,0,0
0,1,1,15030,484,-5,22,0,0,0,0,0,0,0,0,0,0,0,0
0,1,1,26860,458,244,153,0,0,0,0,0,0,0,0,0,0,0,0
0,1,1,11630,481,-27,21,0,0,0,0,0,0,0,0,0,0,0,0
0,1,1,24690,565,56,42,0,0,0,0,0,0,0,0,0,0,0,0
0,1,1,14570,326,-8,-18,0,0,0,0,0,0,0,0,0,0,0,0
0,1,0,10210,394,169,251,0,0,0,0,0,0,0,0,0,0,0,0
0,1,0,8070,404,270,278,0,0,0,0,0,0,0,0,0,0,0,0
0,1,1,15930,171,-2,-21,0,0,0,0,0,0,0,0,0,0,0,0
0,1,1,33620,762,97,77,0,1,1,0,0,0,0,0,0,700,700,0
0,1,1,32960,982,93,128,0,0,0,0,0,0,0,0,0,0,0,0
0,1,1,22640,691,32,60,0,2,2,0,0,0,0,0,0,400,300,0
0,1,1,16940,455,-1,6,0,1,0,0,1,0,0,0,0,30000,30000,0
1,1,1,13880,507,-22,11,0,0,0,0,0,0,0,0,0,0,0,0
1,1,1,18340,534,3,17,0,0,0,0,0,0,0,0,0,0,0,0
1,1,1,19420,591,9,29,0,0,0,0,0,0,0,0,0,0,0,0
1,1,1,21300,710,19,55,0,1,0,1,0,0,0,0,0,2000,2000,0
1,1,1,23490,748,32,63,0,0,0,0,0,0,0,0,0,0,0,0
1,1,1,17970,518,1,13,0,0,0,0,0,0,0,0,0,0,0,0
1,1,1,17310,485,-3,6,0,0,0,0,0,0,0,0,0,0,0,0
1,1,1,17730,568,-1,24,0,0,0,0,0,0,0,0,0,0,0,0
1,1,1,25180,592,39,24,0,0,0,0,0,0,0,0,0,0,0,0
1,1,1,32240,702,77,47,0,0,0,0,0,0,0,0,0,0,0,0
1,1,1,21770,292,35,28,0,0,0,0,0,0,0,0,0,0,0,0
1,1,1,22320,337,39,48,0,1,0,0,1,0,0,0,0,10000,10000,0
1,1,1,15060,618,-17,29,0,0,0,0,0,0,0,0,0,0,0,0
1,1,1,23020,669,27,40,0,0,0,0,0,0,0,0,0,0,0,0
1,1,1,18850,587,4,23,0,0,0,0,0,0,0,0,0,0,0,0
1,1,1,9090,511,-51,4,0,0,0,0,0,0,0,0,0,0,0,0
1,1,0,10690,367,182,227,0,0,0,0,0,0,0,0,0,0,0,0
1,1,0,11040,316,191,181,0,0,0,0,0,0,0,0,0,0,0,0
1,1,1,19430,453,5,-8,0,1,1,0,0,0,0,0,0,600,600,0
1,1,1,21300,257,33,10,0,0,0,0,0,0,0,0,0,0,0,0
1,1,1,13200,199,-18,-15,0,0,0,0,0,0,0,0,0,0,0,0
1,1,1,13770,254,-14,9,0,0,0,0,0,0,0,0,0,0,0,0
1,1,1,33400,749,81,52,0,0,0,0,0,0,0,0,0,0,0,0
0,1,1,46080,942,146,87,0,0,0,0,0,0,0,0,0,0,0,0
0,1,1,27940,334,74,39,0,0,0,0,0,0,0,0,0,0,0,0
0,1,1,17600,543,-6,8,0,0,0,0,0,0,0,0,0,0,0,0
0,1,1,17050,476,-9,-5,0,0,0,0,0,0,0,0,0,0,0,0
0,1,1,10220,434,-45,-14,0,0,0,0,0,0,0,0,0,0,0,0
0,1,1,14830,492,-21,-2,0,0,0,0,0,0,0,0,0,0,0,0
0,1,1,23560,546,26,9,0,0,0,0,0,0,0,0,0,0,0,0
0,1,1,34110,408,112,70,0,3,2,1,0,0,0,0,0,5300,4000,0
0,1,1,26120,341,62,39,0,1,1,0,0,0,0,0,0,400,400,0
0,1,1,11160,543,-41,7,0,0,0,0,0,0,0,0,0,0,0,0
0,1,1,11830,201,-27,-18,0,0,0,0,0,0,0,0,0,0,0,0
0,1,1,12150,361,-36,-29,0,0,0,0,0,0,0,0,0,0,0,0
0,1,1,12180,351,-24,44,0,0,0,0,0,0,0,0,0,0,0,0
0,1,1,14980,267,-7,9,0,0,0,0,0,0,0,0,0,0,0,0
0,1,1,44150,951,134,88,0,0,0,0,0,0,0,0,0,0,0,0
0,1,1,32670,476,103,95,0,1,1,0,0,0,0,0,0,800,800,0
0,1,1,17470,643,-9,23,0,1,1,0,0,0,0,0,0,300,300,0
0,1,0,12840,471,37,51,0,1,1,0,0,0,0,0,0,200,200,0
0,1,0,12260,413,31,32,0,1,1,0,0,0,0,0,0,200,200,0
0,1,0,6010,329,-36,5,0,0,0,0,0,0,0,0,0,0,0,0
0,1,0,9450,349,1,12,0,0,0,0,0,0,0,0,0,0,0,0
0,1,0,10890,283,16,-9,0,0,0,0,0,0,0,0,0,0,0,0
0,1,0,7780,291,-17,-7,0,0,0,0,0,0,0,0,0,0,0,0
0,1,0,9430,123,22,-38,0,1,1,0,0,0,0,0,0,400,400,0
0,0,0,9220,277,-2,-11,0,0,0,0,0,0,0,0,0,0,0,0
0,0,0,5590,261,-40,-16,0,1,1,0,0,0,0,0,0,300,300,0
0,0,0,5030,125,-28,-29,0,0,0,0,0,0,0,0,0,0,0,0
0,0,0,7330,102,5,-42,0,0,0,0,0,0,0,0,0,0,0,0
0,0,0,5480,223,-21,27,0,0,0,0,0,0,0,0,0,0,0,0
0,0,0,10970,342,17,9,0,1,1,0,0,0,0,0,0,500,500,0
0,0,0,3320,98,-52,-44,0,0,0,0,0,0,0,0,0,0,0,0
0,0,0,2910,80,-58,-54,0,0,0,0,0,0,0,0,0,0,0,0
0,0,0,8510,104,22,-38,0,0,0,0,0,0,0,0,0,0,0,0
0,0,0,7410,133,6,-20,0,0,0,0,0,0,0,0,0,0,0,0
0,0,0,6470,98,-7,-41,0,0,0,0,0,0,0,0,0,0,0,0
0,0,0,5840,102,-17,-39,0,0,0,0,0,0,0,0,0,0,0,0
0,0,0,6980,85,0,-49,0,0,0,0,0,0,0,0,0,0,0,0
0,0,0,4810,142,-49,-56,0,0,0,0,0,0,0,0,0,0,0,0
0,0,0,8540,82,22,-51,0,2,1,1,0,0,0,0,0,2600,2000,0
0,0,0,3580,84,-49,-50,0,0,0,0,0,0,0,0,0,0,0,0
0,1,0,6450,163,-30,-48,0,0,0,0,0,0,0,0,0,0,0,0
0,1,0,2000,130,-78,-58,0,0,0,0,0,0,0,0,0,0,0,0
0,1,0,4120,67,-40,-59,0,0,0,0,0,0,0,0,0,0,0,0
0,1,1,3560,83,-79,-67,0,0,0,0,0,0,0,0,0,0,0,0
0,1,1,6340,102,-62,-60,0,0,0,0,0,0,0,0,0,0,0,0
0,1,1,7680,253,-59,-60,0,0,0,0,0,0,0,0,0,0,0,0
0,1,1,7920,178,-53,-30,0,0,0,0,0,0,0,0,0,0,0,0
0,1,1,8720,175,-48,-31,0,0,0,0,0,0,0,0,0,0,0,0
0,1,0,10920,136,58,-16,0,1,1,0,0,0,0,0,0,200,200,0
0,1,0,9870,363,8,16,0,1,0,1,0,0,0,0,0,8000,8000,0
0,1,0,6690,163,-3,0,0,0,0,0,0,0,0,0,0,0,0,0
0,1,0,5820,308,-37,-1,0,0,0,0,0,0,0,0,0,0,0,0
0,1,0,12520,321,37,3,0,0,0,0,0,0,0,0,0,0,0,0
0,1,0,8820,280,-4,-10,0,0,0,0,0,0,0,0,0,0,0,0
0,1,0,10540,321,15,3,0,0,0,0,0,0,0,0,0,0,0,0
0,1,0,16010,446,75,43,0,0,0,0,0,0,0,0,0,0,0,0
0,1,1,17610,228,5,-13,0,0,0,0,0,0,0,0,0,0,0,0
0,1,1,13930,423,-26,-32,0,0,0,0,0,0,0,0,0,0,0,0
0,1,0,15290,436,75,47,0,0,0,0,0,0,0,0,0,0,0,0
0,1,0,14190,384,62,30,0,0,0,0,0,0,0,0,0,0,0,0
0,1,0,11730,336,34,13,0,0,0,0,0,0,0,0,0,0,0,0
0,1,1,9670,277,-48,-56,0,0,0,0,0,0,0,0,0,0,0,0
0,1,1,14180,348,-24,-44,0,0,0,0,0,0,0,0,0,0,0,0
0,1,1,48240,565,187,116,0,0,0,0,0,0,0,0,0,0,0,0
0,1,1,5680,210,-66,-20,0,0,0,0,0,0,0,0,0,0,0,0
0,1,1,9590,222,-49,-64,0,1,1,0,0,0,0,0,0,300,300,0
0,1,1,5930,120,-65,-54,0,0,0,0,0,0,0,0,0,0,0,0
0,1,1,4170,224,-78,-64,0,0,0,0,0,0,0,0,0,0,0,0
0,1,1,30740,318,83,22,0,1,1,0,0,0,0,0,0,900,900,0
0,1,1,29990,354,79,35,0,1,1,0,0,0,0,0,0,400,400,0
0,1,1,16330,449,-13,-28,0,0,0,0,0,0,0,0,0,0,0,0
0,1,1,17000,336,1,28,0,0,0,0,0,0,0,0,0,0,0,0
0,0,1,9840,421,-43,-28,0,0,0,0,0,0,0,0,0,0,0,0
0,0,1,17050,404,-2,-30,0,1,1,0,0,0,0,0,0,700,700,0
0,0,1,26220,707,51,22,0,0,0,0,0,0,0,0,0,0,0,0
0,0,1,26800,657,54,13,0,0,0,0,0,0,0,0,0,0,0,0
0,0,1,31690,656,82,13,0,0,0,0,0,0,0,0,0,0,0,0
0,0,1,30110,868,73,49,0,1,0,1,0,0,0,0,0,4000,4000,0
0,0,1,13710,613,-21,6,0,0,0,0,0,0,0,0,0,0,0,0
0,0,1,15300,242,-2,-4,0,1,1,0,0,0,0,0,0,400,400,0
0,0,1,15300,293,-2,15,0,0,0,0,0,0,0,0,0,0,0,0
0,0,1,10100,295,-35,16,0,0,0,0,0,0,0,0,0,0,0,0
0,0,0,10670,223,47,38,0,0,0,0,0,0,0,0,0,0,0,0
0,0,0,9920,221,37,36,0,0,0,0,0,0,0,0,0,0,0,0
0,0,0,5280,294,-40,-1,0,0,0,0,0,0,0,0,0,0,0,0
0,0,0,11800,185,63,14,0,0,0,0,0,0,0,0,0,0,0,0
0,0,0,22200,685,153,130,0,1,0,1,0,0,0,0,0,3000,3000,0
0,0,0,19560,659,123,121,0,1,1,0,0,0,0,0,0,700,700,0
0,0,1,16290,463,-4,-17,0,1,0,0,1,0,0,0,0,20000,20000,0
0,0,1,10160,437,-40,-21,0,0,0,0,0,0,0,0,0,0,0,0
0,0,1,10050,342,-41,-39,0,0,0,0,0,0,0,0,0,0,0,0
0,0,1,8210,351,-52,-37,0,0,0,0,0,0,0,0,0,0,0,0
0,0,1,8880,309,-48,-44,0,0,0,0,0,0,0,0,0,0,0,0
0,0,1,29730,472,283,120,0,0,0,0,0,0,0,0,0,0,0,0
0,0,1,13540,437,-20,-21,0,0,0,0,0,0,0,0,0,0,0,0
1,0,1,13960,293,-12,12,0,1,0,0,1,0,0,0,0,30000,30000,0
1,0,1,24880,527,85,37,0,0,0,0,0,0,0,0,0,0,0,0
1,0,1,33640,699,150,81,0,0,0,0,0,0,0,0,0,0,0,0
1,0,1,29790,695,121,80,0,0,0,0,0,0,0,0,0,0,0,0
1,0,1,26780,1003,99,160,0,1,0,0,1,0,0,0,0,60000,60000,0
1,0,1,19370,715,44,85,0,0,0,0,0,0,0,0,0,0,0,0
1,0,1,22910,629,72,62,0,0,0,0,0,0,0,0,0,0,0,0
1,0,1,16240,673,22,74,0,0,0,0,0,0,0,0,0,0,0,0
1,0,1,27960,740,110,91,0,0,0,0,0,0,0,0,0,0,0,0
1,0,1,39760,783,198,102,0,1,1,0,0,0,0,0,0,900,900,0
1,0,1,22460,732,69,89,0,1,1,0,0,0,0,0,0,400,400,0
1,0,1,11320,514,-15,33,0,0,0,0,0,0,0,0,0,0,0,0
1,0,1,16320,454,23,17,0,0,0,0,0,0,0,0,0,0,0,0
1,0,1,23490,595,76,54,0,1,0,1,0,0,0,0,0,1000,1000,0
1,0,1,13260,563,-8,36,0,0,0,0,0,0,0,0,0,0,0,0
1,0,1,14300,431,0,4,0,2,0,2,0,0,0,0,0,8000,6000,0
1,0,1,12160,364,-15,-12,0,0,0,0,0,0,0,0,0,0,0,0
1,0,1,12030,308,-16,-26,0,0,0,0,0,0,0,0,0,0,0,0
1,0,1,17050,367,19,-12,0,0,0,0,0,0,0,0,0,0,0,0
1,0,1,62880,826,338,99,1,1,1,0,0,0,0,0,0,700,700,0
1,0,1,45070,1016,214,145,0,0,0,0,0,0,0,0,0,0,0,0
1,0,1,27960,804,95,94,0,0,0,0,0,0,0,0,0,0,0,0
1,1,1,25930,631,70,43,1,0,0,0,0,0,0,0,0,0,0,0
1,1,1,41230,487,152,70,0,1,1,0,0,0,0,0,0,400,400,0
1,1,1,33430,518,105,80,0,0,0,0,0,0,0,0,0,0,0,0
1,1,1,37590,1115,146,153,1,1,0,0,1,0,0,0,0,40000,40000,0
1,1,1,22450,568,47,29,1,0,0,0,0,0,0,0,0,0,0,0
1,1,1,23790,589,56,34,1,0,0,0,0,0,0,0,0,0,0,0
1,1,1,43780,529,168,84,0,1,0,1,0,0,0,0,0,1000,1000,0
1,1,1,44010,961,167,109,1,1,1,0,0,0,0,0,0,500,500,0
1,1,1,32500,873,97,90,1,1,1,0,0,0,0,0,0,300,300,0
1,1,1,54860,989,233,115,1,0,0,0,0,0,0,0,0,0,0,0
1,1,1,60140,800,267,181,0,2,0,2,0,0,0,0,0,3000,2000,0
1,1,1,45520,1214,177,164,1,0,0,0,0,0,0,0,0,0,0,0
1,1,1,72090,1139,338,147,1,0,0,0,0,0,0,0,0,0,0,0
1,1,1,61310,931,274,227,1,1,0,1,0,0,0,0,0,3000,3000,0
1,1,1,65800,1634,300,255,1,0,0,0,0,0,0,0,0,0,0,0
1,1,1,40130,1324,120,162,1,2,2,0,0,0,0,0,0,1100,600,0
1,1,0,30840,1022,235,235,1,0,0,0,0,0,0,0,0,0,0,0
1,1,1,22820,833,25,65,1,0,0,0,0,0,0,0,0,0,0,0
1,1,1,23750,442,32,44,1,1,1,0,0,0,0,0,0,600,600,0
1,1,1,23260,746,27,48,1,0,0,0,0,0,0,0,0,0,0,0
1,1,1,50860,982,178,94,1,0,0,0,0,0,0,0,0,0,0,0
1,1,1,75890,1742,315,245,1,1,0,1,0,0,0,0,0,1000,1000,0
1,1,1,48130,1330,163,163,1,0,0,0,0,0,0,0,0,0,0,0
1,1,1,24490,1079,10,82,0,0,0,0,0,0,0,0,0,0,0,0
1,1,1,32180,934,44,57,0,1,1,0,0,0,0,0,0,400,400,0
1,1,1,40560,1130,82,90,0,2,2,0,0,0,0,0,0,1200,700,0
1,1,1,50130,1613,125,172,0,2,2,0,0,0,0,0,0,1100,600,0
1,1,1,58100,1267,161,113,0,1,1,0,0,0,0,0,0,300,300,0
1,1,1,30610,1260,37,112,0,1,1,0,0,0,0,0,0,300,300,0
1,1,1,90960,2039,308,243,1,2,0,1,1,0,0,0,0,32000,30000,0
1,1,1,91210,2362,267,255,0,0,0,0,0,0,0,0,0,0,0,0
1,1,1,66780,2022,169,204,0,0,0,0,0,0,0,0,0,0,0,0
1,1,1,53730,1444,116,117,0,1,0,0,1,0,0,0,0,80000,80000,0
1,1,1,56690,800,158,115,1,1,0,1,0,0,0,0,0,1000,1000,0
1,1,1,45680,1276,84,92,0,1,1,0,0,0,0,0,0,500,500,0
1,1,1,63390,1039,188,179,0,1,0,1,0,0,0,0,0,7000,7000,0
1,1,1,42350,1625,70,144,0,0,0,0,0,0,0,0,0,0,0,0
1,1,0,32410,1205,252,295,1,0,0,0,0,0,0,0,0,0,0,0
1,1,0,21540,862,134,182,1,2,1,1,0,0,0,0,0,4200,4000,0
1,1,1,24510,845,-16,9,1,0,0,0,0,0,0,0,0,0,0,0
1,1,1,47370,1333,62,71,1,0,0,0,0,0,0,0,0,0,0,0
1,1,1,30730,890,5,14,1,0,0,0,0,0,0,0,0,0,0,0
1,1,1,22550,859,-23,10,1,1,1,0,0,0,0,0,0,300,300,0
1,1,1,19790,825,-32,6,1,1,1,0,0,0,0,0,0,400,400,0
1,1,1,17960,780,-38,0,1,0,0,0,0,0,0,0,0,0,0,0
1,1,1,20160,688,-40,-25,1,0,0,0,0,0,0,0,0,0,0,0
1,1,1,9730,488,-71,-47,1,0,0,0,0,0,0,0,0,0,0,0
1,1,1,74960,1471,124,60,1,1,0,0,1,0,0,0,0,10000,10000,0
1,1,1,45650,664,55,34,1,0,0,0,0,0,0,0,0,0,0,0
1,1,1,31160,1133,-7,23,1,1,0,1,0,0,0,0,0,5000,5000,0
1,1,1,31240,836,-7,-9,1,1,0,1,0,0,0,0,0,2000,2000,0
1,1,1,28930,948,-13,3,1,0,0,0,0,0,0,0,0,0,0,0
1,1,0,25390,861,176,182,1,0,0,0,0,0,0,0,0,0,0,0
1,1,0,16500,321,115,96,1,0,0,0,0,0,0,0,0,0,0,0
1,1,1,18180,609,-47,-36,1,0,0,0,0,0,0,0,0,0,0,0
1,1,1,23600,704,-31,-26,1,0,0,0,0,0,0,0,0,0,0,0
1,1,1,21430,776,-37,-19,1,0,0,0,0,0,0,0,0,0,0,0
