0,0,0,15180,48,-72,-72,0,0,0,0,0,0,0,0,0,0,0,0
0,0,0,14720,33,-70,-79,0,1,0,1,0,0,0,0,0,2000,2000,0
0,0,0,8050,30,-81,-78,0,0,0,0,0,0,0,0,0,0,0,0
0,0,0,28820,171,-23,40,0,1,0,1,0,0,0,0,0,3000,3000,0
0,0,0,12640,57,-63,-52,0,0,0,0,0,0,0,0,0,0,0,0
0,0,1,63760,195,-73,-65,0,0,0,0,0,0,0,0,0,0,0,0
0,0,1,207930,614,-6,18,0,2,2,0,0,0,0,0,0,1000,700,0
0,0,0,48990,194,-27,-3,0,1,0,1,0,0,0,0,0,4000,4000,0
0,0,0,100190,303,54,52,0,0,0,0,0,0,0,0,0,0,0,0
0,0,1,247620,675,4,25,0,1,1,0,0,0,0,0,0,500,500,0
0,0,0,41950,135,-39,-36,0,1,0,1,0,0,0,0,0,5000,5000,0
0,0,0,53250,140,-19,-31,0,0,0,0,0,0,0,0,0,0,0,0
0,0,1,166180,448,-30,-19,0,1,1,0,0,0,0,0,0,400,400,0
0,0,0,64540,215,0,9,0,1,0,1,0,0,0,0,0,6000,6000,0
0,0,0,75670,207,18,4,0,1,1,0,0,0,0,0,0,600,600,0
0,1,1,225040,575,-3,5,0,2,0,2,0,0,0,0,0,7000,6000,0
0,1,0,31290,117,-52,-41,0,0,0,0,0,0,0,0,0,0,0,0
0,1,0,22890,81,-63,-58,0,0,0,0,0,0,0,0,0,0,0,0
0,1,0,13170,59,-77,-67,0,0,0,0,0,0,0,0,0,0,0,0
0,1,0,8900,38,-83,-77,0,0,0,0,0,0,0,0,0,0,0,0
0,0,0,13250,32,-71,-79,0,0,0,0,0,0,0,0,0,0,0,0
0,0,0,11710,70,-72,-47,0,1,0,1,0,0,0,0,0,4000,4000,0
0,0,0,10640,62,-68,-43,0,0,0,0,0,0,0,0,0,0,0,0
0,0,0,45630,155,49,52,0,0,0,0,0,0,0,0,0,0,0,0
0,0,1,424650,1069,1,7,0,2,0,2,0,0,0,0,0,6000,4000,0
0,0,0,38820,213,-82,-57,0,1,0,1,0,0,0,0,0,4000,4000,0
0,0,0,56960,200,-70,-58,0,0,0,0,0,0,0,0,0,0,0,0
0,0,1,212260,729,-50,-28,0,2,1,1,0,0,0,0,0,1400,1000,0
0,0,0,42950,172,-76,-61,0,1,0,1,0,0,0,0,0,6000,6000,0
0,0,1,172290,437,-57,-55,0,1,1,0,0,0,0,0,0,600,600,0
0,0,1,395110,1043,46,40,0,3,0,3,0,0,0,0,0,6000,2000,0
0,0,0,51320,239,11,23,0,1,0,1,0,0,0,0,0,6000,6000,0
0,0,1,144880,361,-46,-52,0,1,0,1,0,0,0,0,0,2000,2000,0
0,0,1,477750,1132,86,60,0,3,3,0,0,0,0,0,0,1500,600,0
0,0,0,71840,255,54,28,0,1,0,1,0,0,0,0,0,6000,6000,0
0,0,1,127360,351,-54,-53,0,1,1,0,0,0,0,0,0,700,700,1
0,0,1,514800,1369,95,94,0,7,4,2,1,0,0,0,0,15700,10000,0
0,0,0,69440,266,41,30,0,0,0,0,0,0,0,0,0,0,0,0
0,0,0,28460,117,-45,-45,0,0,0,0,0,0,0,0,0,0,0,0
0,0,0,23220,112,-53,-45,0,0,0,0,0,0,0,0,0,0,0,0
0,0,0,16630,81,-65,-59,0,0,0,0,0,0,0,0,0,0,0,0
0,0,0,8750,47,-80,-75,0,0,0,0,0,0,0,0,0,0,0,0
0,0,0,20150,64,-51,-62,0,1,0,1,0,0,0,0,0,5000,5000,0
0,0,0,15590,82,-59,-48,0,0,0,0,0,0,0,0,0,0,0,0
0,0,1,102720,265,-64,-66,0,2,1,1,0,0,0,0,0,2700,2000,0
0,0,1,250030,687,-8,-5,0,0,0,0,0,0,0,0,0,0,0,0
0,0,0,39510,204,12,40,0,1,0,1,0,0,0,0,0,5000,5000,0
0,1,0,64200,198,86,35,0,1,1,0,0,0,0,0,0,500,500,0
0,1,1,309010,983,15,38,1,2,1,1,0,0,0,0,0,1800,1000,0
0,1,0,59060,264,65,85,1,1,0,1,0,0,0,0,0,6000,6000,0
0,1,0,66510,215,93,50,1,1,1,0,0,0,0,0,0,300,300,0
0,1,1,248900,739,-9,0,1,1,1,0,0,0,0,0,0,400,400,0
0,1,0,51620,186,51,34,0,1,0,1,0,0,0,0,0,7000,7000,0
0,1,0,45150,140,24,-4,0,0,0,0,0,0,0,0,0,0,0,0
0,1,0,60460,191,56,29,0,0,0,0,0,0,0,0,0,0,0,0
0,0,0,18330,91,-57,-43,0,1,0,1,0,0,0,0,0,4000,4000,0
0,0,0,50580,134,15,-18,0,0,0,0,0,0,0,0,0,0,0,0
0,0,1,269070,767,-1,4,0,2,2,0,0,0,0,0,0,800,400,0
0,0,0,37360,171,-21,0,0,1,0,1,0,0,0,0,0,4000,4000,0
0,0,1,372770,975,37,32,0,3,3,0,0,0,0,0,0,1400,700,0
0,0,0,44180,203,-10,13,0,0,0,0,0,0,0,0,0,0,0,0
0,0,0,32070,138,-36,-23,0,0,0,0,0,0,0,0,0,0,0,0
0,0,0,31540,121,-32,-30,0,0,0,0,0,0,0,0,0,0,0,0
0,0,0,46380,133,6,-16,0,1,0,1,0,0,0,0,0,5000,5000,0
0,0,0,18160,78,-57,-48,0,0,0,0,0,0,0,0,0,0,0,0
0,0,0,147520,472,-2,-6,0,0,0,0,0,0,0,0,0,0,0,0
0,0,1,202640,588,-33,-41,0,2,1,1,0,0,0,0,0,4300,4000,0
0,0,1,259110,1409,-11,46,0,1,1,0,0,0,0,0,0,900,900,0
0,0,0,40210,193,-71,-59,0,1,0,1,0,0,0,0,0,5000,5000,0
0,0,0,59210,175,-54,-61,0,0,0,0,0,0,0,0,0,0,0,0
0,0,1,590510,1780,23,-6,0,1,1,0,0,0,0,0,0,800,800,0
0,0,0,75930,305,-38,-27,0,1,0,1,0,0,0,0,0,6000,6000,0
0,0,0,73030,240,25,7,0,0,0,0,0,0,0,0,0,0,0,0
0,0,1,317360,1068,-36,-44,0,0,0,0,0,0,0,0,0,0,0,0
0,0,1,227990,734,-52,-59,0,2,1,1,0,0,0,0,0,4300,4000,0
0,0,0,96080,433,60,92,0,0,0,0,0,0,0,0,0,0,0,0
0,0,1,210960,773,-44,-35,0,1,0,1,0,0,0,0,0,5000,5000,0
0,0,0,24900,159,-57,-29,0,0,0,0,0,0,0,0,0,0,0,0
0,0,1,302440,1250,-16,9,0,2,2,0,0,0,0,0,0,600,300,0
0,0,0,46160,250,-16,15,0,1,0,1,0,0,0,0,0,6000,6000,0
0,1,1,436650,1232,23,6,0,0,0,0,0,0,0,0,0,0,0,0
0,1,0,58230,279,8,27,0,0,0,0,0,0,0,0,0,0,0,0
0,1,0,36380,222,-32,-2,0,1,0,1,0,0,0,0,0,4000,4000,0
0,1,1,169370,644,-53,-45,0,0,0,0,0,0,0,0,0,0,0,0
0,1,0,96600,383,87,70,0,0,0,0,0,0,0,0,0,0,0,0
0,0,1,233810,839,-31,-24,0,0,0,0,0,0,0,0,0,0,0,0
0,0,1,149050,697,-54,-35,0,1,0,1,0,0,0,0,0,6000,6000,0
0,0,0,63550,325,15,35,0,0,0,0,0,0,0,0,0,0,0,0
0,0,1,194580,697,-35,-32,0,0,0,0,0,0,0,0,0,0,0,0
0,0,0,63550,325,15,35,0,0,0,0,0,0,0,0,0,0,0,0
0,0,1,194580,697,-35,-32,0,0,0,0,0,0,0,0,0,0,0,0
0,0,0,46020,267,-18,6,0,1,0,1,0,0,0,0,0,5000,5000,0
0,0,0,104390,331,91,29,0,0,0,0,0,0,0,0,0,0,0,0
0,0,1,285750,791,1,-19,0,0,0,0,0,0,0,0,0,0,0,0
0,0,0,26510,106,-55,-60,0,0,0,0,0,0,0,0,0,0,0,0
0,0,0,25580,120,-54,-53,0,1,0,1,0,0,0,0,0,6000,6000,0
0,0,1,298230,916,9,-2,0,0,0,0,0,0,0,0,0,0,0,0
0,0,0,39040,231,-26,-5,0,1,0,1,0,0,0,0,0,5000,5000,0
0,0,0,54990,182,1,-28,0,0,0,0,0,0,0,0,0,0,0,0
0,0,1,172120,537,-35,-41,0,0,0,0,0,0,0,0,0,0,0,0
0,0,0,25280,158,-54,-35,0,1,0,1,0,0,0,0,0,4000,4000,0
0,0,1,270040,717,10,-14,0,2,2,0,0,0,0,0,0,800,500,0
0,0,0,41120,132,-21,-43,0,0,0,0,0,0,0,0,0,0,0,0
0,0,0,22710,68,-57,-70,0,0,0,0,0,0,0,0,0,0,0,0
0,0,0,13160,46,-71,-76,0,0,0,0,0,0,0,0,0,0,0,0
0,0,0,19500,80,-51,-51,0,1,0,1,0,0,0,0,0,4000,4000,0
0,0,0,12970,53,-65,-64,0,0,0,0,0,0,0,0,0,0,0,0
0,0,1,166700,363,-34,-56,0,0,0,0,0,0,0,0,0,0,0,0
0,0,1,274170,997,15,34,0,0,0,0,0,0,0,0,0,0,0,0
0,1,0,56120,222,100,89,0,1,0,1,0,0,0,0,0,5000,5000,0
0,1,1,226790,717,2,0,0,0,0,0,0,0,0,0,0,0,0,0
0,1,1,134640,611,-41,-16,0,0,0,0,0,0,0,0,0,0,0,0
0,1,0,49910,208,61,61,0,1,0,1,0,0,0,0,0,3000,3000,0
0,1,1,328050,707,51,0,0,1,1,0,0,0,0,0,0,200,200,0
0,1,1,140090,380,-40,-46,0,0,0,0,0,0,0,0,0,0,0,0
0,0,0,42820,150,28,9,0,1,0,1,0,0,0,0,0,3000,3000,0
0,0,1,157740,440,-31,-35,0,0,0,0,0,0,0,0,0,0,0,0
0,0,1,325750,1068,50,67,0,1,0,1,0,0,0,0,0,3000,3000,0
0,0,1,300520,894,37,37,0,0,0,0,0,0,0,0,0,0,0,0
0,0,1,465730,1325,-7,-12,0,1,0,1,0,0,0,0,0,4000,4000,0
0,0,1,336600,984,-32,-34,0,1,0,1,0,0,0,0,0,4000,4000,0
0,0,0,112300,263,-55,-65,0,0,0,0,0,0,0,0,0,0,0,0
0,0,1,951410,1332,98,-7,0,0,0,0,0,0,0,0,0,0,0,0
0,0,0,203850,476,-14,-32,0,1,0,1,0,0,0,0,0,3000,3000,0
0,0,1,715390,1923,36,36,0,1,1,0,0,0,0,0,0,300,300,0
0,0,0,160350,828,-31,23,0,0,0,0,0,0,0,0,0,0,0,0
0,0,0,76150,260,-52,-50,0,1,0,1,0,0,0,0,0,4000,4000,0
0,0,1,373180,1246,-32,-14,0,1,0,1,0,0,0,0,0,2000,2000,0
0,0,1,481630,1678,-10,17,0,0,0,0,0,0,0,0,0,0,0,0
0,0,1,620720,1789,17,23,0,0,0,0,0,0,0,0,0,0,0,0
0,0,0,99160,514,-34,4,0,1,0,1,0,0,0,0,0,4000,4000,0
0,0,0,280830,689,94,39,0,1,0,1,0,0,0,0,0,3000,3000,0
0,0,1,557230,1642,2,11,0,0,0,0,0,0,0,0,0,0,0,0
0,0,0,65800,259,-58,-49,0,1,0,1,0,0,0,0,0,4000,4000,0
0,0,0,270490,865,83,78,0,0,0,0,0,0,0,0,0,0,0,0
0,0,1,307540,1020,-44,-32,0,0,0,0,0,0,0,0,0,0,0,0
0,0,0,51230,222,-68,-57,0,1,0,1,0,0,0,0,0,3000,3000,0
0,0,1,314100,904,-41,-37,0,0,0,0,0,0,0,0,0,0,0,0
0,0,1,368340,1325,-28,-4,0,1,0,1,0,0,0,0,0,2000,2000,0
0,0,0,114540,488,-23,0,0,2,0,2,0,0,0,0,0,8000,5000,0
0,0,1,316200,1089,-37,-21,0,3,1,2,0,0,0,0,0,2700,1000,0
0,0,0,209760,919,46,89,0,0,0,0,0,0,0,0,0,0,0,0
0,0,0,46300,197,-69,-63,0,1,0,1,0,0,0,0,0,5000,5000,0
0,0,1,372380,1264,-26,-9,0,0,0,0,0,0,0,0,0,0,0,0
0,0,0,47830,264,-65,-47,0,1,0,1,0,0,0,0,0,3000,3000,0
0,0,1,396530,1209,-10,-13,0,1,0,1,0,0,0,0,0,6000,6000,0
0,0,0,87740,357,-30,-24,0,0,0,0,0,0,0,0,0,0,0,0
0,0,0,74570,308,-41,-35,0,2,0,2,0,0,0,0,0,4000,3000,0
0,0,0,37490,224,-70,-51,0,0,0,0,0,0,0,0,0,0,0,0
0,0,1,303610,1034,-26,-21,0,0,0,0,0,0,0,0,0,0,0,0
0,0,1,278230,1060,-31,-18,0,1,1,0,0,0,0,0,0,900,900,0
0,0,0,64930,273,-35,-33,0,1,0,1,0,0,0,0,0,5000,5000,0
0,0,1,498960,1447,30,17,0,1,1,0,0,0,0,0,0,900,900,0
0,0,1,443740,1321,20,10,0,0,0,0,0,0,0,0,0,0,0,0
0,0,0,39620,195,-61,-53,0,1,0,1,0,0,0,0,0,4000,4000,0
0,0,1,788230,1484,-1,-1,0,0,0,0,0,0,0,0,0,0,0,0
0,0,0,119460,269,-70,-64,0,0,0,0,0,0,0,0,0,0,0,0
0,0,0,65100,172,-82,-75,0,1,0,1,0,0,0,0,0,3000,3000,0
0,1,1,1049580,1807,31,21,0,0,0,0,0,0,0,0,0,0,0,0
0,1,1,715540,1471,-13,-4,0,2,2,0,0,0,0,0,0,900,600,1
0,1,0,92520,169,-73,-74,0,1,0,0,1,0,0,0,0,10000,10000,1
1,2,1,974430,1828,20,20,0,2,1,0,1,0,0,0,0,20600,20000,0
1,2,1,696470,1368,-16,-12,0,2,1,1,0,0,0,0,0,2400,2000,0
1,2,0,61620,195,-33,-4,0,1,0,1,0,0,0,0,0,3000,3000,0
0,2,1,1124850,2153,37,39,0,3,1,2,0,0,0,0,0,3900,2000,0
0,1,1,640820,1235,-25,-23,0,1,0,1,0,0,0,0,0,5000,5000,0
0,1,1,1096910,2037,31,29,0,2,1,1,0,0,0,0,0,3700,3000,0
0,1,0,155540,363,74,79,0,0,0,0,0,0,0,0,0,0,0,0
0,1,1,722590,2125,-17,30,0,2,0,2,0,0,0,0,0,5000,4000,0
0,1,1,582700,1232,-32,-28,0,1,0,1,0,0,0,0,0,7000,7000,0
0,1,1,691310,1416,-14,-6,0,0,0,0,0,0,0,0,0,0,0,0
0,1,1,698810,1279,-11,-14,0,3,0,3,0,0,0,0,0,8000,4000,0
0,1,0,94110,314,-76,-58,0,0,0,0,0,0,0,0,0,0,0,0
0,0,1,716630,1677,-8,14,0,2,2,0,0,0,0,0,0,700,500,0
0,0,1,641120,1571,-17,6,0,1,1,0,0,0,0,0,0,800,800,0
0,0,0,384230,751,4,6,0,3,1,2,0,0,0,0,0,9700,6000,1
0,0,1,790830,1434,5,-4,0,2,0,1,1,0,0,0,0,13000,10000,0
0,1,0,390180,938,6,33,0,0,0,0,0,0,0,0,0,0,0,0
0,1,0,69360,257,-81,-65,0,1,0,1,0,0,0,0,0,4000,4000,0
0,1,1,936850,1737,24,17,0,2,1,1,0,0,0,0,0,2600,2000,0
0,1,0,432690,1012,30,50,0,0,0,0,0,0,0,0,0,0,0,0
0,0,1,441960,1006,-42,-33,0,3,0,3,0,0,0,0,0,6000,3000,0
0,0,1,912890,2001,25,37,0,0,0,0,0,0,0,0,0,0,0,0
0,0,1,446210,1030,-40,-32,0,0,0,0,0,0,0,0,0,0,0,0
0,0,0,84630,233,-75,-67,0,0,0,0,0,0,0,0,0,0,0,0
0,0,0,77540,174,-75,-73,0,0,0,0,0,0,0,0,0,0,0,0
0,0,0,117040,328,-57,-45,0,1,0,1,0,0,0,0,0,2000,2000,0
0,0,0,414700,900,69,63,0,0,0,0,0,0,0,0,0,0,0,0
0,0,1,960770,2117,36,44,0,0,0,0,0,0,0,0,0,0,0,0
0,1,1,763520,2079,5,36,1,0,0,0,0,0,0,0,0,0,0,0
0,1,1,541040,1295,-26,-19,1,4,3,1,0,0,0,0,0,4200,3000,0
0,1,1,1127430,3031,58,90,0,1,1,0,0,0,0,0,0,300,300,0
0,1,1,664090,1824,-12,5,0,2,2,0,0,0,0,0,0,1100,600,0
0,0,1,320150,1012,-58,-42,0,2,0,2,0,0,0,0,0,5000,3000,0
0,0,1,768080,2124,8,24,0,1,1,0,0,0,0,0,0,300,300,0
0,0,1,474770,1512,-32,-14,0,0,0,0,0,0,0,0,0,0,0,0
0,0,1,682910,1486,-2,-18,0,2,0,2,0,0,0,0,0,6000,4000,0
0,0,1,1256570,3289,86,88,0,3,2,1,0,0,0,0,0,6200,5000,0
0,0,1,576040,1541,-24,-22,0,1,1,0,0,0,0,0,0,900,900,0
0,0,1,782750,1593,9,-17,0,2,0,2,0,0,0,0,0,6000,3000,0
0,0,1,1371400,3040,91,63,0,1,1,0,0,0,0,0,0,300,300,0
0,0,1,891720,2037,11,0,0,0,0,0,0,0,0,0,0,0,0,0
0,0,1,1034700,1837,33,-6,0,1,0,1,0,0,0,0,0,2000,2000,1
1,1,1,2129020,3722,161,91,1,2,1,0,1,0,0,0,0,20600,20000,0
1,1,1,1547010,3060,55,38,0,3,1,2,0,0,0,0,0,6500,4000,0
1,1,1,924910,1869,-14,-19,0,0,0,0,0,0,0,0,0,0,0,0
0,0,1,1988970,3697,78,57,0,0,0,0,0,0,0,0,0,0,0,0
0,0,0,218630,645,-11,14,0,1,0,1,0,0,0,0,0,3000,3000,0
0,0,1,1018360,2263,-19,-12,0,0,0,0,0,0,0,0,0,0,0,0
0,0,1,1189240,2159,-3,-12,0,3,2,1,0,0,0,0,0,5200,4000,0
0,0,1,1582550,2545,23,1,0,0,0,0,0,0,0,0,0,0,0,0
0,0,1,927530,1777,-32,-32,0,1,0,1,0,0,0,0,0,3000,3000,0
0,0,1,2052510,3635,55,46,0,1,1,0,0,0,0,0,0,800,800,0
0,0,1,1260100,2519,-12,-5,0,1,1,0,0,0,0,0,0,600,600,0
0,0,1,1062280,1982,-27,-27,0,2,1,1,0,0,0,0,0,5200,5000,0
0,0,1,2196220,3848,62,51,0,3,1,2,0,0,0,0,0,8500,4000,0
0,0,1,1138340,2106,-20,-20,0,2,0,2,0,0,0,0,0,11000,9000,0
0,0,1,918020,1759,-36,-34,0,2,0,2,0,0,0,0,0,5000,3000,0
0,0,1,1766860,2899,32,18,0,0,0,0,0,0,0,0,0,0,0,1
1,0,1,1699290,3425,21,36,0,1,0,0,1,0,0,0,0,50000,50000,0
1,1,0,301550,922,32,66,0,1,0,1,0,0,0,0,0,3000,3000,0
1,1,1,1355970,2326,-7,-12,0,0,0,0,0,0,0,0,0,0,0,0
0,1,1,2595650,4365,81,66,0,0,0,0,0,0,0,0,0,0,0,0
0,1,1,2160800,4518,35,57,0,4,2,2,0,0,0,0,0,5100,2000,0
0,0,1,1367850,3137,-15,5,0,1,0,1,0,0,0,0,0,1000,1000,0
0,0,0,251120,624,1,1,0,0,0,0,0,0,0,0,0,0,0,0
0,0,0,157450,418,-33,-31,0,0,0,0,0,0,0,0,0,0,0,0
0,0,0,129740,306,-39,-44,0,0,0,0,0,0,0,0,0,0,0,0
0,0,0,144520,407,-34,-27,0,1,0,1,0,0,0,0,0,3000,3000,0
0,0,1,1345240,3510,-17,16,0,0,0,0,0,0,0,0,0,0,0,0
0,0,1,2102300,4014,27,26,0,2,0,2,0,0,0,0,0,4000,3000,0
0,0,0,219070,475,15,-4,0,0,0,0,0,0,0,0,0,0,0,0
0,0,1,628360,636,-37,-58,0,2,1,1,0,0,0,0,0,2300,2000,0
0,0,1,1449990,1581,51,12,0,0,0,0,0,0,0,0,0,0,0,0
0,0,1,1531530,1680,52,18,0,2,0,2,0,0,0,0,0,5000,3000,0
0,1,0,195510,321,-61,-57,0,1,0,1,0,0,0,0,0,6000,6000,0
0,1,1,1312110,1471,24,2,0,1,0,1,0,0,0,0,0,3000,3000,0
0,1,0,315650,645,-33,-9,0,1,0,1,0,0,0,0,0,5000,5000,0
0,1,1,1061760,1443,-3,0,0,1,0,1,0,0,0,0,0,3000,3000,1
1,1,1,1283710,1556,17,9,0,2,1,0,1,0,0,0,0,40600,40000,0
1,1,1,1134540,1363,1,-5,0,2,0,2,0,0,0,0,0,7000,5000,0
1,0,1,525630,734,-54,-48,0,1,1,0,0,0,0,0,0,200,200,0
0,0,1,1661100,1772,52,32,0,1,0,1,0,0,0,0,0,9000,9000,0
0,0,1,1310730,1504,13,9,0,2,1,1,0,0,0,0,0,4200,4000,0
0,0,1,1101540,1185,-7,-14,0,0,0,0,0,0,0,0,0,0,0,0
0,1,1,1496830,1645,21,15,0,3,2,1,0,0,0,0,0,5700,5000,0
0,1,1,1323740,1405,7,-2,0,1,0,1,0,0,0,0,0,3000,3000,0
0,1,1,943300,987,-23,-30,0,2,1,1,0,0,0,0,0,1400,1000,0
0,1,0,348780,723,-23,4,0,1,1,0,0,0,0,0,0,300,300,0
0,1,0,154420,319,-46,-43,0,1,0,1,0,0,0,0,0,3000,3000,0
0,1,1,1514120,1518,28,12,0,3,2,1,0,0,0,0,0,1900,1000,1
1,1,1,1811640,1927,47,41,0,1,0,0,1,0,0,0,0,40000,40000,0
1,1,1,1446770,1471,13,5,0,0,0,0,0,0,0,0,0,0,0,0
1,1,1,1132810,1893,-14,34,0,5,3,2,0,0,0,0,0,7000,3000,1
1,1,1,1367690,2902,0,90,0,4,2,1,1,0,0,0,0,25400,20000,0
1,1,1,814170,2082,-39,27,1,2,1,1,0,0,0,0,0,1700,1000,0
1,1,1,600400,1688,-54,-1,1,2,1,1,0,0,0,0,0,2200,2000,1
1,1,1,886800,2519,-29,44,0,3,0,2,1,0,0,0,0,49000,40000,0
1,1,1,588930,1807,-50,-2,0,1,0,1,0,0,0,0,0,4000,4000,1
1,0,1,542890,1623,-51,-14,0,3,0,2,1,0,0,0,0,25000,20000,0
1,0,1,1104700,2584,3,33,0,0,0,0,0,0,0,0,0,0,0,0
1,0,1,734930,2062,-29,1,0,2,1,1,0,0,0,0,0,4800,4000,0
0,0,1,509190,1758,-45,-15,0,2,1,1,0,0,0,0,0,2300,2000,1
1,0,1,480250,2368,-42,13,0,2,0,1,1,0,0,0,0,34000,30000,0
1,0,1,428740,2031,-44,-5,0,1,0,1,0,0,0,0,0,4000,4000,0
1,0,1,450060,2019,-33,-2,0,3,0,3,0,0,0,0,0,14000,8000,0
0,0,1,627380,3155,-1,54,0,1,1,0,0,0,0,0,0,800,800,1
1,0,1,448900,2162,-29,-1,0,5,1,3,1,0,0,0,0,31500,20000,0
1,0,1,453850,1973,-23,-9,0,1,0,1,0,0,0,0,0,8000,8000,0
1,0,1,779850,2999,35,38,0,2,1,1,0,0,0,0,0,5600,5000,0
0,0,0,146840,744,-68,-46,0,1,0,1,0,0,0,0,0,2000,2000,0
0,0,1,675030,1992,12,-14,0,4,1,3,0,0,0,0,0,5300,2000,0
0,0,1,811060,2877,45,28,0,2,2,0,0,0,0,0,0,900,700,0
0,0,1,538060,2075,-5,-11,0,2,2,0,0,0,0,0,0,900,700,1
1,0,1,372470,1848,-35,-22,0,3,0,2,1,0,0,0,0,70000,60000,1
1,1,1,439210,2259,-21,-2,0,6,3,2,1,0,0,0,0,18000,10000,0
1,1,1,286300,1381,-49,-41,0,0,0,0,0,0,0,0,0,0,0,0
0,1,1,576200,1558,15,-22,0,6,3,3,0,0,0,0,0,21300,8000,1
0,1,1,833250,1840,64,-6,0,4,1,2,1,0,0,0,0,14600,10000,0
0,1,1,836500,2313,55,19,0,4,0,4,0,0,0,0,0,19000,9000,1
1,1,1,571990,1608,0,-18,0,4,0,3,1,0,0,0,0,44000,30000,0
1,1,1,754760,2218,30,15,0,2,1,1,0,0,0,0,0,3200,3000,1
1,1,1,834760,2307,37,18,0,4,0,2,2,0,0,0,0,54000,30000,0
1,0,1,450490,1437,-30,-28,0,6,2,4,0,0,0,0,0,12700,4000,1
1,0,1,932410,2464,47,28,0,7,4,2,1,0,0,0,0,36500,30000,1
1,0,1,568200,1834,-16,-7,0,4,2,1,1,0,0,0,0,32700,30000,1
1,0,1,452730,1349,-34,-31,0,3,0,1,2,0,0,0,0,64000,30000,0
1,0,1,833660,2493,22,32,0,4,2,2,0,0,0,0,0,11000,6000,0
1,0,0,131820,583,-47,-42,0,1,0,1,0,0,0,0,0,1000,1000,0
0,0,0,72250,339,-70,-65,0,0,0,0,0,0,0,0,0,0,0,0
0,0,0,58850,236,-73,-74,0,0,0,0,0,0,0,0,0,0,0,0
0,0,0,54750,233,-38,-40,0,0,0,0,0,0,0,0,0,0,0,0
0,0,0,43600,194,-48,-48,0,0,0,0,0,0,0,0,0,0,0,0
0,0,0,58200,219,-27,-38,0,1,0,1,0,0,0,0,0,3000,3000,0
0,0,0,53320,203,-31,-39,0,1,0,1,0,0,0,0,0,4000,4000,0
0,0,1,447360,1332,-37,-33,0,2,1,1,0,0,0,0,0,8400,8000,1
1,0,1,993080,3023,49,56,0,3,1,0,2,0,0,0,0,70800,40000,1
1,0,1,593950,1972,-13,-2,0,4,2,1,1,0,0,0,0,32800,30000,0
1,0,1,570400,1892,-17,-7,0,2,0,2,0,0,0,0,0,11000,7000,0
1,0,1,788650,2361,18,17,0,3,2,1,0,0,0,0,0,6100,5000,1
1,0,1,383490,1401,-42,-30,0,1,0,0,1,0,0,0,0,30000,30000,0
1,0,1,415690,1486,-37,-26,0,1,0,1,0,0,0,0,0,7000,7000,1
1,0,1,645750,2035,7,6,0,4,1,1,2,0,0,0,0,63800,40000,0
1,0,1,649840,2256,6,17,0,3,1,2,0,0,0,0,0,8400,7000,1
1,0,1,380320,1545,-40,-24,0,4,1,2,1,0,0,0,0,30900,20000,1
1,0,1,401730,1329,-32,-31,0,3,2,0,1,0,0,0,0,91700,90000,1
1,0,1,459160,1714,-21,-11,0,1,0,0,1,0,0,0,0,40000,40000,0
1,0,0,285990,1109,67,62,0,1,0,1,0,0,0,0,0,6000,6000,0
1,0,1,557510,1946,5,8,0,3,2,1,0,0,0,0,0,5800,5000,1
1,0,1,536260,1733,2,-4,0,2,0,1,1,0,0,0,0,74000,70000,0
1,0,0,90160,425,-48,-39,0,0,0,0,0,0,0,0,0,0,0,0
1,0,0,55350,246,-65,-61,0,1,0,1,0,0,0,0,0,3000,3000,0
0,0,0,72780,269,-48,-52,0,1,0,1,0,0,0,0,0,3000,3000,0
0,0,1,498400,1647,-4,-8,0,1,1,0,0,0,0,0,0,300,300,0
0,0,0,342050,1607,-2,-20,0,0,0,0,0,0,0,0,0,0,0,0
0,0,1,434360,1584,-38,-60,0,2,0,2,0,0,0,0,0,9000,6000,1
1,0,1,366500,1484,-46,-61,0,1,0,0,1,0,0,0,0,30000,30000,0
1,0,1,507230,2116,-21,-40,0,1,0,1,0,0,0,0,0,3000,3000,0
1,0,1,388530,1539,-11,-11,0,2,1,1,0,0,0,0,0,3200,3000,1
1,0,1,329680,1268,-24,-26,0,1,0,0,1,0,0,0,0,70000,70000,0
1,0,1,579440,2343,38,41,0,1,0,1,0,0,0,0,0,3000,3000,0
1,0,1,292040,1233,-33,-29,0,0,0,0,0,0,0,0,0,0,0,0
0,0,1,261010,1352,-38,-19,0,2,1,1,0,0,0,0,0,3700,3000,1
1,0,1,394660,1764,-2,8,0,3,1,1,1,0,0,0,0,35900,30000,1
1,0,1,464220,1808,16,10,0,2,1,0,1,0,0,0,0,40700,40000,0
1,1,1,393140,1685,-2,2,0,3,2,1,0,0,0,0,0,5200,4000,0
1,1,1,742750,3037,87,85,0,4,0,4,0,0,0,0,0,18000,8000,0
0,1,1,820600,3506,92,97,0,2,1,1,0,0,0,0,0,8700,8000,1
1,1,1,289580,1986,-38,2,0,2,0,1,1,0,0,0,0,54000,50000,0
1,0,1,347400,1684,-28,-22,0,2,0,1,1,0,0,0,0,31000,30000,0
1,0,0,72370,581,-79,-70,0,0,0,0,0,0,0,0,0,0,0,0
1,0,0,59210,440,-82,-76,0,1,0,1,0,0,0,0,0,2000,2000,0
0,0,0,42560,379,-73,-57,0,1,0,1,0,0,0,0,0,4000,4000,0
1,0,1,632800,2959,39,41,0,2,0,1,1,0,0,0,0,25000,20000,0
1,0,1,172250,1250,-43,-50,0,2,0,1,1,0,0,0,0,73000,70000,0
1,0,1,256850,1650,-11,-31,0,4,4,0,0,0,0,0,0,1800,700,0
1,0,1,233800,1315,7,-7,0,3,2,0,1,0,0,0,0,20700,20000,0
1,0,1,244480,1576,11,12,0,3,2,0,1,0,0,0,0,51200,50000,0
1,0,1,430310,1955,92,37,0,2,1,1,0,0,0,0,0,1200,1000,0
1,0,1,311200,1147,-38,-62,0,3,1,2,0,0,0,0,0,14400,9000,0
0,0,1,478520,1493,-1,-47,0,4,3,1,0,0,0,0,0,4300,3000,0
1,0,1,379670,1456,-21,-45,0,2,0,0,2,0,0,0,0,40000,20000,0
1,1,1,397280,1630,-29,-48,0,3,1,1,1,0,0,0,0,31300,30000,0
1,0,0,136810,746,-41,-47,0,1,0,0,1,0,0,0,0,40000,40000,0
1,0,1,358490,1231,-36,-58,0,1,1,0,0,0,0,0,0,400,400,0
1,0,1,545470,1894,-1,-29,0,4,1,1,2,0,0,0,0,53600,30000,0
1,0,0,102550,731,-53,-45,0,0,0,0,0,0,0,0,0,0,0,0
1,1,0,66800,441,-34,-31,0,0,0,0,0,0,0,0,0,0,0,0
0,1,0,67210,420,-31,-32,0,1,0,1,0,0,0,0,0,4000,4000,0
0,1,1,532290,2055,-4,-19,0,2,0,2,0,0,0,0,0,4000,2000,0
0,1,1,511560,2205,-9,-10,0,5,2,3,0,0,0,0,0,9700,5000,0
1,0,0,155980,742,65,24,0,1,0,0,1,0,0,0,0,20000,20000,0
1,0,0,12340,125,-88,-79,0,1,1,0,0,0,0,0,0,400,400,0
1,0,0,5920,82,-94,-85,0,0,0,0,0,0,0,0,0,0,0,0
0,0,0,4150,67,-95,-87,0,0,0,0,0,0,0,0,0,0,0,0
0,0,0,10420,62,-85,-86,0,1,0,1,0,0,0,0,0,1000,1000,0
0,0,0,2970,50,-95,-87,0,0,0,0,0,0,0,0,0,0,0,0
0,0,0,4230,48,-92,-85,0,0,0,0,0,0,0,0,0,0,0,0
0,0,0,3210,47,-93,-82,0,0,0,0,0,0,0,0,0,0,0,0
0,0,0,3550,38,-89,-82,0,0,0,0,0,0,0,0,0,0,0,0
0,0,0,3170,36,-88,-79,0,0,0,0,0,0,0,0,0,0,0,0
0,0,0,4490,35,-78,-73,0,0,0,0,0,0,0,0,0,0,0,0
0,0,0,8790,53,-91,-91,0,1,0,1,0,0,0,0,0,3000,3000,0
1,0,1,94740,732,-79,-73,0,3,2,0,1,0,0,0,0,21000,20000,0
1,0,1,92450,777,15,24,0,4,1,2,1,0,0,0,0,27600,10000,0
1,0,1,108010,889,-70,-60,0,4,1,2,1,0,0,0,0,41200,30000,0
1,0,1,71660,532,-78,-74,0,2,1,1,0,0,0,0,0,2800,2000,0
1,0,1,110510,708,-58,-58,0,4,2,1,1,0,0,0,0,44200,40000,0
1,0,1,151660,900,-25,-33,0,7,2,3,2,0,0,0,0,67700,30000,0
1,0,1,103140,762,-42,-35,0,3,1,2,0,0,0,0,0,7500,5000,0
1,0,1,76560,586,-47,-41,0,5,1,4,0,0,0,0,0,9500,4000,0
1,1,1,176830,1297,54,56,0,5,2,2,1,0,0,0,0,36200,30000,0
1,1,1,184710,1482,61,78,0,9,1,7,1,0,0,0,0,49800,30000,0
1,1,1,80040,751,-37,-19,0,2,1,1,0,0,0,0,0,1600,1000,0
1,2,0,18900,208,-81,-67,0,1,0,1,0,0,0,0,0,3000,3000,0
0,2,0,11350,94,-87,-84,0,0,0,0,0,0,0,0,0,0,0,0
0,2,0,10490,93,-87,-82,0,1,0,1,0,0,0,0,0,3000,3000,0
1,1,1,127770,1141,7,24,0,4,2,1,1,0,0,0,0,44400,40000,0
1,1,1,108260,891,-12,-7,0,5,3,2,0,0,0,0,0,6000,3000,0
1,0,1,47980,382,-26,-32,0,3,1,1,1,0,0,0,0,38600,30000,0
1,0,1,54050,373,-14,-31,0,3,1,2,0,0,0,0,0,9400,6000,0
1,1,1,29400,331,-32,-6,0,2,0,1,1,0,0,0,0,22000,20000,0
1,0,1,45170,557,9,59,0,3,2,0,1,0,0,0,0,70700,70000,0
1,0,1,38010,410,-10,10,0,1,0,1,0,0,0,0,0,1000,1000,0
1,0,1,22090,174,-47,-54,0,4,1,3,0,0,0,0,0,8800,5000,0
1,0,1,22860,313,-42,-16,0,6,1,3,2,0,0,0,0,70500,50000,0
1,0,1,25940,233,-31,-37,0,5,1,4,0,0,0,0,0,15400,7000,0
1,0,1,26190,246,-29,-33,0,3,2,0,1,0,0,0,0,20500,20000,0
1,0,1,21970,183,-33,-45,0,5,3,2,0,0,0,0,0,11500,9000,0
1,0,1,19120,194,-40,-39,0,3,1,2,0,0,0,0,0,9300,6000,0
0,0,0,5180,73,-74,-51,0,1,1,0,0,0,0,0,0,400,400,0
1,1,1,44020,528,61,92,0,7,3,3,1,0,0,0,0,25100,20000,0
1,0,1,52990,483,54,39,0,5,3,0,2,0,0,0,0,71300,50000,0
1,1,1,46810,552,28,47,0,3,1,1,1,0,0,0,0,27500,20000,0
1,1,1,59300,690,53,70,0,6,1,5,0,0,0,0,0,25700,8000,0
1,1,1,47500,668,12,46,0,8,4,2,2,0,0,0,0,97100,50000,0
1,1,1,46430,737,3,46,0,4,2,2,0,0,0,0,0,15000,9000,0
1,1,0,20340,271,16,93,0,2,0,1,0,1,0,0,0,202000,200000,0
0,1,0,4930,109,-59,-31,0,1,0,1,0,0,0,0,0,5000,5000,0
1,0,1,73420,1202,53,96,0,5,2,2,1,0,0,0,0,30200,20000,0
1,0,1,38170,784,-27,12,0,3,1,2,0,0,0,0,0,3500,2000,0
1,0,0,5500,152,-51,-1,0,2,1,0,0,0,0,0,0,250,200,0
1,0,1,30460,457,-39,-36,0,3,2,0,1,0,0,0,0,70600,70000,0
1,0,1,28300,569,-41,-20,0,1,0,1,0,0,0,0,0,8000,8000,0
1,1,0,15500,255,72,86,0,1,0,1,0,0,0,0,0,2000,2000,0
1,1,1,59380,949,27,30,0,5,2,2,1,0,0,0,0,26600,20000,0
1,1,1,93190,439,82,-53,0,4,1,2,1,0,0,0,0,81400,70000,0
1,1,1,73820,322,-16,-14,0,8,3,3,2,0,0,0,0,52700,30000,0
1,1,1,102380,508,19,37,0,8,4,4,0,0,0,0,0,13400,8000,0
1,1,1,88360,443,1,15,0,4,2,2,0,0,0,0,0,6300,4000,0
0,0,1,56810,285,-35,-27,0,5,2,3,0,0,0,0,0,6100,2000,0
0,0,1,61710,376,-29,-6,0,4,1,2,1,0,0,0,0,22900,10000,0
0,0,1,53900,320,-36,-20,0,2,0,2,0,0,0,0,0,4000,2000,0
0,0,1,66680,430,-17,9,0,2,1,1,0,0,0,0,0,5400,5000,0
0,0,1,43660,281,-44,-29,0,1,1,0,0,0,0,0,0,700,700,0
0,0,0,11730,59,-53,-88,0,1,1,0,0,0,0,0,0,300,300,0
0,0,0,6530,38,-72,-92,0,1,1,0,0,0,0,0,0,100,100,0
0,0,0,9280,43,-57,-90,0,1,0,1,0,0,0,0,0,2000,2000,0
0,0,1,86740,486,17,25,0,2,0,2,0,0,0,0,0,9000,7000,0
0,0,1,92380,514,25,29,0,6,5,1,0,0,0,0,0,4300,2000,0
0,0,1,52780,350,-30,-16,0,1,1,0,0,0,0,0,0,200,200,0
0,0,1,56830,394,-20,-2,0,5,2,3,0,0,0,0,0,10500,5000,0
0,0,1,78430,455,12,8,0,5,1,3,0,1,0,0,0,207900,200000,0
0,0,1,47370,296,-30,-28,0,4,2,2,0,0,0,0,0,8800,7000,0
0,1,1,73180,488,11,20,0,5,3,2,0,0,0,0,0,9600,6000,0
0,1,1,104410,631,54,50,0,3,2,1,0,0,0,0,0,1600,1000,0
0,1,0,8190,64,-11,36,0,0,0,0,0,0,0,0,0,0,0,0
0,1,0,3410,33,-62,-32,0,0,0,0,0,0,0,0,0,0,0,0
1,1,1,81600,628,-1,75,0,6,3,2,1,0,0,0,0,44000,40000,0
1,1,1,42390,356,-48,-7,0,3,1,2,0,0,0,0,0,6600,3000,0
1,0,1,36400,303,-53,-21,0,2,1,1,0,0,0,0,0,1400,1000,0
0,0,1,69070,505,-4,35,0,5,3,2,0,0,0,0,0,5700,2000,0
0,0,1,40420,269,-42,-31,0,0,0,0,0,0,0,0,0,0,0,0
0,0,0,11390,89,47,94,0,1,1,0,0,0,0,0,0,300,300,0
0,0,0,5550,44,-31,-12,0,2,1,1,0,0,0,0,0,4300,4000,0
0,0,0,7040,37,-8,-26,0,2,1,1,0,0,0,0,0,5500,5000,0
0,0,1,39050,305,-40,-19,0,3,3,0,0,0,0,0,0,2000,700,0
0,0,1,55530,438,-8,18,0,1,0,1,0,0,0,0,0,2000,2000,0
0,0,1,53390,432,-7,15,0,2,1,1,0,0,0,0,0,3200,3000,0
0,0,1,37270,293,-31,-23,0,3,1,2,0,0,0,0,0,6200,4000,0
0,0,1,53170,461,9,23,0,5,2,3,0,0,0,0,0,4800,2000,0
0,0,1,42280,375,-17,-6,0,5,3,2,0,0,0,0,0,12100,7000,0
0,0,1,27980,243,-40,-35,0,6,3,3,0,0,0,0,0,7000,3000,0
0,0,1,60200,449,32,24,0,5,3,2,0,0,0,0,0,9200,5000,0
0,0,1,64290,495,34,31,0,3,1,2,0,0,0,0,0,5100,4000,0
0,0,1,33310,274,-30,-27,0,6,3,3,0,0,0,0,0,6800,3000,0
0,0,1,60420,537,30,43,0,2,1,1,0,0,0,0,0,4500,4000,0
0,0,1,49430,434,1,9,0,2,2,0,0,0,0,0,0,1500,800,0
1,0,1,87140,680,94,83,0,4,2,1,1,0,0,0,0,27100,20000,0
1,0,1,24490,237,-51,-42,0,3,3,0,0,0,0,0,0,1000,500,0
1,1,0,6140,60,-17,23,0,1,1,0,0,0,0,0,0,400,400,0
0,1,0,2190,29,-69,-42,0,1,1,0,0,0,0,0,0,200,200,0
0,1,0,3020,29,-53,-40,0,0,0,0,0,0,0,0,0,0,0,0
0,1,0,1630,26,-72,-44,0,1,1,0,0,0,0,0,0,800,800,0
0,1,0,2560,38,-49,-14,0,2,1,1,0,0,0,0,0,1300,1000,0
0,0,0,3510,27,-22,-35,0,0,0,0,0,0,0,0,0,0,0,0
1,0,1,45330,485,-4,25,0,3,0,2,0,1,0,0,0,402000,400000,0
0,1,1,26800,306,-44,-26,0,1,0,0,1,0,0,0,0,10000,10000,0
0,1,1,48250,573,9,44,0,3,1,2,0,0,0,0,0,12600,8000,0
0,1,0,6790,67,34,50,0,0,0,0,0,0,0,0,0,0,0,0
0,1,1,27890,276,-72,-72,0,6,3,3,0,0,0,0,0,9800,6000,0
0,1,1,54820,585,-41,-37,0,3,1,2,0,0,0,0,0,5600,3000,0
0,1,1,37840,468,-57,-47,0,2,2,0,0,0,0,0,0,1200,600,0
0,1,1,31510,323,-22,-27,0,4,3,1,0,0,0,0,0,2700,2000,0
0,0,1,36400,411,-7,-5,0,2,1,1,0,0,0,0,0,8700,8000,0
0,0,0,9470,79,-81,-84,0,1,0,1,0,0,0,0,0,2000,2000,0
0,0,1,29340,294,-25,-31,0,3,3,0,0,0,0,0,0,1400,600,0
0,0,1,44960,643,19,56,0,4,1,3,0,0,0,0,0,14400,9000,0
0,0,1,28500,337,-26,-22,0,1,1,0,0,0,0,0,0,400,400,0
1,0,1,33760,568,-7,35,0,3,1,1,1,0,0,0,0,81500,80000,0
1,0,1,25400,398,-29,-8,0,2,0,2,0,0,0,0,0,6000,4000,0
1,0,1,32500,474,-5,10,0,1,1,0,0,0,0,0,0,700,700,0
0,1,0,12580,120,-73,-74,0,1,1,0,0,0,0,0,0,600,600,0
0,1,0,8060,57,-81,-86,0,1,0,1,0,0,0,0,0,3000,3000,0
0,1,1,20160,262,-40,-39,0,3,3,0,0,0,0,0,0,1600,800,0
0,0,1,36020,487,15,18,0,1,1,0,0,0,0,0,0,400,400,0
0,0,1,26550,330,-17,-23,0,2,1,1,0,0,0,0,0,1700,1000,0
0,0,1,15460,208,-50,-51,0,1,0,1,0,0,0,0,0,4000,4000,0
0,0,1,23630,294,-20,-29,0,3,3,0,0,0,0,0,0,1800,900,0
0,0,1,32130,427,18,13,0,0,0,0,0,0,0,0,0,0,0,0
0,0,1,28570,336,3,-13,0,1,0,1,0,0,0,0,0,2000,2000,0
0,0,1,37640,596,37,58,0,0,0,0,0,0,0,0,0,0,0,0
0,1,1,42930,341,54,-11,0,5,2,3,0,0,0,0,0,6200,3000,0
1,1,1,45470,573,64,65,0,8,5,2,1,0,0,0,0,33600,20000,0
1,1,1,17150,198,-39,-44,0,3,1,1,1,0,0,0,0,24200,20000,0
1,0,1,44600,591,64,75,0,1,0,1,0,0,0,0,0,2000,2000,0
1,0,1,40150,525,33,40,0,0,0,0,0,0,0,0,0,0,0,0
0,0,1,17860,200,-44,-50,0,2,1,1,0,0,0,0,0,4200,4000,0
0,0,0,4190,43,-58,-49,0,0,0,0,0,0,0,0,0,0,0,0
0,0,0,1150,22,-88,-73,0,1,1,0,0,0,0,0,0,100,100,0
0,0,0,2020,18,-76,-76,0,1,1,0,0,0,0,0,0,400,400,0
0,0,0,1650,21,-79,-69,0,0,0,0,0,0,0,0,0,0,0,0
0,0,0,6040,41,-13,-33,0,2,1,1,0,0,0,0,0,3300,3000,0
0,0,1,13690,147,-66,-67,0,2,1,1,0,0,0,0,0,3300,3000,0
0,0,1,54830,694,46,68,0,5,3,2,0,0,0,0,0,4000,1000,0
0,0,1,34280,460,-12,5,0,1,0,1,0,0,0,0,0,3000,3000,0
0,0,1,24970,325,-35,-26,0,2,0,2,0,0,0,0,0,4000,3000,0
0,0,1,46740,553,27,29,0,6,3,3,0,0,0,0,0,5800,2000,0
0,0,1,23040,318,-39,-28,0,2,1,1,0,0,0,0,0,1300,1000,0
0,1,0,5380,90,-18,58,0,1,0,1,0,0,0,0,0,2000,2000,0
0,1,1,33540,570,-6,34,0,0,0,0,0,0,0,0,0,0,0,0
0,1,1,39980,629,14,43,1,2,1,1,0,0,0,0,0,2800,2000,0
0,1,1,60910,882,55,62,0,2,0,1,0,1,0,0,0,303000,300000,0
0,1,1,150220,709,53,-25,0,2,0,1,1,0,0,0,0,23000,20000,0
1,1,1,109110,417,6,-54,0,2,2,0,0,0,0,0,0,1300,800,0
1,1,1,70490,330,-38,-37,0,6,1,5,0,0,0,0,0,10300,3000,0
0,1,1,83570,488,-24,-3,0,3,2,1,0,0,0,0,0,1800,1000,0
0,1,1,46580,260,-56,-48,0,1,0,1,0,0,0,0,0,2000,2000,0
0,0,0,6500,67,-87,-87,0,0,0,0,0,0,0,0,0,0,0,0
0,0,0,5310,49,-88,-89,0,0,0,0,0,0,0,0,0,0,0,0
0,0,0,5770,45,-86,-89,0,1,0,1,0,0,0,0,0,2000,2000,0
1,0,1,96070,537,3,19,0,3,1,1,1,0,0,0,0,49200,40000,0
1,0,1,40800,222,-56,-51,0,3,1,2,0,0,0,0,0,5800,3000,0
1,0,1,38070,220,-55,-48,0,2,1,1,0,0,0,0,0,7900,7000,0
1,0,1,32310,194,-56,-49,0,4,1,2,1,0,0,0,0,28400,20000,0
1,0,1,39760,211,-38,-39,0,3,3,0,0,0,0,0,0,1600,900,0
1,0,1,74940,360,31,15,0,2,2,0,0,0,0,0,0,500,400,0
