55,0,77,0,8,-30,22,70,48,1
55,0,96,0,46,1,41,50,8,1
55,0,95,0,36,25,40,59,20,1
55,0,77,0,12,12,21,64,42,1
55,4,95,-2,50,0,40,46,6,1
56,1,99,0,50,13,42,49,8,1
80,-1,84,0,-42,0,5,128,124,1
55,0,96,0,42,30,41,55,14,1
55,0,93,0,46,-16,37,46,8,1
55,0,77,-4,12,6,21,64,42,1
82,1,86,0,-22,5,4,109,106,1
56,0,96,1,50,1,40,47,6,1
55,0,77,0,26,10,21,51,30,1
56,2,80,0,-2,1,24,83,58,1
56,4,97,-1,42,-1,41,56,14,1
55,1,77,0,44,1,22,34,12,1
84,0,88,-2,6,-7,4,83,78,1
56,0,79,0,10,2,23,68,46,1
55,0,77,-1,12,1,21,64,42,1
56,3,96,0,52,0,40,44,4,1
56,2,97,0,44,23,40,53,12,1
55,0,96,0,52,-1,41,44,4,1
79,0,83,-1,-30,29,4,114,110,1
55,0,79,0,24,7,23,55,32,1
55,0,93,0,0,-24,38,93,56,1
56,1,97,0,52,0,41,45,4,1
55,0,79,4,8,0,23,71,48,1
56,0,95,4,44,0,40,51,12,1
101,0,102,-1,72,0,1,29,28,1
55,0,77,0,-6,-10,21,85,64,1
55,0,96,0,42,-24,41,55,14,1
56,0,77,0,-10,31,21,87,66,1
56,-2,97,2,42,-20,41,56,14,1
55,0,77,0,38,4,22,39,16,1
87,4,89,0,8,2,2,81,78,1
49,0,88,0,46,-25,39,41,2,0
57,3,86,0,56,0,29,29,0,0
37,4,76,0,20,0,39,55,16,0
37,0,75,0,30,10,38,44,6,0
56,0,80,0,-2,-7,24,83,58,1
37,0,77,0,-10,-5,41,88,46,0
56,0,95,0,44,-20,40,51,12,1
56,0,79,6,-22,0,23,102,80,1
81,0,85,0,-40,5,4,126,122,1
38,0,76,0,38,13,38,37,0,0
37,0,103,-6,20,0,66,82,16,0
37,0,80,1,36,-5,43,44,2,0
49,0,85,0,46,-21,36,39,2,0
38,0,92,0,20,31,54,71,18,0
37,-2,109,1,36,0,72,73,0,0
40,0,75,-7,38,0,35,36,2,0
43,0,86,0,42,-9,42,44,2,0
81,-3,85,-1,-40,5,4,126,122,1
56,5,88,0,54,-1,32,33,2,0
56,1,86,0,56,16,30,29,0,0
41,1,75,0,42,7,34,34,0,0
37,0,104,0,18,8,67,86,18,0
41,0,75,0,38,-17,34,36,2,0
37,0,78,5,36,13,41,42,0,0
37,0,80,-5,16,0,43,65,22,0
37,0,79,-2,10,5,43,69,26,0
52,0,79,0,52,0,26,27,0,0
44,4,78,0,42,-22,34,37,2,0
55,0,97,0,50,-30,41,48,6,1
55,0,86,-1,56,26,31,30,0,0
45,0,79,0,46,24,34,33,0,0
50,3,107,0,50,0,56,58,2,0
55,0,78,6,24,0,23,55,32,1
37,0,76,-2,30,9,39,45,6,0
43,0,77,-4,44,19,34,33,0,0
55,0,79,3,24,20,24,56,32,1
37,0,79,0,18,-8,43,61,18,0
55,0,93,1,44,0,37,49,12,1
55,0,77,0,30,-5,22,46,24,1
56,0,78,0,10,-6,22,68,46,1
37,0,78,0,16,-29,42,63,22,0
52,-1,83,0,52,0,32,32,0,0
37,0,77,0,20,-28,40,56,16,0
43,0,82,0,42,15,39,41,2,0
55,0,77,3,-20,0,21,97,76,1
49,0,78,0,46,-19,29,32,2,0
55,0,77,0,12,21,21,64,42,1
51,-1,79,6,52,9,28,27,0,0
37,0,95,-7,16,0,58,79,22,0
43,0,77,1,42,-8,34,36,2,0
37,0,75,-1,30,11,38,44,6,0
40,0,76,8,38,0,36,37,2,0
37,0,76,-2,24,6,39,52,14,0
55,0,77,0,-30,-7,22,108,86,1
41,0,81,2,42,2,39,39,0,0
101,0,102,0,72,6,1,29,28,1
42,4,77,-1,42,0,36,36,0,0
46,-2,76,0,46,0,29,29,0,0
44,1,81,0,44,3,37,37,0,0
37,0,78,0,12,6,41,65,24,0
43,-1,99,0,42,-10,56,58,2,0
41,1,88,0,42,13,47,47,0,0
53,0,86,0,52,-28,33,35,2,0
52,-1,87,-6,52,0,35,35,0,0
44,-1,79,0,44,13,35,35,0,0
41,0,88,0,42,4,47,46,0,0
47,1,90,0,46,0,43,43,0,0
50,4,86,0,50,0,37,37,0,0
55,0,79,7,12,0,23,66,42,1
37,0,82,0,34,22,45,48,2,0
41,-5,77,0,42,1,36,35,0,0
37,0,80,0,34,2,43,46,4,0
56,0,78,0,26,7,22,52,30,1
55,0,92,0,28,9,36,63,28,1
45,-1,86,-3,44,-13,40,42,2,0
56,0,81,0,54,-11,25,27,2,0
37,0,76,0,38,17,39,37,0,0
53,0,86,0,52,-24,33,34,2,0
37,0,78,0,12,4,42,65,24,0
56,0,91,0,-2,4,35,93,58,1
56,0,77,0,10,7,22,67,46,1
37,0,95,0,28,18,58,67,8,0
46,-1,78,0,46,0,32,32,0,0
56,0,81,6,-10,-7,25,92,66,1
51,9,95,-3,50,0,45,46,2,0
37,0,77,0,18,-15,40,59,18,0
37,0,78,0,10,-2,42,68,26,0
55,-2,98,0,44,0,42,54,12,1
56,0,99,-4,50,0,43,50,6,1
55,-1,97,-1,46,-2,42,51,8,1
37,0,77,0,18,-11,41,59,18,0
45,1,83,0,46,30,37,36,0,0
38,0,76,0,38,5,38,37,0,0
43,0,77,0,42,-17,34,35,2,0
37,-5,76,0,36,-23,38,39,2,0
47,-2,79,0,46,0,33,33,0,0
37,0,77,0,38,21,40,39,0,0
78,2,82,5,-42,0,4,126,122,1
56,5,98,6,46,-10,42,51,10,1
37,0,77,4,36,0,41,41,0,0
37,0,78,0,0,1,41,78,36,0
43,-2,76,0,44,14,33,32,0,0
37,0,83,-6,16,0,46,67,22,0
37,0,77,0,-4,-6,41,83,42,0
43,0,83,0,42,-12,40,42,2,0
39,0,81,0,38,0,42,42,0,0
48,0,86,0,50,27,38,37,0,0
46,4,85,3,44,-28,39,41,2,0
37,0,76,0,26,-25,39,50,12,0
53,5,84,0,54,2,31,30,0,0
53,0,102,0,52,-5,49,50,2,0
49,-3,77,0,50,14,29,28,0,0
43,-2,76,0,42,-8,33,35,2,0
41,0,76,0,42,11,34,34,0,0
48,-4,85,0,46,0,37,39,2,0
56,0,79,0,16,24,23,63,40,1
37,2,75,0,18,-16,38,57,18,0
55,0,77,0,-10,-8,21,87,66,1
37,0,93,0,10,-21,56,83,26,0
43,0,79,0,42,-9,35,37,2,0
55,0,78,0,16,1,23,63,40,1
51,0,102,0,52,7,51,50,0,0
55,0,95,1,44,16,40,51,12,1
52,5,81,0,52,0,30,30,0,0
56,0,92,3,50,0,36,43,6,1
51,0,84,2,50,-18,33,35,2,0
55,3,81,1,54,0,25,26,2,0
53,0,88,0,52,-29,35,37,2,0
55,0,77,1,-30,-17,22,108,86,1
37,0,81,0,20,-19,44,60,16,0
85,0,88,-36,0,0,3,88,84,1
46,1,86,-3,46,0,40,40,0,0
41,0,81,0,42,7,40,40,0,0
37,0,77,0,-18,-9,40,95,54,0
38,-3,80,0,38,0,42,41,0,0
41,-2,82,0,38,-7,41,43,2,0
37,0,79,0,8,19,42,71,28,0
42,3,76,0,42,0,34,35,2,0
37,-3,78,0,36,0,41,42,0,0
106,5,107,0,70,0,1,37,36,1
55,0,95,0,38,-4,40,57,16,1
45,0,87,0,46,19,42,41,0,0
37,0,104,0,16,-7,67,89,22,0
47,0,86,-1,46,-1,38,39,0,0
50,-2,83,0,50,0,33,34,2,0
49,-1,88,0,46,-20,39,41,2,0
50,0,85,-2,50,0,36,36,0,0
46,0,86,3,46,0,40,39,0,0
51,0,85,0,50,-8,34,36,2,0
50,2,86,-1,50,0,35,37,2,0
53,0,91,0,54,6,38,37,0,0
55,0,79,0,8,-30,23,71,48,1
37,1,75,0,20,18,38,54,16,0
39,1,83,1,38,0,44,44,0,0
55,0,95,0,54,6,40,41,2,0
41,0,79,0,42,24,38,37,0,0
43,0,80,-1,42,-4,37,39,2,0
49,-3,77,0,50,6,28,28,0,0
41,5,79,0,38,-22,38,40,2,0
42,-3,83,0,42,0,41,41,0,0
43,5,83,0,42,0,40,42,2,0
58,4,84,0,56,0,25,27,2,0
53,0,83,0,54,4,30,28,0,0
49,0,84,-2,50,-12,35,35,0,0
53,0,87,0,52,-3,34,35,2,0
55,0,98,0,42,-7,42,57,14,1
44,0,79,-5,42,-14,35,37,2,0
37,0,75,5,34,0,37,41,4,0
50,2,95,-6,50,0,45,46,0,0
54,0,81,0,54,0,28,27,0,0
41,0,81,0,42,31,40,39,0,0
43,3,86,0,42,0,44,45,2,0
56,2,87,0,56,0,31,30,0,0
46,4,79,0,46,5,33,32,0,0
37,-1,106,-3,28,-6,69,78,8,0
37,0,77,0,-24,-22,41,103,62,0
37,0,79,0,26,5,42,53,12,0
37,0,76,0,20,24,40,55,16,0
47,1,79,2,46,0,31,32,0,0
38,0,76,0,36,-29,38,39,2,0
37,0,77,0,16,8,41,62,22,0
55,0,95,0,38,-12,40,57,16,1
46,3,78,0,46,0,32,32,0,0
44,0,76,5,44,18,32,32,0,0
55,0,96,0,42,-25,41,55,14,1
39,1,93,-2,38,0,55,55,0,0
37,0,78,0,18,-30,42,60,18,0
45,-1,83,0,46,3,38,37,0,0
42,0,96,0,42,0,54,55,2,0
44,2,76,0,42,-14,32,34,2,0
55,-5,78,1,44,0,23,34,12,1
50,0,87,-3,50,0,37,38,2,0
53,0,86,0,52,-23,33,35,2,0
45,0,76,0,44,-17,31,32,2,0
42,-5,89,0,42,0,47,48,0,0
56,5,84,0,56,22,29,28,0,0
47,-4,100,0,46,0,53,54,0,0
46,0,77,2,46,1,32,31,0,0
106,-1,107,-3,70,0,1,37,36,1
44,3,80,0,42,-15,36,39,2,0
66,0,112,-2,68,3,46,45,0,0
45,0,86,0,46,12,40,39,0,0
46,0,84,0,44,-24,38,40,2,0
44,5,86,0,44,19,42,42,0,0
45,0,93,1,44,0,49,50,0,0
37,0,86,0,36,-2,48,50,2,0
52,-5,79,0,52,-1,26,27,0,0
44,0,81,0,44,8,38,37,0,0
37,0,78,0,6,-4,42,73,32,0
39,0,76,-1,38,-2,36,37,0,0
49,3,82,0,46,-3,33,35,2,0
44,0,87,5,44,0,43,43,0,0
44,1,79,0,44,0,35,35,0,0
44,0,83,0,42,-25,40,42,2,0
37,0,79,-1,10,-2,42,68,26,0
37,0,80,0,34,14,43,46,4,0
41,-3,76,0,42,0,34,34,0,0
55,0,79,0,54,-3,24,25,2,0
49,0,86,0,46,-5,37,39,2,0
37,0,77,0,36,-19,39,41,2,0
56,2,96,0,54,1,40,42,2,0
58,0,86,0,56,-5,27,29,2,0
45,0,106,-7,44,0,61,62,2,0
44,1,81,8,44,24,38,37,0,0
37,0,79,0,0,-1,42,79,36,0
53,0,84,0,54,8,32,30,0,0
53,0,103,0,52,-3,50,51,2,0
37,1,75,0,18,-1,38,57,18,0
37,0,107,0,36,-5,69,71,2,0
40,0,109,1,38,0,69,71,2,0
37,0,77,0,-2,-17,41,80,40,0
41,0,79,-2,38,-14,38,40,2,0
37,-1,76,0,38,9,39,37,0,0
37,0,104,2,18,0,66,86,20,0
45,-4,83,0,44,-1,38,39,2,0
45,0,76,0,46,10,30,29,0,0
37,0,82,0,30,-5,45,51,6,0
39,2,106,0,38,0,67,67,0,0
48,1,79,2,46,0,31,32,2,0
52,-5,83,0,52,-3,31,32,0,0
51,0,77,0,52,12,26,26,0,0
37,0,79,0,10,-19,42,69,26,0
45,0,88,0,44,-8,42,44,2,0
49,0,87,-2,50,20,38,38,0,0
56,0,81,5,-22,0,25,105,80,1
85,0,89,2,2,-6,4,86,82,1
46,0,76,2,46,3,30,29,0,0
81,-1,84,0,-14,2,4,100,96,1
56,4,97,0,46,-3,41,51,10,1
41,0,76,0,42,30,35,35,0,0
37,0,91,0,10,9,53,81,28,0
41,5,83,0,38,-17,41,44,2,0
51,0,88,3,52,5,36,36,0,0
51,-4,102,0,50,-18,51,53,2,0
49,0,95,8,46,-6,46,48,2,0
45,-2,107,0,46,16,62,60,0,0
55,0,83,-6,54,0,28,28,0,0
50,5,86,-4,50,0,36,37,0,0
55,-1,79,0,2,-26,23,76,52,1
39,0,76,-2,38,-3,37,37,0,0
56,3,93,1,46,0,37,46,10,1
43,-1,80,-5,44,18,37,36,0,0
37,5,76,0,20,0,39,55,16,0
49,0,84,0,50,28,36,35,0,0
56,1,96,2,46,0,40,50,10,1
56,0,96,0,36,7,40,60,20,1
55,0,83,2,-24,0,27,108,82,1
41,0,85,0,42,6,44,44,0,0
104,-4,105,-3,70,-21,1,35,34,1
46,-2,90,0,46,0,44,44,0,0
37,0,76,0,30,8,40,45,6,0
55,0,96,0,42,-12,41,55,14,1
51,0,81,0,50,-23,30,32,2,0
37,-1,80,0,20,9,43,59,16,0
37,0,103,0,34,7,66,69,4,0
42,5,79,0,42,0,36,37,2,0
43,-2,109,-7,42,-8,66,67,2,0
37,0,81,5,12,0,45,68,24,0
45,0,93,0,44,0,49,50,0,0
43,-2,79,0,42,0,37,38,2,0
56,0,81,0,-14,1,25,97,72,1
56,0,81,0,-6,-28,25,89,64,1
44,-2,86,-1,44,-1,42,42,0,0
37,-3,83,0,36,-9,46,47,2,0
55,0,81,0,-10,-2,25,91,66,1
56,-3,96,0,54,1,40,42,2,0
51,1,87,0,52,5,36,35,0,0
44,0,81,0,42,-16,37,39,2,0
53,-1,83,0,54,9,30,29,0,0
37,2,86,0,36,0,49,50,2,0
37,0,104,-1,24,5,67,81,14,0
81,1,86,0,-40,3,4,127,122,1
37,0,76,0,36,-12,39,40,2,0
43,0,79,0,42,-5,36,38,2,0
55,0,98,0,52,19,42,46,4,1
53,0,77,0,54,1,23,23,0,0
54,-1,86,0,54,0,32,32,0,0
37,0,76,0,30,-19,39,45,6,0
53,-1,80,0,52,-10,27,28,2,0
45,0,83,-2,44,-3,38,39,2,0
54,0,78,-7,54,0,24,24,0,0
42,0,81,0,42,21,39,40,0,0
41,0,86,0,42,30,46,45,0,0
45,0,81,0,46,13,35,34,0,0
52,-4,81,0,52,-1,29,30,0,0
41,0,77,1,38,0,36,38,2,0
37,0,94,0,8,-20,57,86,30,0
42,5,88,0,42,0,47,47,0,0
37,0,95,0,8,-8,58,87,30,0
53,0,87,0,52,-27,34,35,2,0
43,-1,75,0,42,-21,32,34,2,0
37,0,96,0,34,2,59,62,4,0
55,0,93,0,6,11,38,88,50,1
56,4,98,0,44,-6,42,54,12,1
37,0,78,0,20,-3,41,57,16,0
38,5,77,0,36,-6,39,41,2,0
56,0,86,0,56,10,31,30,0,0
50,5,79,2,50,0,28,30,2,0
38,3,76,0,36,-12,38,40,2,0
48,0,88,-3,46,-7,39,41,2,0
51,0,87,0,52,8,36,35,0,0
40,0,80,0,38,-3,40,41,2,0
53,0,86,0,54,10,33,32,0,0
41,0,78,0,42,11,37,37,0,0
56,5,97,-2,50,16,41,48,8,1
56,1,81,0,56,24,25,24,0,0
55,0,83,0,-28,0,27,111,84,1
38,0,91,0,6,-3,53,86,32,0
52,0,88,-2,52,-1,35,36,0,0
47,-1,85,2,46,0,38,39,0,0
50,0,77,0,50,-1,27,28,2,0
82,0,86,0,-40,5,4,128,124,1
45,0,81,0,46,26,36,35,0,0
55,0,77,0,28,9,22,49,26,1
56,0,80,-1,-4,0,24,85,62,1
39,0,107,-1,38,0,68,68,0,0
37,0,81,-6,-4,0,45,86,42,0
56,3,98,0,46,6,42,51,10,1
38,0,97,2,38,0,59,58,0,0
42,1,86,0,42,0,43,44,2,0
37,-5,107,0,36,-18,69,71,2,0
55,0,78,0,54,-4,23,24,2,0
40,0,79,2,38,0,39,40,2,0
42,0,86,-5,42,0,44,44,0,0
47,0,86,-2,46,-4,38,39,0,0
43,0,75,0,44,14,32,31,0,0
46,-4,78,-2,46,0,32,32,0,0
45,3,77,0,44,-1,32,34,2,0
37,0,82,0,36,27,45,46,2,0
45,2,108,0,44,-11,62,64,2,0
37,0,79,-2,26,-26,42,53,12,0
37,4,76,0,30,0,39,45,6,0
37,0,79,6,6,0,42,74,32,0
52,0,84,0,52,-13,31,32,0,0
49,-5,88,0,50,0,39,39,0,0
38,-3,81,0,38,0,42,42,0,0
56,-3,96,-3,52,0,40,44,4,1
56,0,96,0,54,-8,40,42,2,0
53,0,80,0,54,24,27,26,0,0
38,3,79,0,38,14,42,41,0,0
37,0,76,0,30,7,39,45,6,0
56,0,92,0,56,2,36,35,0,0
53,0,87,0,54,19,34,33,0,0
44,5,93,0,44,20,50,50,0,0
56,3,89,0,54,-8,33,35,2,0
45,0,89,-6,44,0,44,45,0,0
37,3,90,0,28,0,53,62,8,0
49,0,77,0,50,29,29,28,0,0
37,0,80,0,34,-3,43,46,2,0
50,1,82,-2,50,0,32,33,2,0
51,0,84,0,50,-21,33,35,2,0
37,0,95,2,8,0,58,87,30,0
55,0,77,0,-28,-6,21,105,84,1
46,2,88,0,46,0,42,42,0,0
55,0,90,0,54,-1,34,35,2,0
42,-2,86,2,42,0,44,45,2,0
41,0,89,0,38,-12,48,50,2,0
48,0,89,2,46,-5,41,42,2,0
37,5,79,0,28,1,42,51,8,0
48,-5,76,0,46,0,28,30,2,0
39,-1,83,1,38,0,44,44,0,0
56,0,77,0,-24,-3,21,103,82,1
37,0,80,0,10,-7,43,70,26,0
43,0,81,0,44,16,37,37,0,0
41,1,78,0,42,12,37,37,0,0
37,1,77,1,36,0,39,41,2,0
50,5,81,0,50,0,31,32,0,0
85,0,88,0,0,-11,3,88,86,1
44,2,77,0,44,10,33,33,0,0
44,0,86,0,42,-23,43,45,2,0
55,0,108,2,54,0,53,54,0,0
37,0,77,0,-4,21,41,83,42,0
40,1,77,0,38,0,37,39,2,0
55,0,93,0,6,13,38,88,50,1
105,7,106,2,72,7,1,34,34,1
37,0,77,-7,0,0,41,77,36,0
38,1,106,0,36,-19,68,70,2,0
37,0,77,0,12,19,40,64,24,0
37,0,78,0,20,-15,42,57,16,0
51,0,90,0,52,5,38,38,0,0
46,5,81,0,46,0,34,34,0,0
84,0,88,-2,6,-7,5,83,78,1
104,0,105,-3,70,0,1,35,34,1
53,0,83,0,52,-16,30,32,2,0
55,-2,98,0,46,5,42,51,8,1
46,0,79,0,46,6,34,33,0,0
37,0,104,-6,34,0,67,71,4,0
64,-3,111,1,62,-5,47,49,2,0
45,0,86,0,46,30,40,39,0,0
42,1,107,1,42,0,64,66,2,0
42,2,79,5,42,0,37,38,0,0
55,0,95,0,38,-23,40,57,16,1
45,0,83,0,44,-16,37,39,2,0
55,0,82,0,54,6,26,28,2,0
40,-5,86,0,38,0,46,47,2,0
79,1,83,6,-42,-20,5,127,122,1
41,-2,97,0,42,3,56,56,0,0
48,3,83,0,46,0,35,36,2,0
55,0,93,6,54,0,37,39,2,0
51,0,88,5,52,8,36,36,0,0
56,0,78,-2,6,-5,22,73,50,1
56,0,78,0,12,12,22,65,42,1
82,0,86,0,-10,12,3,96,92,1
40,-2,77,0,38,0,37,38,2,0
37,-3,78,0,-6,0,42,86,44,0
48,5,88,-6,46,0,40,41,2,0
45,5,77,0,44,-6,32,34,2,0
50,1,91,5,50,0,41,42,0,0
37,0,108,-17,28,0,70,79,8,0
49,2,81,0,50,1,32,32,0,0
41,0,89,-1,38,-15,48,50,2,0
46,1,79,3,46,0,33,33,0,0
37,0,77,-1,36,28,40,41,0,0
44,0,76,1,44,4,32,32,0,0
39,-1,86,-1,38,0,47,47,0,0
57,5,84,0,56,0,28,28,0,0
50,0,78,-4,50,0,28,29,0,0
42,0,77,6,42,0,35,36,2,0
45,0,77,0,44,-8,32,34,2,0
37,0,97,-2,30,0,60,66,6,0
53,0,83,0,52,-7,30,32,2,0
80,0,84,0,-36,-6,4,120,116,1
37,0,81,0,34,28,45,48,2,0
56,0,107,0,56,19,51,50,0,0
44,-1,81,7,44,0,37,37,0,0
37,0,76,6,26,-18,40,50,10,0
55,0,95,7,42,0,40,54,14,1
51,-4,80,0,50,-9,29,31,2,0
79,0,83,0,-38,15,4,122,118,1
45,-5,89,4,44,0,44,45,0,0
45,-3,88,0,44,0,43,44,2,0
47,4,79,0,46,0,32,32,0,0
47,-1,83,0,46,0,36,37,0,0
51,0,78,0,52,4,27,26,0,0
53,1,81,0,54,19,28,26,0,0
59,1,87,0,60,0,28,28,0,0
56,-5,90,2,56,0,34,33,0,0
37,0,76,0,26,1,39,50,12,0
37,0,76,0,36,6,39,39,0,0
45,1,86,0,44,-9,41,42,2,0
85,0,88,0,6,17,3,83,80,1
37,0,77,0,36,3,40,41,0,0
56,0,97,0,52,27,41,46,4,1
37,0,77,-1,20,-3,40,57,16,0
37,0,83,0,2,-1,46,80,34,0
41,-4,81,0,42,6,40,40,0,0
56,0,90,0,56,18,34,33,0,0
56,-4,91,-5,56,11,35,34,0,0
41,-1,81,0,38,-20,40,42,2,0
56,1,77,1,16,0,22,62,40,1
37,0,94,0,10,-7,57,84,26,0
44,1,88,0,44,15,44,44,0,0
56,-1,95,0,46,26,40,49,10,1
37,0,81,0,10,8,44,70,26,0
48,-2,83,0,46,-2,34,36,2,0
41,0,85,0,42,20,44,44,0,0
44,4,77,0,44,2,33,33,0,0
37,0,82,6,20,0,45,61,16,0
57,0,80,0,56,0,23,23,0,0
37,0,77,0,-18,0,41,96,54,0
55,0,77,4,-24,0,22,103,82,1
49,-2,83,2,50,0,34,34,0,0
50,1,102,0,50,0,52,53,0,0
37,0,76,0,34,-19,40,43,2,0
37,0,75,0,36,1,37,39,2,0
47,1,84,0,46,0,36,37,0,0
37,0,92,0,26,31,55,66,12,0
41,-1,80,0,42,9,39,39,0,0
53,0,78,3,54,16,25,24,0,0
41,0,77,6,42,14,36,35,0,0
42,-1,78,0,42,0,36,37,0,0
47,0,82,-6,46,0,35,35,0,0
42,0,81,-2,42,0,39,40,0,0
79,0,83,0,-30,14,4,114,110,1
56,-1,97,0,46,4,41,51,10,1
91,3049,106,-4,36,1,15,69,54,1
62,0,108,4,60,0,46,49,2,0
37,0,83,0,-4,-16,47,88,42,0
47,5,102,-5,46,0,55,55,0,0
55,-1,98,0,42,-3,42,57,14,1
37,0,80,0,18,31,43,62,18,0
37,-39,80,0,34,0,43,46,2,1
46,0,83,0,44,-29,37,39,2,0
45,0,80,0,44,-1,35,36,0,0
41,43,78,0,38,0,37,39,2,0
36,-4,75,0,36,0,39,39,0,0
51,1,86,0,52,4,35,35,0,0
102,-14,107,0,70,0,5,37,32,1
37,1,90,-1,6,0,53,85,32,0
38,0,109,0,38,9,72,71,0,0
37,0,83,0,0,4,47,83,36,0
45,4,102,0,44,-2,57,58,2,0
37,0,76,0,28,-29,39,47,8,0
46,2,86,-1,46,8,41,40,0,0
43,-5,86,0,44,8,42,42,0,0
45,-1,78,0,44,0,34,34,0,0
50,6,95,-4,50,0,45,46,2,0
45,2,84,0,44,0,40,41,2,0
37,0,79,-2,36,-10,41,43,2,0
37,0,79,0,26,-14,42,53,12,0
37,0,80,0,0,15,43,80,36,0
37,0,76,7,20,0,39,55,16,0
37,0,80,0,34,18,43,46,4,0
41,-3,81,0,42,11,41,40,0,0
46,-2,88,0,46,7,42,41,0,0
49,0,79,0,50,12,30,30,0,0
51,-5,80,0,50,-11,29,31,2,0
55,-2,87,0,54,-5,32,33,2,0
44,-1,82,1,44,0,38,38,0,0
37,0,82,-6,8,0,45,74,30,0
46,1,84,-3,46,13,39,38,0,0
55,-3,90,0,54,0,35,35,0,0
37,0,97,0,26,-30,60,71,12,0
50,0,84,0,50,0,34,35,2,0
43,0,89,0,42,-11,46,48,2,0
41,0,82,-1,38,0,41,43,2,0
44,1,88,0,44,8,44,44,0,0
38,0,76,0,38,14,38,37,0,0
37,0,109,2,26,0,71,83,12,0
45,-2,109,0,44,-5,64,66,2,0
104,-3,106,0,70,0,1,36,34,1
38,1,79,0,38,6,42,41,0,0
37,0,75,0,18,-6,38,57,18,0
37,0,95,0,10,13,58,84,26,0
56,1,95,0,54,-1,40,41,2,0
55,0,93,8,8,0,37,85,48,1
44,1,88,0,44,0,44,44,0,0
45,0,79,-7,44,0,33,35,2,0
56,1,97,0,46,0,41,50,10,1
47,-2,86,1,46,0,39,40,0,0
103,2,104,1,70,0,1,35,34,1
37,2,77,0,0,31,39,77,38,0
37,0,76,0,34,24,39,42,4,0
42,-4,76,0,42,0,34,35,0,0
55,-5,78,0,44,-4,23,34,12,1
59,0,86,0,56,-23,28,30,2,0
42,0,108,0,42,0,65,66,2,0
71,2,76,5,-42,-7,4,119,116,1
47,4,84,0,46,0,38,38,0,0
57,2,86,0,56,0,30,30,0,0
43,0,81,0,42,-4,37,39,2,0
49,0,95,0,50,26,47,46,0,0
41,-1,88,0,42,10,48,47,0,0
38,0,79,-1,38,5,41,40,0,0
53,-5,80,0,54,0,27,26,0,0
47,-2,78,2,46,0,31,32,0,0
40,1,107,2,38,0,67,68,2,0
41,-4,100,0,38,-23,59,61,2,0
57,0,97,0,56,0,40,40,0,0
56,0,98,0,44,31,42,54,12,1
56,4,92,0,56,17,36,35,0,0
78,0,83,1,-46,0,4,129,124,1
49,0,95,0,50,4,47,46,0,0
55,0,77,0,0,-27,22,77,56,1
39,0,81,8,38,0,42,43,0,0
37,0,79,0,20,4,41,58,16,0
37,-3,76,-2,20,-6,39,55,16,0
56,0,95,0,56,23,40,39,0,0
54,2,81,0,54,0,28,27,0,0
46,0,76,-4,46,0,30,29,0,0
39,1,90,0,38,0,50,51,0,0
37,0,80,0,18,-5,43,62,18,0
56,0,97,2,52,28,41,45,4,1
66,0,113,0,68,16,47,45,0,0
47,-2,79,3,46,0,32,32,0,0
55,-3,79,0,26,0,23,53,30,1
56,4,95,0,46,6,39,49,10,1
37,0,75,4,20,-10,38,54,16,0
37,0,77,0,28,27,41,49,8,0
54,0,87,2,54,0,33,33,0,0
37,0,80,0,30,18,43,49,6,0
45,-2,83,0,44,-14,38,39,2,0
37,-3,77,0,36,-20,39,41,2,0
55,0,93,0,16,-11,38,78,40,1
56,-5,79,0,56,1,23,22,0,0
44,1,85,0,44,0,41,41,0,0
101,0,102,0,72,10,1,29,28,1
53,0,104,0,54,6,50,49,0,0
41,2,107,0,42,31,66,66,0,0
41,0,76,-1,38,-12,35,37,2,0
55,-2,76,0,-14,0,21,92,70,1
45,-3,100,0,44,0,55,56,2,0
44,0,76,-3,42,-29,32,35,2,0
37,0,77,0,34,-6,41,44,2,0
41,3,81,0,42,3,40,40,0,0
84,0,88,-1,-2,-7,3,90,88,1
55,0,81,0,-6,-23,25,88,64,1
37,0,90,300,6,0,53,85,32,0
50,1,82,8,50,0,32,33,2,0
39,2,81,2,38,0,42,42,0,0
51,5,86,0,50,-12,35,37,2,0
41,0,83,0,42,2,42,42,0,0
37,-2,76,0,36,-12,38,39,2,0
51,0,89,4,52,5,38,37,0,0
45,-3,84,0,44,0,39,40,2,0
74,1,79,3,-42,0,4,123,118,1
37,0,79,0,24,9,42,55,14,0
44,0,87,1,44,1,43,43,0,0
51,-2,83,-2,50,-8,32,34,2,0
55,2,93,0,54,0,37,39,2,0
45,0,81,0,46,6,35,34,0,0
41,0,80,0,42,31,39,39,0,0
37,0,76,0,34,21,39,43,4,0
47,0,108,0,46,0,62,62,0,0
39,0,78,-3,38,0,39,39,0,0
56,0,77,0,46,23,22,31,10,1
50,-5,83,0,50,0,33,33,0,0
56,0,81,0,-10,-1,25,91,66,1
37,-4,104,0,36,-2,67,68,0,0
58,-4,86,0,56,0,28,29,2,0
41,0,87,3,42,28,46,46,0,0
37,0,103,0,26,14,66,77,12,0
43,0,80,-1,44,27,37,36,0,0
37,0,77,0,28,2,40,48,8,0
37,1,90,0,28,5,53,62,8,0
37,0,79,0,10,13,42,69,26,0
81,1,85,0,-40,12,4,126,122,1
104,-3,105,0,72,8,1,33,32,1
46,0,77,-1,46,-2,31,30,0,0
37,0,75,0,26,-10,38,49,12,0
46,0,83,-2,46,9,37,36,0,0
43,0,76,0,42,-2,33,35,2,0
37,0,77,1,28,7,41,49,8,0
48,3,77,0,46,0,29,31,2,0
40,3,79,0,38,0,38,40,2,0
60,0,109,0,60,0,49,49,0,0
37,0,105,0,36,0,68,69,2,0
37,0,96,0,12,-10,59,83,24,0
40,0,78,0,38,-4,38,39,2,0
49,-5,83,0,50,2,34,34,0,0
41,0,87,3,42,21,46,46,0,0
37,0,83,0,18,4,47,65,18,0
56,0,98,0,44,6,42,54,12,1
55,0,92,0,8,-12,37,84,48,1
37,0,80,-2,26,0,43,54,10,0
59,0,84,0,56,-28,25,27,2,0
45,-2,80,0,44,0,35,36,0,0
56,9,75,13,-2,24,19,77,58,1
37,-3,90,0,28,2,53,62,8,0
37,0,76,2,36,-24,39,40,2,0
53,0,87,-3,54,1,34,33,0,0
42,0,78,0,42,0,36,37,2,0
51,0,110,8,50,0,59,61,2,0
43,0,83,0,42,-23,40,42,2,0
37,0,81,0,8,-1,44,73,28,0
84,-1,88,-3,6,-9,5,83,78,1
52,0,88,0,52,-4,36,37,0,0
56,-1,95,-1,44,27,40,51,12,1
56,0,90,0,54,-26,34,35,2,0
45,0,87,5,46,15,42,41,0,0
51,0,86,-2,52,8,35,35,0,0
37,0,104,0,24,14,67,80,14,0
37,0,76,0,36,-26,38,39,2,0
46,5,87,0,46,0,41,41,0,0
37,0,78,0,36,-17,41,42,2,0
37,0,93,0,12,29,56,81,24,0
77,3,82,8,-40,19,5,123,118,1
56,0,97,5,54,0,41,42,2,0
58,-4,84,0,56,-1,25,27,2,0
56,0,95,0,50,-24,39,46,6,1
37,0,75,0,20,-15,38,54,16,0
42,0,85,-6,42,0,43,44,2,0
56,-1,96,0,50,1,40,47,6,1
44,0,79,-5,44,0,35,35,0,0
37,0,104,0,20,-24,67,83,16,0
66,0,112,-1,68,6,46,45,0,0
42,-3,81,0,42,0,39,40,0,0
41,2,88,0,42,10,47,47,0,0
55,0,77,0,38,-23,22,39,16,1
37,0,79,-3,12,1,42,66,24,0
55,0,97,0,44,-5,41,53,12,1
48,0,94,0,46,-2,46,48,2,0
52,0,88,-3,52,0,36,36,0,0
37,5,77,0,-22,16,40,101,60,0
44,3,84,0,42,-17,40,43,2,0
48,-4,88,0,46,-5,39,41,2,0
56,0,81,3,56,0,24,24,0,0
37,0,103,0,24,17,66,80,14,0
37,0,81,0,36,-20,44,45,2,0
82,0,86,0,-40,7,4,128,124,1
56,0,81,0,-10,0,25,92,66,1
55,-1,96,0,50,-21,41,47,6,1
45,3,79,0,44,-6,33,35,2,0
107,3,108,0,70,0,1,38,36,1
37,0,79,0,34,-13,43,46,2,0
37,0,79,2,28,10,43,51,8,0
41,0,82,-6,42,28,41,41,0,0
57,2,97,0,56,1,40,40,0,0
55,0,93,0,50,8,37,44,6,1
50,-4,86,4,50,0,36,37,0,0
43,0,86,2,42,0,43,45,2,0
52,0,82,0,52,-9,29,30,0,0
45,0,88,5,44,6,43,44,2,0
70,-29,107,0,60,-10,37,47,10,1
45,0,85,0,44,-5,40,41,2,0
49,0,87,0,50,24,38,38,0,0
52,0,103,1,52,-7,51,51,0,0
41,1,93,0,42,4,52,52,0,0
56,0,82,0,54,-17,26,28,2,0
37,-1,79,-3,36,-7,42,43,2,0
46,1,82,0,44,-16,36,38,2,0
45,0,74,0,44,0,30,30,0,0
56,0,95,0,46,2,40,49,10,1
37,0,96,0,18,12,59,78,18,0
45,0,81,0,44,-27,35,37,2,0
37,0,76,0,38,2,39,37,0,0
42,0,81,-4,42,0,39,40,2,0
55,-2,77,0,16,-6,22,62,40,1
50,5,87,0,50,0,37,38,0,0
85,0,88,0,2,7,3,86,82,1
54,0,89,0,54,0,35,35,0,0
40,0,84,-4,38,0,45,46,2,0
41,0,82,0,38,-5,41,43,2,0
37,0,80,-3,20,0,43,59,16,0
44,1,75,0,44,4,31,31,0,0
50,-5,79,0,50,0,29,30,0,0
44,0,81,0,42,-25,38,40,2,0
41,2,78,0,38,-35,37,39,2,0
51,-4,81,0,50,-15,30,32,2,0
56,0,95,0,42,27,40,54,14,1
41,0,86,-2,38,0,46,48,2,0
46,-4,79,0,46,5,33,32,0,0
55,2,77,0,54,0,22,23,2,0
46,0,86,0,44,-16,41,42,2,0
37,0,81,0,24,-8,45,58,14,0
38,3,102,0,38,18,64,63,0,0
56,0,77,0,-22,-3,21,100,80,1
39,0,80,-5,38,0,41,41,0,0
39,0,79,0,38,0,39,40,0,0
37,0,79,1,6,0,42,74,32,0
56,0,81,0,-10,-4,25,92,66,1
67,-4,109,-2,68,0,43,42,0,0
37,0,109,4,34,0,72,75,4,0
66,0,112,0,68,5,46,45,0,0
42,0,89,4,42,0,47,48,2,0
47,-2,88,2,46,-2,40,41,0,0
42,1,87,5,42,0,45,46,0,0
45,-1,81,0,44,-24,35,37,2,0
55,0,77,0,-2,10,21,79,58,1
44,1,79,0,42,-25,35,37,2,0
55,0,96,3,54,0,41,42,2,0
37,0,107,0,30,31,69,76,6,0
46,0,88,0,46,11,43,42,0,0
44,0,82,0,44,19,38,38,0,0
37,0,78,0,8,21,42,70,28,0
37,0,108,0,30,-10,71,77,6,0
37,0,77,0,10,4,40,66,26,0
37,0,79,0,26,5,42,53,10,0
44,1,80,0,44,13,36,36,0,0
44,0,86,4,44,17,42,42,0,0
47,0,95,-7,46,0,48,48,0,0
37,0,76,0,36,-4,39,40,2,0
37,0,80,0,12,25,43,67,24,0
37,0,83,0,2,3,46,81,34,0
37,0,80,0,36,11,43,44,0,0
51,0,109,1,50,-15,58,60,2,0
51,0,87,-3,52,1,36,35,0,0
46,1,87,0,46,16,41,41,0,0
55,0,95,0,36,-7,39,59,20,1
46,0,88,0,46,17,42,41,0,0
41,0,81,2,42,26,41,40,0,0
37,0,106,-9,26,0,69,80,12,0
55,0,77,0,-28,-11,21,105,84,1
51,-3,86,0,52,21,35,34,0,0
56,0,77,0,16,-12,22,62,40,1
46,-1,77,1,46,1,32,31,0,0
46,2,79,0,44,-24,33,35,2,0
49,1,82,0,46,-10,33,35,2,0
52,0,80,3,52,0,28,28,0,0
45,-1,107,0,46,14,62,60,0,0
48,0,88,6,46,0,39,41,2,0
37,0,79,0,20,5,43,59,16,0
56,-1,98,7,46,0,42,51,10,1
37,0,77,3,34,-5,40,43,2,0
45,-1,76,0,46,21,30,29,0,0
48,0,87,-5,46,0,39,41,2,0
48,0,86,3,46,0,39,40,2,0
47,0,90,5,46,0,43,43,0,0
37,0,77,0,24,-3,40,54,14,0
37,0,105,0,24,11,68,82,14,0
43,0,76,2,42,-1,33,35,2,0
48,4,87,0,46,0,39,41,2,0
52,0,102,2,52,0,50,51,0,0
46,5,79,0,46,9,33,32,0,0
55,0,82,0,-22,-2,26,105,78,1
37,0,97,5,34,0,59,63,4,0
56,0,95,0,52,0,39,43,4,1
53,0,84,0,54,6,30,30,0,0
37,0,77,0,28,29,40,48,8,0
46,0,79,0,46,9,34,33,0,0
79,0,83,0,-42,8,4,127,122,1
37,0,79,1,24,0,42,55,14,0
53,0,86,0,52,-17,33,35,2,0
37,4,106,0,36,0,69,70,0,0
37,0,77,0,2,18,40,74,34,0
43,0,85,0,42,-9,42,44,2,0
41,0,77,0,38,-26,37,39,2,0
37,0,82,0,38,7,45,43,0,0
37,0,79,-1,34,-2,42,46,4,0
37,-4,82,4,-4,0,45,87,42,0
55,0,92,-1,36,-8,37,56,20,1
37,0,83,0,10,-22,46,72,26,0
45,-5,86,0,44,-2,41,42,2,0
55,-3,80,-2,20,-5,25,59,34,1
56,0,92,0,50,-22,36,43,6,1
41,0,79,-4,42,25,38,37,0,0
45,0,87,0,44,-21,42,43,2,0
45,5,108,0,44,0,63,64,2,0
53,0,84,0,54,7,31,30,0,0
43,-2,83,0,42,-13,40,42,2,0
41,0,78,6,42,0,37,37,0,0
47,-1,84,-1,46,-1,37,37,0,0
37,5,76,0,38,31,39,37,0,0
56,-2,95,0,46,0,40,49,10,1
37,0,105,4,18,17,68,87,18,0
49,0,95,0,50,5,47,46,0,0
56,0,92,0,54,8,36,38,2,0
49,0,81,5,50,0,32,32,0,0
39,3,106,0,38,0,68,67,0,0
46,-3,90,0,46,6,44,44,0,0
47,0,88,5,46,0,41,42,0,0
43,0,79,1,42,-10,35,37,2,0
56,2,81,3,-4,0,25,86,62,1
41,0,77,0,38,-4,37,39,2,0
56,0,95,0,52,2,40,44,4,1
45,0,83,0,44,-6,37,39,2,0
44,2,76,0,44,1,32,32,0,0
56,0,97,2,46,0,41,50,10,1
37,0,104,0,18,2,66,86,20,0
48,-4,95,0,50,30,47,46,0,0
37,0,83,8,10,-4,47,73,26,0
44,0,77,3,44,1,34,34,0,0
36,2,83,0,36,16,47,47,0,0
55,0,76,0,-14,3,21,92,70,1
55,0,96,0,42,-16,41,55,14,1
67,0,112,0,68,0,45,45,0,0
55,0,81,0,56,27,25,24,0,0
37,0,76,-2,28,-5,40,48,8,0
37,3,104,0,18,7,66,86,20,0
45,-4,77,0,44,0,32,33,0,0
56,0,95,0,46,21,40,49,10,1
51,0,88,4,52,0,36,36,0,0
55,0,79,0,12,13,23,66,42,1
53,0,88,8,54,0,35,34,0,0
53,-2,87,0,54,2,34,33,0,0
46,1,76,3,46,0,30,30,0,0
49,0,84,0,50,0,35,35,0,0
46,0,83,0,46,12,37,36,0,0
37,0,76,2,38,11,39,37,0,0
47,5,93,0,46,0,47,47,0,0
37,0,83,0,2,-30,46,80,34,0
45,0,77,0,44,-15,32,34,2,0
51,0,87,0,52,0,36,35,0,0
55,0,78,0,6,25,23,73,50,1
37,0,77,0,18,14,40,59,18,0
63,2,110,1,62,0,47,48,0,0
55,0,78,0,16,-12,23,63,40,1
82,1,86,0,-40,6,4,128,124,1
54,1,81,-4,54,0,27,26,0,0
56,0,77,0,24,-1,22,54,32,1
56,0,108,4,56,22,52,51,0,0
53,0,87,0,54,8,34,33,0,0
37,0,80,-3,38,21,43,41,0,0
37,-52,76,0,36,0,39,40,2,1
55,0,77,0,28,10,22,49,26,1
55,0,79,-7,20,-1,24,59,34,1
41,-4,81,0,38,-25,41,43,2,0
37,0,81,-2,34,0,43,47,4,0
101,0,102,-7,72,0,1,29,28,1
56,4,76,0,-18,-30,20,94,74,1
41,1,86,0,42,10,45,45,0,0
46,0,81,0,46,3,35,34,0,0
37,0,76,0,36,-19,39,40,2,0
63,-3,111,0,62,0,47,49,2,0
48,0,82,8,46,0,34,35,2,0
56,-1,90,0,56,0,34,33,0,0
43,-1,79,0,42,-11,35,37,2,0
44,1,95,0,44,15,52,51,0,0
55,-2,98,0,44,-9,42,54,12,1
50,0,87,0,50,0,37,38,2,0
56,0,99,3,46,0,42,52,10,1
44,1,76,0,44,4,31,32,0,0
81,0,84,0,-20,3,4,105,102,1
107,0,108,0,72,3,1,35,34,1
37,0,83,0,34,19,46,49,4,0
54,0,84,-3,54,0,30,30,0,0
54,-4,108,0,54,0,54,53,0,0
46,0,86,-38,46,0,40,40,0,0
55,0,92,0,28,7,36,63,28,1
45,0,80,0,46,31,35,34,0,0
56,0,81,0,-10,8,25,92,66,1
53,0,82,0,52,-3,29,30,2,0
48,-1,86,0,46,0,39,40,2,0
38,0,83,0,38,11,45,44,0,0
56,0,97,-2,50,26,41,48,6,1
56,0,80,0,0,24,24,80,56,1
42,2,86,-1,42,-1,44,44,0,0
66,0,109,0,64,-4,43,45,2,0
53,0,84,0,52,-5,31,32,2,0
42,-5,83,0,42,0,41,42,2,0
37,4,77,0,36,19,40,41,0,0
80,-2,84,0,-22,-30,4,108,104,1
41,-1,78,0,42,5,37,37,0,0
37,0,74,0,30,4,37,43,6,0
50,0,82,-1,50,0,32,33,0,0
48,2,106,0,46,0,58,60,2,0
37,0,75,0,30,15,38,44,6,0
41,-4,84,0,42,0,43,43,0,0
46,5,87,1,46,1,41,41,0,0
50,0,77,0,50,0,26,28,2,0
37,0,96,6,24,0,59,73,14,0
43,-1,81,0,44,11,37,37,0,0
37,0,79,0,8,9,42,71,30,0
55,0,80,7,20,-8,25,59,34,1
56,0,92,-2,0,0,36,92,56,1
37,0,79,0,16,28,43,64,22,0
37,0,77,0,-2,4,41,80,40,0
56,0,76,0,-12,4,20,89,68,1
37,0,83,0,10,6,46,72,26,0
37,0,76,-5,34,-6,40,43,2,0
56,4,95,-2,42,0,39,54,14,1
42,0,77,-3,42,0,34,35,2,0
57,0,80,-7,56,0,23,23,0,0
55,0,82,0,-38,2,26,121,94,1
37,0,95,0,10,20,58,84,26,0
56,-2,86,0,56,0,29,29,0,0
53,0,88,4,54,0,35,34,0,0
45,3,84,0,44,0,39,41,2,0
39,0,93,4,34,1,55,60,6,0
37,1,90,0,24,4,52,66,14,0
37,0,77,0,20,3,40,56,16,0
81,0,84,0,-22,0,3,108,104,1
41,-4,86,-2,42,0,45,44,0,0
54,3,77,0,54,0,23,23,0,0
51,0,79,0,52,16,27,27,0,0
37,0,77,0,12,-9,40,64,24,0
50,-1,102,0,50,0,51,53,2,0
49,0,77,0,46,-7,29,31,2,0
45,3,87,0,44,0,42,43,2,0
58,2,84,0,56,0,27,28,0,0
37,0,106,2,28,-33,69,78,8,0
37,0,77,0,28,-18,40,48,8,0
41,3,75,0,42,17,34,34,0,0
41,-1,82,0,38,-4,41,43,2,0
40,-4,100,1,38,0,61,62,2,0
41,0,88,0,42,15,48,47,0,0
49,0,87,2,50,11,38,38,0,0
80,0,85,8,-40,12,5,126,122,1
51,5,81,0,50,-19,30,32,2,0
37,0,77,-2,-12,-1,40,90,50,0
43,-2,83,0,42,-9,39,41,2,0
37,0,79,-7,24,0,42,55,14,0
50,0,91,1,50,0,41,42,0,0
55,0,79,0,8,-18,23,71,48,1
37,0,96,0,30,11,59,65,6,0
37,0,100,0,36,-4,63,64,2,0
41,0,86,2,42,13,46,45,0,0
43,-32,91,0,2,0,48,88,40,1
37,0,108,0,34,-30,71,75,4,0
45,0,81,0,44,-28,36,37,2,0
56,0,96,1,54,0,40,42,2,0
50,-1,88,0,50,0,39,39,0,0
37,16,77,-5,-22,6,41,101,60,0
48,-3,110,0,46,-3,62,64,2,0
47,-4,84,-2,46,0,37,38,0,0
37,0,90,0,24,15,52,66,14,0
48,0,84,-1,46,-3,36,38,2,0
40,1,86,0,38,0,47,48,2,0
46,-3,86,0,46,0,40,39,0,0
53,0,86,0,52,-24,32,34,2,0
47,0,107,0,46,0,59,60,0,0
45,5,86,-2,44,0,41,42,2,0
37,0,97,0,30,-27,60,66,6,0
49,0,88,0,46,-30,39,41,2,0
43,0,85,0,44,28,42,41,0,0
37,0,76,3,28,-14,40,48,8,0
37,0,90,0,36,6,53,54,2,0
37,0,77,0,36,16,40,41,2,0
48,0,77,0,50,20,28,28,0,0
37,0,97,0,28,13,60,69,8,0
48,3,81,0,46,0,33,34,2,0
56,0,97,0,50,-18,41,48,6,1
45,-4,85,-1,44,0,41,41,0,0
56,1,98,0,44,-16,42,54,12,1
58,-2,82,0,56,0,24,25,0,0
46,0,83,1,46,0,37,37,0,0
66,1,112,-4,68,6,46,45,0,0
56,0,96,2,46,0,40,50,10,1
45,0,88,4,44,5,43,44,2,0
41,2,78,0,38,0,37,39,2,0
43,-4,78,0,42,0,35,37,2,0
37,0,92,6,10,0,54,81,28,0
50,4,90,0,50,0,41,41,0,0
48,4,78,0,46,0,30,32,2,0
53,4,86,0,52,-4,33,34,2,0
37,0,106,-15,28,0,69,77,8,0
41,-3,86,0,38,-10,45,47,2,0
51,5,86,0,52,25,35,34,0,0
41,0,79,0,42,10,39,38,0,0
56,5,99,0,46,0,43,52,10,1
41,46,78,0,38,-222,37,39,2,0
42,0,77,3,42,0,35,36,0,0
56,1,97,0,42,0,40,55,14,1
50,0,86,-7,50,0,36,37,0,0
37,0,77,0,20,-7,40,56,16,0
37,0,81,0,10,-26,45,71,26,0
55,-1,82,-3,-20,15,26,103,76,1
37,0,104,0,16,-22,67,88,22,0
43,0,85,7,42,-14,42,44,2,0
37,0,96,0,30,2,59,65,6,0
55,1,86,0,54,0,31,32,2,0
49,0,87,4,50,18,38,38,0,0
49,1,82,0,46,-1,33,35,2,0
37,0,98,0,28,-10,61,70,8,0
41,-1,82,0,42,10,41,41,0,0
37,0,102,-7,36,0,64,66,2,0
41,3,77,0,42,31,37,36,0,0
37,0,97,0,26,-20,60,71,12,0
55,0,95,0,36,-1,39,59,20,1
51,1,80,0,52,20,29,28,0,0
56,0,96,0,54,5,40,42,2,0
38,0,86,0,38,10,48,47,0,0
55,0,78,0,8,7,23,70,48,1
37,0,76,2,28,-6,39,47,8,0
101,0,102,0,72,0,1,29,28,1
46,-1,76,-5,46,0,30,29,0,0
49,0,84,6,50,0,35,35,0,0
37,0,79,0,30,-9,43,48,6,0
43,0,81,0,42,-13,37,39,2,0
37,0,92,-7,16,-6,55,77,22,0
56,0,98,0,44,15,42,54,12,1
55,0,79,-1,26,12,23,53,30,1
47,0,79,8,46,0,31,32,0,0
51,0,86,0,50,-15,35,37,2,0
42,5,86,3,42,0,44,45,2,0
55,1,79,0,44,31,24,35,10,1
37,0,104,0,28,30,66,75,8,0
44,0,79,-7,44,0,35,35,0,0
45,3,79,0,44,-3,33,35,2,0
46,0,87,2,46,0,41,41,0,0
52,-3,80,0,52,0,28,28,0,0
36,-2,75,0,36,0,39,39,0,0
104,-1,105,-1,70,0,1,35,34,1
45,0,90,0,44,-4,45,46,2,0
56,0,92,0,56,16,36,35,0,0
40,-2,100,5,38,-1,60,62,2,0
51,1,87,2,52,9,36,35,0,0
39,-5,77,0,38,0,38,39,0,0
55,-4,78,0,16,-8,23,63,40,1
63,-5,111,0,62,0,49,49,0,0
41,3,86,0,38,0,46,48,2,0
37,0,82,-1,-2,8,45,85,40,0
45,3,81,0,44,0,36,37,0,0
52,-3,85,0,52,0,33,33,0,0
37,0,76,4,26,0,39,50,10,0
50,-2,110,2,50,0,60,61,2,0
43,7,85,-3,42,-5,42,44,2,0
38,1,86,0,38,7,49,48,0,0
50,-3,81,5,50,0,32,32,0,0
57,-2,88,-1,56,0,31,31,0,0
51,0,88,0,50,-4,37,39,2,0
58,3,87,0,56,0,30,30,0,0
41,-5,86,0,38,-11,45,47,2,0
37,0,104,0,24,11,67,80,14,0
37,0,107,0,28,-3,70,78,8,0
45,0,86,-1,44,-10,40,42,2,0
56,2,96,0,54,4,40,42,2,0
41,0,75,0,42,23,34,34,0,0
52,0,79,0,52,-11,26,27,0,0
37,-4,106,0,34,5,69,72,4,0
51,0,88,0,52,1,37,37,0,0
56,1,81,0,-6,6,25,88,64,1
55,0,95,0,52,-11,40,44,4,1
37,0,92,-1,18,-4,55,74,20,0
45,0,81,6,44,0,36,37,2,0
42,0,82,-4,42,0,40,41,0,0
53,3,84,0,54,3,30,30,0,0
37,0,76,0,26,-2,39,50,12,0
37,0,96,0,36,-10,59,60,2,0
37,0,79,-1,8,0,43,72,28,0
82,-1,86,0,-4,-10,3,91,88,1
55,0,95,0,42,27,40,54,14,1
43,0,79,0,44,11,35,35,0,0
55,0,77,0,-30,-30,22,108,86,1
37,0,77,0,26,26,40,51,12,0
37,0,83,0,34,10,46,49,2,0
45,0,85,0,44,179,41,41,0,0
49,0,87,-4,46,-9,38,41,2,0
41,-5,86,-1,38,-17,45,47,2,0
49,-3,101,0,50,0,52,52,0,0
38,0,77,-3,38,0,39,38,0,0
51,0,77,0,52,12,26,25,0,0
44,2,88,0,44,7,45,44,0,0
55,0,95,-2,46,0,40,49,8,1
45,-4,77,0,46,7,32,31,0,0
37,0,83,0,6,-6,47,78,32,0
56,0,76,0,-10,10,20,86,66,1
41,-3,82,1,42,0,41,41,0,0
51,0,81,-1,52,3,30,30,0,0
37,0,101,1,28,-25,64,73,8,0
44,0,76,0,42,-26,32,34,2,0
40,1,81,1,38,0,41,43,2,0
82,-2,86,0,-40,0,5,128,124,1
37,4,100,0,28,0,63,72,8,0
44,0,83,0,44,0,38,39,0,0
43,1,76,0,44,31,33,32,0,0
37,0,95,-7,16,-14,58,80,22,0
37,0,78,0,-4,-11,42,83,42,0
55,0,88,7,56,15,32,31,0,0
50,-5,78,-5,50,0,28,29,2,0
43,5,76,0,42,0,33,34,2,0
37,0,96,0,20,6,59,75,16,0
56,0,76,0,-10,6,20,86,66,1
41,4,102,0,42,7,61,60,0,0
56,0,81,0,-6,31,25,88,64,1
55,0,77,-4,10,2,22,67,46,1
37,0,78,0,20,-1,42,57,16,0
37,0,76,-4,36,2,40,40,0,0
51,0,78,0,52,8,27,26,0,0
49,1,86,0,46,-14,37,39,2,0
41,1,77,0,42,31,37,36,0,0
55,5,82,0,54,0,26,28,2,0
44,0,81,0,44,15,38,37,0,0
46,3,81,0,46,15,35,35,0,0
37,-2,79,0,26,11,42,53,12,0
77,5,81,0,-42,0,4,125,120,1
37,0,81,-2,28,0,44,52,8,0
37,0,95,8,10,5,57,84,28,0
46,0,83,0,46,0,37,37,0,0
45,-1,76,0,46,12,31,30,0,0
56,0,81,0,54,-16,25,27,2,0
44,0,76,0,44,5,31,32,0,0
37,0,76,0,28,26,40,48,8,0
37,-1,78,8,0,7,41,78,36,0
45,0,87,-7,44,0,42,43,2,0
45,0,79,0,44,-1,34,35,0,0
41,-4,78,0,42,0,37,37,0,0
53,0,86,1,54,3,33,32,0,0
53,1,79,0,54,22,26,24,0,0
56,0,95,0,56,24,40,39,0,0
66,3,113,0,64,-20,46,48,2,0
56,0,88,0,56,22,32,31,0,0
55,0,98,0,44,7,42,54,12,1
46,0,89,4,44,-18,43,45,2,0
79,-1,83,-1,-40,2,4,124,120,1
56,-3,99,0,50,1,43,49,6,1
56,0,79,0,16,21,23,63,40,1
38,0,94,6,38,0,56,55,0,0
56,0,81,0,-4,19,25,86,62,1
55,0,83,2,-30,3,27,114,86,1
47,0,77,4,46,0,31,31,0,0
45,0,77,0,44,-1,32,33,0,0
56,0,78,0,26,2,22,52,30,1
37,0,81,-7,20,20,44,61,16,0
56,0,80,0,-2,-5,24,83,58,1
37,-1,76,0,36,0,39,40,0,0
55,0,97,0,50,-3,41,48,6,1
37,0,80,0,24,9,43,57,14,0
56,0,95,0,42,4,40,54,14,1
42,-5,77,3,42,0,35,35,0,0
56,0,76,0,-10,4,20,86,66,1
56,0,97,0,46,18,41,50,10,1
56,4,82,0,56,18,26,25,0,0
55,0,78,0,8,-19,23,70,48,1
57,1,86,0,56,0,30,30,0,0
51,0,89,1,52,8,38,37,0,0
49,0,78,-2,46,-4,29,32,2,0
53,0,86,-1,54,9,33,32,0,0
41,0,97,0,42,4,55,55,0,0
39,0,86,6,38,0,47,48,0,0
41,5,78,0,42,18,37,37,0,0
39,2,79,2,38,0,39,40,0,0
43,-2,76,0,44,23,32,32,0,0
56,0,78,1,8,-19,22,70,48,1
54,5,77,0,-22,0,23,101,78,1
56,0,77,0,-4,3,21,82,62,1
44,27,77,0,28,0,33,48,16,1
49,3,80,0,50,4,31,31,0,0
47,-3161,86,-2,46,0,39,39,0,0
37,0,95,0,18,-9,57,77,20,0
43,-3,76,0,42,0,33,35,2,0
51,1,86,0,50,-17,35,37,2,0
46,-5,109,0,46,0,64,63,0,0
84,0,88,0,0,10,3,88,84,1
44,2,108,0,44,0,63,64,0,0
37,0,81,0,36,-6,44,44,0,0
56,0,81,0,-4,16,25,86,62,1
49,-3,80,0,50,2,31,31,0,0
37,2,104,0,24,13,66,80,14,0
44,0,76,0,44,8,32,32,0,0
38,2,81,0,36,-30,43,45,2,0
44,1,77,2,44,0,33,33,0,0
56,0,92,0,54,-25,36,38,2,0
37,0,95,0,26,0,58,70,12,0
42,2,90,0,42,0,48,49,0,0
55,0,93,0,6,-23,37,88,50,1
41,0,80,0,42,5,39,39,0,0
37,0,100,0,30,-4,64,69,6,0
37,0,82,0,36,-3,45,46,2,0
37,0,78,3,16,0,42,63,22,0
37,0,82,0,34,5,45,48,2,0
45,0,84,0,44,-11,38,40,2,0
56,-1,97,0,46,6,41,51,10,1
37,0,80,0,8,-6,43,72,30,0
47,4,88,0,46,0,42,42,0,0
37,0,108,-4,34,0,71,75,4,0
43,0,89,0,42,-4,46,48,2,0
41,0,97,-1,38,-15,56,58,2,0
56,3,77,0,-28,-30,21,105,84,1
37,0,95,0,24,31,58,72,14,0
43,0,79,4,42,-9,36,38,2,0
38,3,83,0,38,0,44,44,0,0
46,-1,88,2,46,0,41,41,0,0
37,0,76,0,24,-17,40,53,14,0
44,0,76,0,44,5,32,32,0,0
37,0,81,0,24,-9,44,57,14,0
51,0,80,0,52,3,29,28,0,0
46,3,106,0,46,7,60,60,0,0
43,0,83,0,42,-3,40,42,2,0
37,0,77,0,2,-1,40,74,34,0
55,0,79,-4,20,0,24,59,34,1
44,2,81,0,44,5,37,37,0,0
53,0,86,6,54,12,33,32,0,0
49,-2,87,0,46,-12,38,41,2,0
38,0,76,0,38,16,38,37,0,0
52,0,91,0,52,-3,38,39,0,0
56,0,87,0,56,10,31,30,0,0
56,-1,90,0,56,0,33,33,0,0
37,0,77,5,36,9,40,41,0,0
40,1,76,-1,38,0,36,37,2,0
41,1,108,0,38,-23,67,69,2,0
56,0,77,0,-14,7,21,92,72,1
49,0,84,0,46,-13,36,38,2,0
56,4,86,0,56,18,30,29,0,0
105,3,106,1,70,0,1,36,34,1
49,0,81,0,50,29,33,32,0,0
37,0,80,0,36,-2,43,44,2,0
105,-1,106,-3,70,0,1,36,34,1
56,-2,81,2,54,-21,25,26,2,0
55,0,93,0,50,-1,38,44,6,1
44,3,86,0,44,7,43,42,0,0
37,0,75,0,34,2,38,41,4,0
55,0,81,0,-6,-4,25,88,64,1
37,0,79,0,18,5,42,61,18,0
56,0,78,0,26,1,22,52,30,1
37,0,78,0,18,18,42,60,18,0
41,0,78,-1,38,-31,37,39,2,0
56,2,80,0,56,2,24,23,0,0
37,0,76,3,36,-30,39,40,2,0
41,0,83,0,42,24,42,42,0,0
37,0,76,0,28,-11,40,48,8,0
37,0,77,4,-12,-5,41,90,50,0
37,0,76,0,36,13,40,40,0,0
38,0,77,5,38,1,39,38,0,0
46,2,84,0,46,0,38,38,0,0
55,0,96,-2,50,0,41,47,6,1
37,0,77,0,-22,8,40,101,60,0
45,-1,83,0,44,-4,37,39,2,0
38,-1,82,-3,38,-5,44,43,0,0
44,0,76,7,44,2,32,32,0,0
66,-3,109,0,64,-17,43,45,2,0
44,5,79,0,42,-15,35,37,2,0
55,0,79,0,10,-19,23,68,46,1
38,-1,81,0,38,0,42,42,0,0
46,0,85,0,44,-26,39,41,2,0
43,0,84,0,44,23,41,41,0,0
55,0,77,0,34,18,22,44,22,1
37,-5,81,0,38,4,44,43,0,0
37,0,76,1,24,19,39,52,14,0
55,0,90,-7,54,0,36,36,0,0
41,4,77,0,42,10,36,35,0,0
49,0,96,8,50,0,47,47,0,0
52,-2,81,0,52,-2,29,30,0,0
41,3,77,0,38,0,37,39,2,0
42,-5,108,0,42,0,66,66,0,0
37,0,79,0,34,-1,42,46,4,0
50,5,88,0,50,0,39,39,0,0
37,0,77,0,18,31,40,59,18,0
55,0,77,0,42,5,22,36,14,1
43,-1,89,0,42,-4,46,48,2,0
37,0,97,0,28,-4,60,69,8,0
48,0,86,0,50,31,37,37,0,0
37,0,76,0,28,0,39,48,8,0
49,-1,86,-3,50,-4,37,37,0,0
56,0,87,1,56,10,31,30,0,0
41,0,100,0,38,-3,59,61,2,0
79,0,83,2,-42,-16,5,127,122,1
43,0,75,-4,42,0,32,34,2,0
85,2,88,0,2,-27,3,86,82,1
43,0,75,-1,42,0,32,34,2,0
45,3,80,6,44,0,35,36,0,0
41,5,89,-1,38,0,48,50,2,0
43,-5,89,0,42,0,46,48,2,0
37,0,79,0,16,-22,43,64,22,0
44,0,82,0,42,-19,38,41,2,0
54,0,87,5,54,0,33,33,0,0
55,0,77,0,12,-19,22,65,42,1
56,0,96,4,56,9,40,39,0,0
58,2,86,0,56,0,27,29,2,0
56,0,91,0,-4,-6,35,96,62,1
46,1,82,-3,44,-26,36,38,2,0
45,3,86,0,44,-4,41,42,2,0
46,0,79,4,46,0,33,32,0,0
55,0,81,-1,-12,0,26,94,68,1
55,0,96,0,54,1,41,42,0,0
80,0,84,-1,-38,-7,4,123,118,1
81,0,86,4,-40,4,5,127,122,1
45,-4,81,6,46,7,36,35,0,0
37,0,76,-2,24,0,39,52,14,0
37,0,78,0,8,-3,42,70,28,0
52,4,86,-1,52,0,33,34,0,0
55,0,95,-3,42,0,40,54,14,1
50,-2,106,0,50,0,57,57,0,0
53,0,82,0,52,-7,29,30,2,0
38,2,105,0,34,0,67,71,4,0
81,-3,86,-3,-40,0,4,127,122,1
43,0,75,-1,42,-1,32,34,2,0
49,-1,82,0,50,11,33,33,0,0
37,0,77,-1,28,-28,40,48,8,0
41,-1,84,0,38,-16,43,45,2,0
37,0,96,0,10,0,59,86,28,0
55,0,79,0,20,22,23,58,34,1
51,0,91,0,50,-8,40,42,2,0
48,1,80,-5,46,0,32,34,2,0
52,3,85,0,52,0,33,33,0,0
49,1,84,0,46,-1,36,38,2,0
53,0,86,0,54,1,33,32,0,0
53,0,77,0,52,-13,25,26,2,0
37,0,78,3,12,0,42,65,24,0
49,0,95,0,50,19,47,46,0,0
37,0,76,-3,28,-4,39,47,8,0
51,2,83,0,52,12,31,31,0,0
37,0,79,0,34,1,41,45,4,0
48,5,76,0,46,0,28,29,2,0
39,3,90,0,38,0,51,51,0,0
55,0,93,0,52,24,38,42,4,1
44,1,77,1,42,-16,34,36,2,0
45,3,81,0,44,-8,36,37,2,0
45,3,90,0,44,0,45,46,0,0
43,0,78,-5,42,-1,35,37,2,0
56,4,95,0,44,31,39,51,12,1
39,1,79,5,38,0,39,40,0,0
45,0,80,-2,44,-4,35,36,0,0
41,0,108,0,38,-4,67,69,2,0
37,0,77,0,36,12169,39,41,2,0
37,-1,100,-2,28,0,63,71,8,0
37,-2,106,0,34,-8,68,72,4,0
53,0,81,0,54,6,27,26,0,0
56,4,97,-5,46,0,41,51,10,1
47,-3,83,0,46,0,36,37,0,0
56,0,81,0,-18,9,25,99,74,1
40,1,76,4,38,0,36,37,2,0
39,-1,108,0,38,0,68,69,0,0
55,-5,78,6,44,0,23,34,12,1
37,0,75,0,34,8,38,41,2,0
56,0,96,-3,54,9,40,42,2,0
55,0,93,0,2,-1,38,91,52,1
41,5,76,0,42,15,35,35,0,0
43,0,77,0,42,-7,34,36,2,0
53,0,86,2,54,0,33,32,0,0
44,4,86,0,42,-15,43,45,2,0
81,0,84,0,-14,-6,3,99,96,1
37,0,83,0,28,-7,46,54,8,0
37,0,81,-2,30,0,45,50,6,0
45,-2,79,0,46,21,33,32,0,0
57,-3,80,0,56,0,23,23,0,0
39,-5,75,0,38,0,36,36,0,0
55,0,95,0,34,-11,40,62,22,1
55,0,86,0,54,-10,30,32,2,0
37,0,97,0,28,-14,60,69,8,0
85,0,89,2,2,-14,4,86,82,1
49,0,83,0,46,-12,34,37,2,0
56,0,97,0,56,25,41,40,0,0
51,-1,102,0,50,-7,51,53,2,0
55,0,95,0,34,-12,40,62,22,1
41,0,84,5,38,-20,44,46,2,0
37,0,76,57,20,0,40,55,16,0
56,3,97,0,54,0,40,42,2,0
37,0,79,8,8,-27,42,71,28,0
53,0,90,0,52,-11,37,39,2,0
37,0,83,0,2,-6,46,80,34,0
105,3,108,0,70,0,2,38,36,1
37,0,106,-5,36,0,69,70,0,0
42,3,88,0,42,0,46,47,2,0
45,3,79,0,44,-2,33,35,2,0
45,0,76,0,46,17,31,30,0,0
56,-3,96,0,52,0,40,44,4,1
55,0,97,0,52,26,41,45,4,1
45,0,79,0,44,0,34,35,2,0
46,0,107,-4,46,2,61,60,0,0
49,0,78,3,50,5,29,29,0,0
42,-3,88,1,42,0,45,46,2,0
52,0,86,-1,52,0,34,34,0,0
47,-2,86,-7,46,0,39,39,0,0
81,0,84,0,-20,19,4,105,102,1
37,0,79,0,6,-23,42,74,32,0
55,0,78,0,16,-22,23,63,40,1
56,0,95,0,54,-7,40,41,2,0
37,0,79,-1,0,4,42,79,36,0
45,0,82,0,46,26,37,35,0,0
46,0,79,0,46,15,34,33,0,0
82,-2,86,0,-6,0,4,94,90,1
51,0,88,0,52,10,36,36,0,0
56,1,84,0,56,14,29,28,0,0
43,0,79,0,44,12,35,35,0,0
41,0,87,6,38,-4,46,48,2,0
55,0,81,0,56,26,26,24,0,0
37,0,95,0,16,-6,58,79,22,0
37,-4,77,0,20,0,40,56,16,0
53,-1,80,0,52,-19,27,28,2,0
52,-1,82,-3,52,-4,29,30,0,0
38,0,90,0,38,0,52,51,0,0
76,0,81,2,-42,0,5,125,120,1
38,0,82,0,38,0,44,43,0,0
56,0,81,0,-10,-5,25,92,66,1
41,0,83,0,38,-15,42,44,2,0
46,0,88,1,46,-1,41,41,0,0
37,1,104,0,16,-23,66,88,22,0
56,5,95,0,44,0,39,51,12,1
53,-3,102,0,54,0,49,48,0,0
38,-1,107,0,38,0,69,68,0,0
44,-1,81,0,42,-28,38,40,2,0
56,-1,87,0,56,3,31,30,0,0
43,0,79,2,42,-13,35,37,2,0
53,0,82,0,52,-22,29,30,2,0
37,4,83,0,36,0,46,46,0,0
56,0,97,0,38,-14,41,58,18,1
53,0,81,4,52,-7,28,30,2,0
37,0,82,0,38,13,45,43,0,0
37,0,107,-3,36,0,69,71,2,0
37,-3,77,0,38,7,39,38,0,0
37,0,79,0,28,-4,42,50,8,0
56,0,91,0,-4,-7,35,96,62,1
48,-1,83,1,46,-4,35,37,2,0
56,0,80,2,-2,-14,24,83,58,1
55,-4,96,0,54,-15,41,42,2,0
46,1,80,0,46,13,34,34,0,0
37,0,86,0,38,14,48,47,0,0
56,0,98,2,52,0,42,46,4,1
42,-2,108,0,42,0,66,67,0,0
39,-1,86,0,38,0,48,48,0,0
55,0,97,0,52,25,41,45,4,1
43,-5,81,0,42,-4,38,40,2,0
56,0,96,0,52,15,40,44,4,1
46,0,86,0,44,-27,41,42,2,0
37,0,77,0,24,-4,40,54,14,0
45,-1,83,0,44,-17,38,39,2,0
44,1,81,0,42,-11,37,39,2,0
49,0,83,0,50,6,34,34,0,0
42,2,79,0,42,1,37,37,0,0
50,-5,86,-3,50,0,36,37,0,0
56,0,79,0,56,11,24,23,0,0
45,0,86,0,46,11,40,39,0,0
40,0,76,1,38,0,35,37,2,0
41,0,79,-2,38,-13,38,40,2,0
45,-2,76,0,44,-17,31,32,2,0
43,5,83,1,42,0,40,42,2,0
56,-2,95,0,46,1,40,49,10,1
56,1,93,0,50,0,37,44,6,1
44,1,75,0,44,9,31,31,0,0
37,5,105,1,18,0,68,87,20,0
37,0,83,0,36,-5,45,46,2,0
102,0,103,5,72,30,1,31,30,1
46,4,81,0,46,7,35,35,0,0
47,2,88,1,46,0,42,42,0,0
42,-4,86,0,42,0,44,45,0,0
37,0,76,-4,26,0,39,50,10,0
55,0,81,-2,-14,-16,26,97,70,1
41,0,78,0,42,1,37,37,0,0
37,0,79,0,34,-13,42,46,4,0
37,0,77,8,20,0,40,56,16,0
45,0,84,0,44,-7,39,41,2,0
56,0,77,0,-2,9,21,79,58,1
46,1,87,0,46,27,41,41,0,0
42,0,86,7,42,0,44,45,0,0
46,0,76,0,46,0,30,30,0,0
40,4,86,0,38,0,46,48,2,0
51,0,83,0,52,21,31,31,0,0
51,3,85,0,50,0,34,36,2,0
50,0,86,0,50,0,36,37,2,0
44,3,77,0,44,1,33,34,0,0
56,0,96,-1,50,-5,40,47,6,1
56,-1,97,0,46,-5,41,50,10,1
37,-8,75,0,28,16,38,46,8,0
37,0,97,-2,34,-3,59,63,4,0
37,0,94,0,10,-23,57,84,26,0
37,0,77,0,34,21,40,43,2,0
49,0,77,0,50,25,28,28,0,0
53,4,77,0,28,0,24,48,24,1
56,4,88,0,56,2,31,31,0,0
51,1,84,0,52,11,33,32,0,0
37,0,79,-1,10,0,42,68,26,0
55,0,97,4,46,0,41,50,8,1
44,0,76,6,44,4,32,32,0,0
51,0,79,4,52,0,27,27,0,0
37,5,83,0,34,0,45,49,4,0
56,0,76,0,-12,-6,20,89,68,1
43,-2,77,0,42,-12,34,36,2,0
56,0,81,0,-6,18,25,89,64,1
56,3,98,0,44,-3,42,54,12,1
42,2,83,-4,42,0,41,41,0,0
37,0,76,7,20,-1,40,55,16,0
48,0,78,7,46,0,30,32,2,0
37,0,80,0,36,-23,43,44,2,0
49,0,87,-4,50,10,38,38,0,0
45,0,87,5,44,-15,42,43,2,0
37,-4,78,0,-2,0,41,81,40,0
42,5,93,0,42,0,51,52,0,0
58,0,96,-2,56,0,38,39,2,0
53,-1,88,3,52,-12,35,36,2,0
55,3,95,0,50,0,41,46,6,1
43,0,81,5,42,-2,37,39,2,0
41,0,82,2,42,1,41,41,0,0
45,0,83,8,44,0,38,39,2,0
52,0,84,0,52,-7,32,33,0,0
55,0,77,1,28,0,22,49,26,1
37,0,104,2,20,0,67,83,16,0
37,0,107,0,28,-11,70,78,8,0
58,0,82,7,56,0,24,25,0,0
48,0,81,2,46,0,33,34,2,0
48,3,95,0,46,0,47,49,2,0
49,0,84,-1,50,-1,35,35,0,0
45,0,84,0,46,24,38,37,0,0
56,0,86,0,54,-24,31,32,2,0
84,0,88,0,6,0,4,83,80,1
37,0,83,0,30,-5,46,52,6,0
41,5,79,0,42,14,38,38,0,0
37,0,81,-7,-2,0,44,83,40,0
44,5,107,0,44,21,63,63,0,0
45,0,88,0,44,-8,43,44,2,0
37,0,77,0,16,-21,40,62,22,0
41,0,81,1,38,-11,40,42,2,0
37,0,104,0,26,9,66,78,12,0
55,0,93,2,8,0,37,85,48,1
37,0,77,1,34,0,41,44,2,0
37,0,76,0,30,26,40,45,6,0
40,2,82,0,38,0,42,43,2,0
43,-4,84,0,42,-23,41,43,2,0
44,0,76,4,44,0,32,32,0,0
84,4,86,-1,-4,0,3,92,88,1
44,-1,87,0,42,-30,43,46,2,0
42,-2,108,0,42,0,66,66,0,0
38,5,81,0,38,9,43,42,0,0
53,4,81,0,54,27,28,27,0,0
74,8,78,4,-42,0,4,122,118,1
45,-1,88,0,44,0,43,44,2,0
36,-5,80,0,36,0,44,44,0,0
37,0,77,-6,8,0,40,69,28,0
37,0,79,6,8,-21,42,71,28,0
44,2,83,0,44,0,38,39,0,0
37,0,76,1,34,1,40,43,2,0
44,-1,86,-6,44,0,43,42,0,0
79,-1,83,-10,-32,-26739,4,117,112,1
49,0,95,0,50,25,47,46,0,0
38,0,105,-1,38,0,67,66,0,0
37,0,96,0,30,22,59,65,6,0
37,0,79,2,2,-5,43,77,34,0
62,0,109,0,62,8,48,47,0,0
37,0,77,0,-20,-15,41,98,58,0
56,0,96,-5,54,31,40,42,2,0
51,5,84,0,50,0,33,35,2,0
37,0,78,0,-4,-4,42,83,42,0
46,2,83,0,46,8,37,37,0,0
55,0,96,1,42,-4,41,55,14,1
107,3,108,5,72,1,1,36,34,1
37,0,80,0,16,-26,43,65,22,0
49,2,86,0,46,-8,37,39,2,0
85,0,88,-1,6,21,3,83,80,1
48,0,89,-1,46,-1,41,42,2,0
41,0,79,-1,42,12,38,37,0,0
56,0,98,0,52,6,42,46,4,1
39,0,79,0,38,0,40,40,0,0
37,0,77,0,20,-4,40,56,16,0
37,0,98,1,28,0,61,70,8,0
37,-2,77,0,0,19,40,77,36,0
39,0,81,-6,38,-5,43,43,0,0
51,3,88,0,52,17,37,37,0,0
37,0,77,0,36,0,41,41,0,0
37,0,81,0,28,-2,44,52,8,0
55,0,79,0,6,1,23,74,50,1
41,0,79,-3,38,-6,38,40,2,0
56,0,97,0,42,-10,41,55,14,1
56,0,93,-4,50,0,38,44,6,1
41,0,82,0,38,-10,41,43,2,0
55,-3,99,0,50,2,43,49,6,1
55,0,82,0,54,-4,26,28,2,0
47,-1,87,-5,46,-7,40,41,0,0
55,-1,79,-4,24,-8,23,55,32,1
55,0,95,0,36,19,40,59,20,1
56,0,91,0,56,1,35,34,0,0
55,0,82,0,-22,7,26,105,78,1
49,-3,83,0,50,0,34,34,0,0
41,0,80,0,42,20,39,39,0,0
43,0,95,-7,42,-3,52,54,2,0
42,0,88,5,42,0,45,46,2,0
37,0,79,0,8,-3,42,71,28,0
55,-1,79,-4,24,-9,23,55,32,1
55,0,79,-2,20,-3,23,58,34,1
52,0,84,3,52,2,32,32,0,0
56,0,92,4,50,0,36,43,6,1
37,-2,80,0,36,0,43,44,0,0
41,1,78,0,38,-24,37,39,2,0
41,0,108,0,42,2,66,66,0,0
43,-2,79,0,44,3,35,35,0,0
38,1,77,3,38,0,39,38,0,0
37,0,103,0,24,28,66,80,14,0
55,-5,93,1,54,0,38,39,0,0
37,-5,76,0,36,0,39,39,0,0
38,2,77,0,38,6,39,38,0,0
59,-5,108,0,60,0,49,49,0,0
43,-2,85,0,42,-15,42,44,2,0
37,0,82,0,18,0,45,64,18,0
56,0,97,0,42,12,41,55,14,1
45,-1,77,0,44,-12,32,34,2,0
41,-2,81,0,38,-20,40,42,2,0
41,0,79,2,38,-7,38,40,2,0
37,0,95,1,10,7,57,84,28,0
37,0,79,0,16,-26,43,64,22,0
50,0,106,2,50,0,56,57,0,0
57,4,81,0,56,0,25,24,0,0
56,2,97,0,44,2,41,53,12,1
44,0,81,-1,44,2,37,37,0,0
38,0,93,0,28,-3,55,64,10,0
37,0,80,0,8,19,43,72,30,0
50,0,77,0,50,-1,27,28,0,0
41,0,86,1,42,2,45,45,0,0
52,1,82,1,52,0,30,30,0,0
53,0,86,0,52,-21,33,34,2,0
43,0,79,0,42,-15,36,38,2,0
43,-2,89,0,42,-8,46,48,2,0
37,0,79,0,10,157,42,69,26,0
49,-1,100,-2,50,16,52,51,0,0
81,-1,86,2,-40,7,5,127,122,1
56,0,85,0,54,-4,29,31,2,0
81,0,84,6,-14,-12,4,100,96,1
64,0,113,1,64,31,49,48,0,0
55,0,96,2,52,-11,41,44,4,1
56,0,84,0,54,-3,28,30,2,0
37,0,78,0,0,-30,42,78,36,0
43,-2,76,0,42,-13,33,35,2,0
37,0,75,0,20,-9,38,54,16,0
50,5,83,0,50,-1,33,33,0,0
41,-5,80,0,42,0,39,39,0,0
43,-1,86,0,44,23,42,42,0,0
55,0,81,0,56,22,26,24,0,0
37,0,103,0,18,-8,66,85,20,0
54,-1,77,-2,54,0,24,23,0,0
51,1,86,0,50,-8,35,37,2,0
83,0,86,0,-6,-9,3,94,90,1
56,0,77,0,24,1,22,54,32,1
41,0,87,-2,38,-2,46,48,2,0
80,0,84,0,-42,-6,4,128,124,1
49,0,106,-1,46,-23,57,59,2,0
47,4,76,0,46,0,28,29,0,0
37,0,107,4,26,0,69,81,12,0
51,0,82,2,50,0,31,33,2,0
45,4,86,1,44,-3,41,42,2,0
44,1,77,0,44,7,34,34,0,0
56,0,81,0,-18,1,25,99,74,1
81,0,85,-7,-22,0,4,108,104,1
37,1,90,0,24,26,52,66,14,0
52,4,78,0,52,0,26,26,0,0
37,0,79,0,10,-20,43,69,26,0
40,-2,83,0,38,-1,42,44,2,0
48,0,106,0,50,25,58,57,0,0
45,-3,83,-4,44,-6,38,39,0,0
55,0,82,1,-12,-21,26,95,68,1
55,0,79,-1,54,0,24,24,0,0
55,0,77,0,-2,-16,21,79,58,1
37,0,94,0,10,0,57,84,26,0
56,0,81,0,-2,8,25,83,58,1
37,0,82,0,-2,16,45,85,40,0
55,0,92,0,-6,-17,36,99,64,1
42,0,90,1,42,0,47,48,2,0
48,-4,86,0,46,0,39,40,2,0
47,5,95,3,46,0,48,49,0,0
48,-5,77,0,46,0,29,30,2,0
55,0,96,0,54,9,41,42,0,0
53,3,86,0,52,-20,33,34,2,0
55,0,77,0,8,6,22,70,48,1
41,0,77,0,42,8,36,35,0,0
44,0,83,0,42,-10,39,41,2,0
37,0,79,0,-2,-29,42,82,40,0
53,0,82,1,54,14,29,28,0,0
41,0,88,0,38,-12,48,50,2,0
53,0,104,0,54,5,50,49,0,0
37,-1,75,0,26,-25,38,49,12,0
37,0,90,-1,20,31,53,70,16,0
37,-1,76,0,28,0,40,48,8,0
37,0,77,0,16,-9,41,62,22,0
41,-3,77,0,38,-15,36,38,2,0
37,0,78,0,2,5,41,75,34,0
49,0,85,0,46,-1,36,39,2,0
37,0,106,0,20,-30,69,85,16,0
41,0,83,0,38,-9,42,44,2,0
66,2,113,0,64,0,47,48,0,0
55,-2,77,0,26,-13,22,52,30,1
37,0,76,0,36,-20,38,39,2,0
40,0,88,5,38,0,48,50,2,0
37,0,76,0,38,16,38,37,0,0
42,0,76,-1,42,0,34,35,0,0
45,0,81,0,46,15,35,34,0,0
67,1,112,0,68,0,45,45,0,0
42,-4,79,0,42,0,37,37,0,0
56,0,97,1,52,27,41,45,4,1
82,0,85,-3,-2,10,3,88,84,1
56,-5,86,0,54,-30,31,32,2,0
45,0,77,2,44,0,32,34,2,0
55,0,95,0,42,-14,40,54,14,1
37,0,96,3,12,-18,59,83,24,0
42,-19,76,0,42,0,34,35,2,0
56,0,97,0,50,1,41,48,6,1
37,0,81,8,30,0,44,50,6,0
45,1,83,6,44,0,38,39,2,0
37,0,79,3,2,1,42,76,34,0
37,-48,106,-362,30,-22,69,75,6,1
53,0,81,0,52,-7,28,30,2,0
54,0,102,-2,54,0,49,48,0,0
55,0,92,2,-4,3,36,97,60,1
37,0,78,-2,6,0,41,73,32,0
51,0,83,-5,50,-11,32,34,2,0
37,0,97,0,34,8,60,64,4,0
55,0,77,0,18,-28,22,59,38,1
37,0,76,0,20,-18,39,55,16,0
49,1,90,0,50,14,42,41,0,0
45,0,81,1,46,15,36,35,0,0
55,0,77,0,38,6,22,39,16,1
55,0,99,5,38,0,43,60,16,1
45,-1,77,0,44,-8,31,33,2,0
44,2,85,0,44,17,41,41,0,0
53,0,88,5,54,0,34,33,0,0
41,0,77,3,42,10,36,35,0,0
37,0,106,8,30,0,69,75,6,0
49,1,86,0,50,19,38,37,0,0
37,0,76,6,30,16,40,45,6,0
49,0,107,0,50,15,58,58,0,0
37,5,77,0,34,0,40,44,4,0
37,0,80,0,10,-13,43,70,26,0
40,-5,80,0,38,-1,40,41,2,0
55,0,78,0,46,8,23,32,8,1
46,-2,90,0,46,5,44,44,0,0
37,0,77,0,36,-1,40,41,2,0
37,0,86,0,36,0,48,50,2,0
49,0,87,-2,50,25,38,38,0,0
47,1,85,0,46,0,38,39,0,0
56,0,95,0,52,23,40,44,4,1
37,0,81,0,18,0,44,63,18,0
37,0,76,0,18,-16,40,58,18,0
53,0,79,0,54,10,26,24,0,0
57,1,81,0,56,0,24,24,0,0
38,3,76,0,36,-7,38,39,2,0
46,0,79,1,46,4,33,32,0,0
37,0,100,0,30,5,64,69,6,0
45,-1,84,0,46,15,38,37,0,0
55,0,96,0,38,-14,41,57,16,1
50,0,78,1,50,0,28,29,2,0
37,0,78,0,6,-7,41,73,32,0
105,0,106,-2,70,-2,1,36,36,1
55,0,97,7,46,0,42,51,8,1
37,0,80,0,30,-24,43,49,6,0
43,-4,75,0,42,-27,32,34,2,0
56,4,98,0,50,-2,42,49,6,1
56,0,97,8,52,0,41,45,4,1
43,0,83,-3,42,-12,40,42,2,0
37,0,80,0,12,12,43,67,24,0
56,4,98,0,50,-15,42,49,6,1
52,2,86,-1,52,0,33,34,0,0
81,0,84,0,-18,-22,3,103,100,1
37,0,80,4,30,0,43,49,6,0
37,0,77,-2,34,-12,40,44,4,0
55,0,77,0,10,0,22,67,46,1
59,0,87,0,56,-9,28,30,2,0
55,-2,81,0,-10,-2,26,92,66,1
37,0,106,-6,36,0,69,70,2,0
56,4,98,0,52,10,42,46,4,1
44,2,78,0,44,0,34,34,0,0
49,22,79,0,42,0,30,37,8,1
49,-4,77,2,50,0,28,28,0,0
48,0,77,0,46,-1,28,30,2,0
55,1,81,-3,54,0,27,27,0,0
46,0,85,0,46,11,39,39,0,0
37,0,79,0,26,-1,42,53,10,0
56,2,78,2,24,0,22,55,32,1
37,0,77,0,-10,-17,41,88,46,0
51,0,88,2,52,0,36,36,0,0
44,2,83,0,42,-14,40,42,2,0
43,-1,80,0,42,-11,37,39,2,0
48,0,83,0,46,0,35,37,2,0
47,-5,87,8,46,0,40,41,0,0
38,1,77,0,38,17,39,38,0,0
41,0,78,-3,42,-5,37,37,0,0
37,-1,97,-6,26,-12,60,71,12,0
43,0,83,-1,42,0,40,41,2,0
56,0,81,0,-6,31,25,89,64,1
41,2,79,0,42,15,38,38,0,0
45,1,88,0,44,0,43,44,2,0
37,0,105,0,18,4,68,87,18,0
37,0,79,-1,0,10,42,79,36,0
42,0,77,-1,42,-1,35,36,0,0
37,0,79,-1,24,-1,42,55,14,0
45,-3,83,0,44,-8,37,39,2,0
56,0,86,0,56,6,30,29,0,0
45,0,86,-1,44,-4,40,42,2,0
42,0,81,0,42,-1,39,39,0,0
41,-2,76,0,42,19,35,34,0,0
38,2,77,0,36,-28,39,41,2,0
56,1,80,0,-2,0,24,83,58,1
37,0,75,0,30,-3,38,44,6,0
44,2,77,0,44,11,34,34,0,0
105,0,106,-4,72,10,1,34,34,1
45,5,78,0,44,0,34,34,0,0
53,0,82,0,54,17,29,28,0,0
51,0,81,0,50,-24,29,32,2,0
45,0,79,0,46,12,33,32,0,0
56,0,96,0,52,-15,40,44,4,1
64,0,113,0,64,14,48,48,0,0
46,0,77,0,46,11,32,31,0,0
37,0,79,0,34,-4,41,45,4,0
48,-1,88,-5,46,0,40,41,2,0
41,3,76,0,42,18,35,35,0,0
44,-1,76,0,44,11,32,32,0,0
49,0,106,0,46,-22,57,59,2,0
43,2,88,0,42,0,45,46,2,0
46,5,77,0,46,1,31,30,0,0
39,0,77,-1,38,0,38,39,0,0
56,0,84,0,56,0,29,28,0,0
37,0,81,5,36,-4,43,44,2,0
37,0,79,-5,34,0,42,45,2,0
55,0,92,-1,0,3,36,92,56,1
43,4,83,0,42,0,40,41,2,0
42,-5,86,-1,42,0,44,45,2,0
40,0,109,5,38,0,69,71,2,0
55,0,82,0,-42,-6,26,126,100,1
37,0,107,-4,36,0,69,71,2,0
56,0,86,0,54,-14,30,32,2,0
37,0,80,-3,36,-6,43,44,0,0
48,0,87,0,46,-9,39,41,2,0
56,0,80,-7,6,16,24,75,50,1
55,0,77,0,10,11,21,66,46,1
37,0,76,-2,28,-5,39,47,8,0
37,0,77,-1,26,-8,41,52,10,0
44,2,81,0,42,-14,37,39,2,0
49,0,79,0,46,-30,30,32,2,0
37,0,79,5,10,0,42,69,26,0
55,-3,77,-2,24,0,22,54,32,1
52,-2,84,0,52,0,32,32,0,0
37,-2,75,0,28,9,38,46,8,0
79,0,83,0,-30,6,4,114,110,1
50,2,106,0,50,0,56,57,0,0
41,0,83,0,42,27,42,41,0,0
46,0,81,-4,46,0,35,34,0,0
37,4,77,1,34,0,40,44,4,0
55,-4,73,-10,-4,-6,18,78,60,1
44,3,90,0,44,26,47,46,0,0
52,-2,87,1,52,-2,35,35,0,0
47,-11,86,0,46,0,39,39,0,0
56,1,81,0,56,1,24,24,0,0
55,0,77,0,24,17,22,54,32,1
37,0,78,0,8,0,42,70,28,0
37,0,78,0,26,-5,42,52,10,0
45,-4,85,3,44,0,40,41,2,0
44,3,102,0,44,15,59,58,0,0
85,0,88,-4,2,0,3,86,82,1
41,0,86,-5,38,-9,46,48,2,0
56,0,77,0,-4,6,21,82,62,1
45,4,93,0,44,0,48,50,2,0
43,0,85,5,44,29,42,41,0,0
38,0,105,-2,38,0,67,66,0,0
55,0,95,2,50,0,40,46,6,1
48,-1,86,0,46,-7,37,39,2,0
44,5,75,0,44,2,31,31,0,0
41,0,84,0,38,-21,43,45,2,0
51,0,77,0,52,30,26,25,0,0
49,0,81,0,46,-30,31,34,2,0
37,1,90,0,26,0,53,64,12,0
55,0,93,5,46,0,37,46,8,1
37,0,77,0,-6,22,41,85,44,0
56,-1,95,0,42,9,40,54,14,1
56,0,93,-5,50,0,38,44,6,1
45,0,79,2,44,-18,34,35,2,0
45,0,86,0,44,-18,40,42,2,0
47,-1,86,4,46,0,39,40,0,0
45,-3,90,0,44,0,45,46,2,0
43,0,76,-1,42,0,32,34,2,0
49,0,83,-3,50,-3,34,34,0,0
37,0,77,0,12,21,40,64,24,0
37,0,83,0,0,22,46,83,36,0
56,0,96,4,52,0,40,44,4,1
37,0,95,-1,16,6,58,80,22,0
45,0,109,0,44,-8,64,66,2,0
47,-18,86,0,46,0,39,39,0,0
48,0,108,3,46,0,59,61,2,0
39,0,79,8,38,0,40,41,0,0
42,0,83,-7,42,0,41,41,0,0
41,-1,78,-1,42,-2,37,37,0,0
49,1,83,0,46,0,34,37,2,0
37,0,83,0,-4,-17,47,88,42,0
56,0,87,1,54,-23,31,33,2,0
51,5,83,0,50,-20,31,33,2,0
46,0,88,0,44,-27,42,44,2,0
104,3,105,6,70,0,1,35,34,1
83,0,86,-1,-6,-24,3,94,90,1
44,4,83,-2,44,1,38,39,0,0
51,-2,79,0,50,-12,28,30,2,0
41,0,79,-2,38,-11,38,40,2,0
41,3,82,0,42,8,41,41,0,0
41,0,84,0,38,0,44,46,2,0
55,1,81,0,54,0,26,27,0,0
49,0,81,0,46,-9,32,34,2,0
55,0,77,0,28,6,21,48,28,1
50,5,79,3,50,0,29,30,0,0
43,-1,86,0,44,13,42,42,0,0
79,2,83,0,-40,14,4,125,120,1
37,0,79,0,24,-10,43,56,14,0
104,-3,105,-2,70,-30,1,35,34,1
55,0,83,-4,54,0,27,28,2,0
43,-5,86,0,42,0,44,45,2,0
53,0,83,0,54,12,30,28,0,0
37,0,79,-1,20,-3,42,58,16,0
37,0,81,6,34,1,43,47,4,0
67,0,109,-5,68,0,42,42,0,0
41,0,87,0,42,19,46,46,0,0
51,0,84,0,52,7,33,32,0,0
37,0,78,0,-2,9,41,81,40,0
37,0,108,0,30,-1,71,77,6,0
52,0,86,0,52,-7,33,34,0,0
44,0,86,0,44,8,42,42,0,0
37,0,97,0,24,-7,60,74,14,0
50,-3,86,0,50,0,37,37,0,0
37,0,82,0,36,16,45,46,0,0
45,3,106,-1,44,-4,61,62,2,0
49,0,80,0,50,7,31,31,0,0
85,0,88,0,0,30,3,88,84,1
46,0,88,-2,44,-22,43,44,2,0
46,2,79,0,46,19,33,32,0,0
37,0,78,0,18,-4,41,60,18,0
37,0,94,0,34,3,57,61,4,0
53,0,85,0,54,23,32,31,0,0
46,0,83,0,46,5,37,36,0,0
48,3,88,0,46,0,40,42,2,0
103,-2,104,-6,70,-23,1,34,34,1
37,0,104,0,16,-9,67,89,22,0
38,1,94,0,38,13,56,55,0,0
41,0,83,5,38,-10,42,44,2,0
47,-1,84,-5,46,0,38,38,0,0
56,0,76,0,-14,20,20,92,72,1
49,0,79,0,46,-26,30,33,2,0
37,-1,76,0,36,1,40,40,0,0
51,-4,78,0,52,24,27,26,0,0
49,0,83,-1,50,13,34,34,0,0
41,-3,82,0,38,-17,41,43,2,0
37,0,77,0,16,7,40,61,22,0
37,0,90,-2,24,-5,52,66,14,0
50,0,106,0,50,0,56,57,0,0
37,0,76,0,28,25,39,47,8,0
43,-2,81,0,44,12,38,37,0,0
55,0,77,0,30,-2,22,46,24,1
44,-5,106,-3,44,3,62,62,0,0
37,0,97,0,30,-4,60,66,6,0
46,-1,77,0,46,1,32,31,0,0
55,2,84,6,54,0,29,30,0,0
56,0,77,0,-2,-19,21,79,58,1
55,0,79,0,26,-1,23,53,30,1
56,5,97,0,44,0,41,53,12,1
41,0,79,-2,42,12,38,37,0,0
51,1,86,0,52,31,35,34,0,0
56,4,95,0,54,24,39,41,2,0
47,1,86,1,46,0,40,40,0,0
43,-1,86,0,44,28,43,42,0,0
81,1,85,3,-24,0,4,111,106,1
37,0,79,0,18,6,43,61,18,0
56,0,77,0,-20,-2,21,97,76,1
37,0,77,0,36,19,41,41,0,0
55,0,77,0,-28,3,22,106,84,1
41,0,82,0,38,-1,41,43,2,0
39,-8,78,0,-2,-24,39,81,42,0
38,5,105,0,38,0,67,66,0,0
43,1,84,0,42,0,42,43,2,0
37,0,75,0,34,-4,38,41,2,0
41,-1,77,0,42,4,36,36,0,0
48,2,88,-3,46,0,40,41,2,0
56,-1,95,0,38,-23,40,57,18,1
82,-4,86,0,-4,-27,4,91,88,1
44,-1,84,0,44,6,40,40,0,0
53,0,81,0,52,0,28,30,2,0
37,0,77,2,36,6,40,41,0,0
36,4,75,0,36,0,39,39,0,0
53,0,87,0,54,6,34,33,0,0
47,-1,79,2,46,0,32,32,0,0
37,0,81,-4,-2,0,44,83,40,0
43,0,77,-5,42,-4,34,35,2,0
56,0,95,0,50,-10,40,46,6,1
49,4,95,0,50,1,46,46,0,0
37,0,104,1,24,0,67,80,14,0
46,0,86,0,46,13,41,40,0,0
55,0,93,-1,50,20,37,44,6,1
38,1,90,-3,6,0,52,85,32,0
55,0,95,-7,44,7,40,51,12,1
37,0,95,0,10,4,57,84,28,0
37,0,106,0,28,23,68,77,8,0
37,0,106,4,18,0,69,88,18,0
49,0,96,6,50,0,47,47,0,0
60,0,109,-6,60,0,49,49,0,0
50,5,102,0,50,0,52,53,0,0
56,0,81,0,-6,20,25,88,64,1
42,-4,99,0,42,0,57,58,0,0
41,0,78,4,38,-11,37,39,2,0
86,6,89,0,8,0,3,81,78,1
46,1,86,1,46,0,40,39,0,0
37,0,80,0,6,-22,43,75,32,0
37,0,82,2,30,0,45,51,6,0
48,0,88,8,46,0,39,41,2,0
37,0,77,-1,12,-9,40,64,24,0
55,0,93,0,50,16,37,44,6,1
47,0,84,-5,46,0,37,38,0,0
37,3,76,0,36,0,39,39,0,0
45,-4,86,-2,44,0,41,42,0,0
44,0,86,0,42,-9,43,45,2,0
48,0,81,0,46,-11,32,34,2,0
44,-2,87,2,44,0,43,43,0,0
49,-2,85,0,46,-20,36,39,2,0
50,-2,86,-5,50,0,36,37,0,0
53,-2,85,-6,54,0,32,31,0,0
56,0,96,0,56,21,40,39,0,0
48,4,94,4,46,0,46,48,2,0
37,0,80,1,6,-11,43,75,32,0
82,2,86,0,-2,5,3,88,84,1
41,0,97,0,38,-12,56,58,2,0
56,-2,97,0,42,-12,41,55,14,1
38,3,83,0,38,5,45,44,0,0
38,-4,93,3,28,5,55,64,10,0
37,0,95,-3,16,-6,58,80,22,0
55,0,77,0,-4,-6,21,82,60,1
40,-4,77,0,38,0,36,38,2,0
49,0,83,0,46,-5,34,37,2,0
43,0,81,0,44,29,38,37,0,0
53,4,79,0,54,24,26,24,0,0
44,-3,81,3,44,0,37,37,0,0
49,0,89,0,46,-11,40,42,2,0
53,1,84,0,54,0,31,30,0,0
43,-1,79,0,42,-17,35,37,2,0
37,0,75,-2,24,-10,38,52,14,0
82,0,86,2,-6,5,4,94,90,1
37,-4,76,0,36,-20,38,39,2,0
56,0,81,8,-6,0,25,89,64,1
39,0,76,-3,38,0,38,37,0,0
84,0,88,-1,6,-3,4,83,78,1
41,0,81,7,38,-7,41,43,2,0
46,4,76,0,46,9,30,29,0,0
55,0,76,-2,-10,16,21,86,66,1
41,3,81,0,42,2,40,40,0,0
44,-2,76,0,42,-30,32,34,2,0
37,0,83,6,0,0,46,83,36,0
42,5,81,0,42,0,39,39,0,0
55,0,95,0,54,-4,40,41,2,0
56,0,86,0,54,-8,30,32,2,0
53,0,103,0,54,19,50,49,0,0
39,-4,81,0,38,0,42,43,0,0
45,0,76,0,46,29,30,29,0,0
45,0,81,1,46,23,35,34,0,0
37,0,95,0,26,3,58,70,12,0
42,0,85,-4,42,-4,43,44,0,0
48,0,77,0,50,25,28,28,0,0
55,0,77,0,-4,-2,21,82,60,1
37,-1,79,-3,20,-7,43,59,16,0
56,0,92,0,56,6,35,35,0,0
38,0,76,8,38,0,38,37,0,0
55,0,82,0,-20,-15,26,103,76,1
37,-9,77,0,20,0,40,56,16,0
56,0,79,0,8,6,24,72,48,1
46,0,86,1,46,0,40,39,0,0
39,3,79,5,38,0,39,40,0,0
43,0,83,0,42,-21,40,42,2,0
56,0,79,0,8,0,23,71,48,1
52,0,87,2,52,0,35,35,0,0
43,-4,76,0,44,12,32,32,0,0
44,0,85,3,44,0,41,41,0,0
43,0,82,3,42,0,39,41,2,0
48,3,82,-3,46,0,34,35,2,0
55,0,82,0,-40,-28,26,123,96,1
55,0,79,0,20,12,23,58,34,1
37,2,75,0,20,0,38,54,16,0
46,0,107,0,46,0,61,60,0,0
55,-5,85,0,54,0,31,31,0,0
49,0,88,0,50,8,40,39,0,0
37,0,79,-1,0,5,42,79,36,0
37,0,77,0,34,-6,40,43,2,0
53,0,81,1,54,15,28,26,0,0
46,0,87,-1,46,5,41,41,0,0
84,-5,88,0,2,0,3,85,82,1
44,1,76,0,42,-27,32,35,2,0
104,-8,107,-1,70,0,3,37,34,1
48,5,95,0,46,0,47,49,2,0
41,-1,78,-4,42,-6,37,37,0,0
56,0,79,-6,6,-4,24,74,50,1
37,-1,104,0,24,0,67,80,14,0
56,0,96,4,42,2,40,55,14,1
44,2,87,0,44,0,43,43,0,0
52,-3,81,0,52,0,29,30,0,0
56,0,79,4,-22,0,24,103,80,1
40,-3,77,0,38,0,36,38,2,0
56,0,81,-4,54,-26,25,27,2,0
37,1,111,11,28,0,73,82,8,0
37,0,78,0,12,3,42,65,24,0
46,0,82,0,44,-16,36,38,2,0
37,0,76,-1,36,1,40,40,0,0
47,0,78,7,46,0,31,32,0,0
37,0,77,0,6,1,40,72,32,0
37,0,74,-6,28,0,38,46,8,0
37,0,80,-4,36,0,43,44,0,0
37,0,77,0,16,6,41,62,22,0
55,0,77,0,0,-9,22,77,56,1
37,0,83,0,6,0,46,78,32,0
40,3,93,-1,38,0,53,55,2,0
37,0,77,0,-22,10,40,101,60,0
37,0,77,0,26,-7,40,51,10,0
55,0,78,0,10,-3,23,68,46,1
37,0,96,0,28,-11,59,68,8,0
56,0,97,0,54,1,40,42,2,0
56,0,76,0,-10,-19,20,86,66,1
37,0,78,0,18,25,41,60,18,0
41,0,77,-1,38,-30,36,38,2,0
46,0,83,0,46,8,37,37,0,0
46,0,108,5,46,12,62,62,0,0
47,1,86,6,46,0,38,39,0,0
44,0,76,-3,44,0,31,32,0,0
38,2,76,0,36,-28,38,40,2,0
37,0,77,0,12,-4,40,64,24,0
78,0,82,1,-40,0,4,123,120,1
39,-2,86,0,38,0,48,48,0,0
44,0,76,-1,44,4,32,32,0,0
107,1,109,8,72,1,2,36,34,1
102,0,103,6,72,28,1,31,30,1
38,0,100,0,36,-30,63,64,2,0
53,5,87,0,54,1,34,33,0,0
37,0,83,0,10,-16,46,72,26,0
42,-1,79,-1,42,0,37,37,0,0
55,0,77,0,-20,-9,21,97,76,1
37,0,75,0,30,-16,38,44,6,0
56,5,98,0,42,-16,42,57,14,1
49,-2,81,0,50,6,33,32,0,0
44,0,83,0,44,19,40,39,0,0
45,0,109,0,44,-4,64,66,2,0
43,0,86,-1,42,0,43,45,2,0
52,5,85,0,52,0,33,33,0,0
48,-3,80,-4,46,0,32,34,2,0
45,0,83,0,46,13,38,37,0,0
56,3,98,0,44,-7,42,54,12,1
49,0,80,0,50,2,31,31,0,0
39,-7,90,2,6,0,51,85,34,0
46,1,84,-2,46,-4,38,37,0,0
41,0,83,1,42,30,42,41,0,0
66,0,109,0,68,0,43,42,0,0
59,0,84,0,56,-4,25,27,2,0
45,0,85,0,44,-24,40,41,2,0
45,0,106,-6,44,0,61,62,2,0
37,-3,108,-6,26,0,71,82,12,0
55,0,77,-2,28,-17,21,48,28,1
41,0,83,-6,38,-7,42,44,2,0
53,0,87,0,52,-5,34,35,2,0
53,0,81,1,54,19,28,26,0,0
56,0,80,0,-2,0,24,83,58,1
45,-111,83,0,44,618,38,39,0,0
58,0,80,0,56,0,22,23,2,0
55,0,81,0,-4,5,25,86,60,1
37,-1,75,-3,24,-7,38,52,14,0
104,0,104,-1,70,0,1,35,34,1
37,0,76,0,26,-10,40,50,10,0
84,-1,88,0,6,0,4,83,78,1
55,0,95,-5,42,0,39,53,14,1
51,0,79,0,52,18,28,27,0,0
49,1,82,0,46,-7,33,35,2,0
37,0,77,0,16,3,41,62,22,0
37,0,95,0,12,-1,58,82,24,0
42,-3,76,0,42,0,33,34,2,0
37,0,76,0,20,-15,40,55,16,0
43,-4,77,0,42,-11,34,36,2,0
77,4,81,0,-42,0,4,125,120,1
56,4,97,0,50,0,41,48,8,1
46,0,77,0,46,9,32,31,0,0
44,0,81,0,42,-5,38,40,2,0
49,2,82,0,46,-12,33,35,2,0
37,0,81,-1,28,0,44,52,8,0
54,3,81,0,54,1,26,26,0,0
37,0,106,-1,30,4,69,75,6,0
43,0,79,-1,44,22,35,35,0,0
37,0,105,0,28,0,68,77,8,0
37,0,80,-5,24,0,43,57,14,0
45,-16,77,-1,44,-2,32,34,2,0
44,-1,82,0,44,5,38,38,0,0
64,78,82,0,-42,-6,18,126,108,1
55,0,77,-2,-28,12,21,105,84,1
43,0,77,-3,44,18,34,33,0,0
56,0,84,0,54,-12,28,30,2,0
54,2,81,0,54,0,27,26,0,0
51,0,91,0,52,25,40,39,0,0
38,0,105,0,38,0,67,66,0,0
44,1,86,0,42,-11,43,45,2,0
56,0,97,-3,50,-16,41,48,6,1
56,0,95,0,44,12,40,51,12,1
81,3,86,1,-40,10,4,127,122,1
55,0,77,2,-24,-15,21,103,82,1
37,0,98,0,28,-30,61,70,8,0
47,-1,82,-1,46,0,35,35,0,0
55,-2,79,0,26,0,23,53,30,1
37,0,104,0,28,6,67,75,8,0
47,-2,82,0,46,0,34,35,0,0
83,-2,86,0,-2,25,4,89,86,1
41,4,75,0,42,21,34,34,0,0
44,0,84,-6,44,0,40,40,0,0
37,4,79,0,6,0,42,74,32,0
41,0,82,-1,42,3,41,41,0,0
55,0,82,0,54,3,26,28,2,0
56,0,77,0,-4,-10,21,82,62,1
54,3,88,0,54,0,34,33,0,0
40,0,80,1,38,0,40,41,2,0
44,0,81,-2,42,-25,37,39,2,0
55,0,78,0,6,-7,23,73,50,1
53,0,87,4,54,12,34,33,0,0
46,3,87,0,46,4,41,41,0,0
37,0,77,3,36,3,40,41,0,0
48,3,106,0,46,0,58,60,2,0
45,-1,76,0,44,-10,31,32,2,0
55,-3,98,0,46,0,42,51,8,1
39,4,90,0,38,0,51,51,0,0
37,0,106,0,26,4,69,80,12,0
44,3,76,0,44,22,32,32,0,0
47,0,86,-4,46,0,39,40,0,0
43,0,81,2,42,-4,38,40,2,0
37,0,75,-7,34,0,38,41,2,0
37,0,81,1,16,0,44,65,22,0
44,0,79,0,42,-7,35,37,2,0
44,0,86,-5,44,0,42,42,0,0
56,0,78,-4,0,0,22,78,56,1
44,4,76,-1,44,2,32,32,0,0
37,0,75,-3,24,-16,38,52,14,0
38,1,76,0,36,-17,38,40,2,0
40,2,84,0,38,0,44,46,2,0
42,1,76,-2,42,0,34,35,0,0
53,0,102,2,52,-24,49,51,2,0
45,-1,79,0,44,-17,33,35,2,0
37,-4,90,0,24,1,53,66,14,0
55,-1,98,0,50,-10,42,49,6,1
37,0,77,0,28,3378,40,48,8,0
44,-1,86,0,44,6,43,42,0,0
37,0,76,0,24,8,39,52,14,0
37,-5,77,0,28,0,40,48,8,0
55,0,77,0,2,7,22,75,52,1
55,0,76,0,-14,-26,21,92,70,1
56,4,96,0,54,16,40,42,2,0
37,0,106,0,30,3,69,75,6,0
50,-2,88,1,50,0,38,39,0,0
42,0,79,-3,42,0,37,38,2,0
37,0,97,0,12,15,59,84,24,0
51,0,84,0,50,-14,33,35,2,0
51,3,78,-2,50,-25,27,29,2,0
52,-1,109,0,52,0,57,57,0,0
57,-4,88,0,56,0,31,31,0,0
52,0,86,-1,52,0,35,35,0,0
41,0,77,0,42,3,37,36,0,0
42,0,86,5,42,0,44,45,2,0
46,2,81,4,46,9,35,35,0,0
41,5,86,0,38,0,45,47,2,0
79,0,83,0,-30,9,4,114,110,1
80,3,84,0,-40,15,4,125,122,1
37,0,77,0,26,19,40,51,12,0
44,-5,76,-1,44,0,32,32,0,0
37,0,77,0,26,13,40,51,12,0
43,-1,79,0,44,28,35,35,0,0
37,0,106,-7,28,0,69,78,8,0
43,0,83,0,42,-8,40,42,2,0
53,1,78,0,52,-10,25,26,2,0
80,1,84,0,-36,1,4,121,116,1
55,-2,81,0,-22,-5,26,105,78,1
55,-7,76,-18,0,0,21,76,54,1
56,0,95,0,52,4,40,44,4,1
46,5,85,2,46,11,39,39,0,0
53,-5,79,0,52,-20,26,27,2,0
45,0,85,1,46,12,40,39,0,0
44,0,88,0,44,2,45,44,0,0
55,0,78,0,6,-29,23,73,50,1
44,0,85,-4,44,0,41,41,0,0
82,0,86,1,-40,7,5,128,124,1
37,0,104,4,28,0,67,76,8,0
47,0,83,3,46,0,36,37,0,0
37,0,104,0,20,22,67,84,16,0
46,1,83,0,46,7,37,36,0,0
37,0,77,-1,26,13,40,51,10,0
62,-2,111,0,62,0,49,49,0,0
43,0,81,6,42,-4,37,39,2,0
37,0,80,0,20,29,43,59,16,0
56,0,97,0,50,-22,41,48,6,1
49,3,102,0,46,-13,53,55,2,0
37,0,75,0,18,-31,38,57,18,0
108,2,109,0,72,5,1,36,36,1
43,0,85,0,42,-13,42,44,2,0
54,0,83,0,54,0,28,28,0,0
37,0,76,0,34,5,39,42,2,0
41,-4,86,0,42,6,46,45,0,0
48,-3,84,0,50,30,36,35,0,0
37,0,80,0,30,-10,43,49,6,0
49,-5,89,0,50,0,40,40,0,0
53,0,83,0,52,-5,30,32,2,0
48,0,88,0,46,-2,39,41,2,0
55,5,78,-1,42,0,23,37,14,1
56,0,78,0,8,-6,22,70,48,1
84,0,87,0,0,4,3,87,84,1
37,0,104,0,16,-12,67,88,22,0
43,0,87,4,42,0,44,46,2,0
58,0,86,0,56,0,28,29,0,0
37,0,84,4,30,0,47,53,6,0
41,0,79,0,38,0,38,40,2,0
49,3,106,0,50,5,56,57,0,0
46,5,88,0,46,14,42,41,0,0
46,0,76,1,46,15,30,30,0,0
55,0,77,0,20,-20,22,57,34,1
51,0,80,0,52,28,29,28,0,0
46,-2,86,0,46,0,40,39,0,0
49,1,84,0,46,-4,35,37,2,0
56,5,95,0,46,0,39,49,10,1
43,0,79,0,44,31,36,35,0,0
37,0,76,0,34,-2,39,43,4,0
37,0,76,-7,20,0,39,55,16,0
52,-1,86,0,52,-1,33,34,0,0
56,5,97,0,38,0,41,58,18,1
56,-1,96,0,50,-16,40,47,6,1
47,0,102,-1,46,0,55,55,0,0
37,0,92,8,6,0,54,86,32,0
41,-5,88,0,42,0,47,46,0,0
37,0,81,0,18,-14,44,63,18,0
43,0,87,0,42,-2,44,46,2,0
42,0,85,-2,42,0,43,44,0,0
105,-4,107,-2,70,0,2,37,34,1
37,-84,106,0,34,0,69,72,4,1
55,0,77,0,26,16,21,51,30,1
83,0,86,0,-4,25,3,92,88,1
37,0,81,0,26,-22,44,55,10,0
37,0,83,0,2,6,46,80,34,0
50,-5,81,8,50,0,32,32,0,0
55,0,77,0,20,-8,22,57,34,1
49,0,83,-1,50,0,33,33,0,0
37,0,80,0,20,14,43,59,16,0
56,0,86,0,56,5,30,29,0,0
55,-3,80,0,-2,0,25,83,58,1
105,5,107,9,72,5,1,35,34,1
37,-3,86,0,38,8,48,47,0,0
43,1,80,-7,42,0,37,39,2,0
53,0,81,3,54,0,28,27,0,0
43,0,84,1,42,-1,41,43,2,0
37,0,82,0,38,26,45,43,0,0
55,0,95,0,46,-14,40,49,8,1
37,0,93,0,28,-26,56,65,8,0
41,1,78,0,42,21,37,37,0,0
48,3,89,0,46,0,41,42,2,0
44,0,81,0,44,15,37,37,0,0
42,-1,88,0,42,0,46,47,2,0
37,-2,76,-7,36,-11,39,40,0,0
37,0,106,0,28,5,68,77,8,0
39,-3,78,0,0,8,39,78,40,0
41,0,87,0,42,29,46,46,0,0
102,0,103,3,70,-4,1,33,32,1
44,0,76,-1,44,6,32,32,0,0
37,0,75,0,28,-17,38,46,8,0
56,3,81,0,56,22,25,24,0,0
44,0,86,5,44,6,43,42,0,0
49,2,79,0,50,0,30,30,0,0
41,3,81,2,38,0,41,43,2,0
51,1,78,-3,52,3,27,26,0,0
37,0,75,7,24,22,38,52,14,0
55,0,82,-1,-20,8,26,103,76,1
56,0,78,0,12,22,22,65,42,1
49,5,78,0,50,1,29,29,0,0
37,0,76,-1,30,16,40,45,6,0
37,0,96,0,38,17,59,57,0,0
37,0,79,0,24,25,42,55,14,0
37,0,79,3,2,4,42,76,34,0
37,0,77,0,38,29,40,39,0,0
37,0,86,0,36,-15,48,50,2,0
42,-5,99,0,42,0,57,58,2,0
41,0,79,0,42,23,38,37,0,0
38,1,102,0,38,1,64,63,0,0
55,0,95,-1,42,-15,40,54,14,1
41,1,78,0,38,0,37,39,2,0
56,0,77,0,18,30,22,59,38,1
37,0,84,0,28,1,47,55,8,0
59,-4,108,0,60,0,49,49,0,0
55,-2,77,0,34,-9,22,44,22,1
56,3,86,0,56,12,30,29,0,0
55,0,98,0,50,-14,42,49,6,1
37,3,83,1,34,0,45,49,4,0
41,-3,77,0,38,-17,36,38,2,0
45,0,85,2,44,-12,40,41,2,0
42,2,82,1,42,0,40,41,0,0
51,0,83,-7,52,9,32,32,0,0
55,0,91,0,54,0,35,37,2,0
51,0,83,5,52,0,31,31,0,0
46,0,86,0,46,-1,40,39,0,0
41,-1,76,0,42,0,34,34,0,0
52,-2,84,0,52,-3,31,32,0,0
45,0,77,0,44,-27,32,34,2,0
49,0,84,0,46,-19,35,37,2,0
84,4,86,-2,-4,0,3,92,88,1
37,-3,90,-2,6,0,53,85,32,0
38,3,102,0,38,2,64,63,0,0
56,0,81,0,54,-18,25,26,2,0
44,-536,88,0,44,0,44,44,0,0
37,13,77,-4,-22,5,41,101,60,0
55,0,95,0,46,-27,40,49,8,1
45,3,93,0,44,0,49,50,0,0
51,-4,82,0,50,-12,31,33,2,0
41,0,85,0,42,12,44,44,0,0
49,0,77,0,46,-3,29,31,2,0
46,0,83,-7,46,0,36,36,0,0
41,0,77,0,38,-21,36,38,2,0
56,0,96,0,52,11,40,44,4,1
37,0,77,0,38,30,39,38,0,0
38,0,77,3,38,0,39,39,0,0
37,-1,79,0,18,0,42,61,18,0
45,0,107,0,44,-16,62,63,2,0
51,0,83,0,50,-10,32,33,2,0
37,0,99,5,30,0,61,68,6,0
55,2,93,0,54,0,38,39,2,0
55,-5,78,0,54,0,23,24,0,0
55,-5,97,0,50,0,42,48,6,1
49,3,95,0,50,26,47,46,0,0
41,1,106,-1,42,4,65,65,0,0
43,0,77,-1,42,-2,34,35,2,0
55,4,87,0,54,0,32,33,0,0
37,0,106,0,24,2,69,82,14,0
56,0,97,-4,52,18,41,45,4,1
44,0,86,-6,44,0,43,42,0,0
38,-3,86,0,38,0,48,47,0,0
37,0,75,0,28,-18,38,46,8,0
38,0,82,-2,38,-3,44,43,0,0
37,0,79,0,36,0,43,43,0,0
43,0,77,-1,44,13,34,33,0,0
44,-2,76,0,44,6,32,32,0,0
55,0,93,2,10,0,37,82,46,1
46,4,76,2,46,0,30,30,0,0
37,0,79,-3,0,0,42,79,36,0
45,3,86,1,44,-3,41,42,2,0
56,0,95,-7,44,0,39,51,12,1
38,0,80,1,38,0,42,41,0,0
45,0,82,0,44,-7,37,38,2,0
37,-1,106,-2,30,67,69,75,6,0
43,0,77,-1,42,-4,34,36,2,0
46,0,81,3,44,-30,35,37,2,0
37,0,76,0,34,25,39,43,4,0
85,0,88,0,2,23,3,86,82,1
53,-5,88,0,54,7,35,34,0,0
39,-2,76,6,38,0,37,37,0,0
38,3,79,0,38,10,41,40,0,0
37,0,81,0,20,16,44,60,16,0
40,1,79,0,38,0,39,41,2,0
53,0,108,0,54,6,55,54,0,0
37,0,94,-5,16,0,57,79,22,0
45,-3,77,0,44,-11,31,33,2,0
49,0,81,0,46,-20,32,34,2,0
50,-5,89,0,50,0,39,40,0,0
44,0,90,-4,44,2,46,46,0,0
37,0,79,0,26,-5,42,53,12,0
55,0,81,0,-20,7,26,102,76,1
46,5,84,0,46,0,38,38,0,0
37,0,77,0,18,0,40,59,18,0
44,0,76,0,42,-17,32,35,2,0
37,2,86,0,36,0,49,50,0,0
43,-1,86,0,42,-14,42,44,2,0
37,0,76,-4,24,0,40,53,14,0
45,2,83,0,44,0,38,39,2,0
44,0,83,0,44,16,40,39,0,0
37,0,97,0,34,-6,59,63,4,0
56,0,96,0,56,23,40,39,0,0
55,0,93,0,16,-1,38,78,40,1
46,0,102,0,46,0,57,56,0,0
41,1,102,0,42,25,61,60,0,0
50,1,77,1,50,0,27,28,0,0
37,0,95,0,10,29,58,84,26,0
55,0,74,-13,0,0,19,74,54,1
51,-3,78,0,52,20,27,26,0,0
36,0,76,0,36,0,39,39,0,0
55,0,96,0,52,-6,41,44,4,1
79,0,83,-1,-40,0,4,125,120,1
53,0,81,0,54,0,28,27,0,0
52,-4,83,0,52,0,31,32,0,0
53,1,81,0,54,5,28,27,0,0
42,-1,80,-4,42,-6,38,39,0,0
55,-3,91,0,54,-15,35,37,2,0
55,-1,86,0,54,-7,31,32,2,0
37,-2,106,-6,36,-11,69,69,0,0
41,-3,83,0,42,0,42,42,0,0
48,3,90,0,46,0,42,43,2,0
43,0,84,5,42,-10,41,43,2,0
52,0,81,0,52,-3,29,30,0,0
42,-1,77,-6,42,0,35,35,0,0
44,0,85,0,42,-20,41,44,2,0
56,0,98,5,50,22,42,49,6,1
79,0,84,0,-40,1,4,125,120,1
55,0,77,-1,0,8,22,77,56,1
53,0,102,0,52,-7,49,50,2,0
51,1,87,0,52,4,36,35,0,0
56,4,78,0,18,26,22,60,38,1
37,0,78,-2,8,0,41,70,30,0
37,0,104,0,24,1,67,80,14,0
45,-1,79,0,46,12,34,33,0,0
49,0,81,0,50,0,32,32,0,0
37,0,79,-2,26,-11,42,53,10,0
56,0,82,2,-12,6,26,95,68,1
50,-2,87,3,50,0,37,38,0,0
56,1,95,0,42,-5,40,54,14,1
105,-5,106,1,72,3,2,34,32,1
37,0,106,0,28,-19,68,77,8,0
41,-5,106,0,42,0,64,64,0,0
37,0,79,0,26,1,42,53,10,0
51,0,83,0,52,17,31,31,0,0
56,2,77,0,-24,7,21,103,82,1
39,-5,100,0,38,0,62,62,0,0
38,0,79,2,38,0,41,40,0,0
38,1,81,0,38,7,43,42,0,0
57,-5,88,6,56,0,32,31,0,0
55,0,73,-12,0,5,18,73,54,1
46,3,79,-5,46,0,33,32,0,0
37,0,83,0,-2,-19,46,85,40,0
41,0,80,-3,42,0,39,39,0,0
43,0,82,-5,42,0,39,41,2,0
37,0,81,0,24,-2,44,57,14,0
37,0,77,0,28,27,40,48,8,0
56,0,80,0,54,-27,24,26,2,0
56,-3,86,0,56,0,29,29,0,0
56,0,78,-1,8,-4,22,70,48,1
56,-1,97,0,46,2,41,51,10,1
37,-6,90,-3,8,-8,53,82,30,0
80,-1,84,-7,-20,0,4,105,100,1
56,-1,80,-6,24,14,24,57,32,1
76,2,81,0,-42,0,4,125,120,1
46,0,78,-7,46,21,32,32,0,0
56,-2,92,0,56,0,36,35,0,0
52,0,103,6,52,-6,51,51,0,0
55,0,96,1,42,-1,41,55,14,1
41,0,78,0,42,2,37,37,0,0
56,0,81,0,-20,-2,25,102,76,1
55,0,82,0,-40,15,26,123,96,1
55,0,96,0,42,-11,41,55,14,1
41,0,79,0,42,9,39,38,0,0
45,0,81,-2,44,-4,36,37,2,0
41,-1,86,0,38,-23,46,48,2,0
54,2,77,0,-22,0,23,101,78,1
52,4,79,0,52,0,26,27,0,0
51,0,77,0,50,-23,26,28,2,0
41,0,84,0,42,9,43,43,0,0
49,0,78,8,50,0,29,29,0,0
51,0,90,0,50,-30,38,41,2,0
43,-1,87,0,42,0,44,46,2,0
52,-3,102,0,52,0,50,50,0,0
40,-2,84,0,38,0,45,46,2,0
37,0,77,0,34,15,40,44,4,0
77,0,81,0,-42,0,4,125,122,1
43,-3,77,0,42,-9,34,36,2,0
37,0,98,0,28,-8,61,70,8,0
104,5,106,6,70,-29,1,36,34,1
42,4,79,0,42,2,37,37,0,0
39,1,93,0,36,17,54,57,2,0
36,0,83,0,36,0,46,46,0,0
56,0,79,0,12,7,23,66,42,1
103,-2,104,-1,70,0,1,35,34,1
82,0,86,-1,-10,3,3,96,92,1
50,-1,87,-5,50,0,37,38,0,0
101,-2,102,-3,72,0,1,29,28,1
53,1,87,0,54,22,34,33,0,0
41,0,86,4,38,-30,45,48,2,0
45,0,90,0,44,-6,45,46,2,0
37,1,77,0,34,0,40,43,4,0
45,0,86,-2,44,0,42,42,0,0
56,0,81,-2,-14,0,25,97,72,1
51,0,81,0,50,-19,30,32,2,0
49,0,81,1,46,-10,33,35,2,0
56,0,95,-4,50,0,39,46,6,1
79,-1,83,0,-32,85,4,117,112,1
41,0,77,0,38,-30,36,38,2,0
45,0,86,0,46,28,41,39,0,0
55,0,92,0,-4,-6,36,97,60,1
55,0,79,3,26,24,23,53,30,1
45,3,83,0,44,-6,37,39,2,0
46,5,83,0,46,4,37,37,0,0
56,-4,97,0,42,0,41,55,14,1
45,0,79,0,44,-19,34,35,2,0
55,0,78,0,18,25,23,60,38,1
39,3,106,0,38,0,67,67,0,0
45,0,82,-8,44,0,37,38,0,0
38,0,93,0,30,22,55,62,8,0
87,2,89,0,8,1,2,81,78,1
44,0,86,0,44,11,42,42,0,0
45,2,76,0,44,0,32,32,0,0
44,1,102,0,44,8,59,58,0,0
45,0,87,1,46,28,42,41,0,0
37,0,77,0,8,-19,41,70,28,0
37,0,82,-1,36,-2,45,46,2,0
55,-1,96,0,52,-5,41,44,4,1
37,-5,97,0,34,-8,61,64,2,0
42,0,76,4,42,0,34,35,2,0
84,0,87,6,-2,0,3,90,86,1
39,0,81,3,38,0,42,43,0,0
55,0,77,-5,10,12,22,67,46,1
41,0,88,0,38,0,47,49,2,0
46,0,87,2,46,3,41,41,0,0
37,0,76,6,26,0,39,50,12,0
37,0,78,0,-2,-12,42,81,40,0
37,0,79,0,38,28,42,41,0,0
37,0,94,0,16,27,57,79,22,0
44,-4,87,0,44,0,43,43,0,0
52,0,79,0,54,31,26,24,0,0
41,-3,86,0,38,-22,45,47,2,0
76,0,80,0,-42,-17,4,124,120,1
53,1,88,0,54,29,35,33,0,0
45,-1,88,8,44,15,43,44,2,0
85,0,89,0,2,-11,4,86,82,1
80,1,84,0,-38,0,4,123,118,1
37,0,81,-7,28,15,45,53,8,0
37,-4,90,0,26,0,53,64,12,0
45,0,83,5,46,31,37,36,0,0
37,0,79,-2,36,-4,42,43,0,0
37,0,82,4,-4,0,45,87,42,0
55,0,77,0,24,11,22,54,32,1
37,0,78,0,16,-12,42,63,22,0
52,3,81,0,52,0,28,29,0,0
48,-3,81,-2,46,0,33,34,2,0
37,0,75,0,20,22,38,54,16,0
82,0,86,3,-12,0,4,99,94,1
37,0,79,0,34,5,42,46,4,0
44,4,76,0,44,4,32,32,0,0
38,5,106,1,36,-3,68,70,2,0
37,0,103,0,30,8,66,72,6,0
44,3,107,0,44,13,63,63,0,0
56,0,76,0,-4,-22,20,81,62,1
56,0,97,0,44,-1,41,53,12,1
45,5,85,0,44,0,41,41,0,0
56,0,81,0,-10,10,25,92,66,1
57,2,96,0,56,0,39,39,0,0
46,1,86,0,46,0,40,39,0,0
37,-1,76,0,36,-17,38,39,2,0
82,2561,106,-4,34,-20,24,72,48,1
41,0,79,0,38,-22,38,40,2,0
44,0,81,-2,44,12,37,37,0,0
102,4,102,1,72,18,1,30,30,1
55,0,98,0,50,-24,42,49,6,1
46,5,77,0,46,22,32,31,0,0
49,-1,107,0,50,11,58,58,0,0
41,0,84,0,42,16,43,43,0,0
55,0,81,0,54,0,26,27,2,0
46,0,84,0,46,13,38,37,0,0
37,0,80,0,36,-1,43,44,2,0
42,0,79,8,42,0,38,38,0,0
56,1,76,-4,-4,0,20,81,62,1
42,0,78,-2,42,0,36,37,2,0
49,0,81,0,50,1,32,32,0,0
41,0,89,0,42,28,48,48,0,0
43,-1,82,0,42,-6,39,41,2,0
80,0,84,0,-38,-3,4,123,118,1
45,1,86,0,44,-1,41,42,2,0
44,0,79,0,44,5,35,35,0,0
56,-2,97,-4,46,-10,41,51,10,1
37,0,80,0,8,17,43,72,30,0
53,0,82,0,52,0,29,30,2,0
105,-2,107,-4,70,0,2,37,36,1
43,0,79,0,42,-12,35,37,2,0
56,0,76,0,-10,2,20,86,66,1
56,0,97,0,54,10,40,42,2,0
55,0,77,8,28,8,22,49,28,1
37,0,92,0,24,4,55,69,14,0
57,0,86,6,56,0,29,29,0,0
44,0,84,0,42,-26,40,43,2,0
54,0,89,1,54,0,35,35,0,0
37,0,77,3,34,-30,40,43,2,0
91,-38,107,0,64,-36,16,42,26,1
38,0,92,0,18,5,54,74,20,0
55,0,95,-4,36,-12,39,59,20,1
40,4,106,0,38,0,66,67,2,0
56,1,87,0,56,8,31,30,0,0
41,5,85,0,42,20,44,44,0,0
53,0,86,0,54,7,33,32,0,0
37,0,82,0,34,8,45,48,2,0
58,2,91,0,56,0,33,34,0,0
45,-5,85,0,44,0,41,41,0,0
54,-1,84,0,54,0,30,30,0,0
51,-5,86,0,52,0,35,34,0,0
56,0,98,0,44,9,42,54,12,1
53,0,86,1,54,2,33,32,0,0
56,0,81,2,54,-7,25,26,2,0
37,0,95,0,10,8,58,84,26,0
55,-5,80,0,56,22,25,23,0,0
85,0,89,0,2,-10,4,86,82,1
55,0,95,0,46,4,40,49,8,1
81,1,85,0,-40,9,4,126,122,1
42,3,76,-3,42,0,35,35,0,0
85,-3,88,0,0,0,3,88,84,1
37,2,77,0,34,-14,39,43,4,0
50,0,88,0,50,0,39,39,0,0
49,0,79,0,50,7,31,30,0,0
45,0,77,0,44,-11,32,34,2,0
37,4,80,10,24,0,43,57,14,0
57,-2,81,0,56,0,24,24,0,0
37,0,106,0,24,-4,69,83,14,0
37,0,80,0,8,-19,43,72,30,0
55,0,97,0,44,-8,41,53,12,1
38,0,105,-2,38,-4,67,66,0,0
37,0,77,0,-14,-14,40,92,52,0
37,0,78,7,34,-13,41,45,4,0
54,3,79,0,54,0,25,24,0,0
51,1,86,0,50,0,35,37,2,0
53,0,83,5,54,6,30,29,0,0
46,0,109,0,44,-24,64,66,2,0
38,4,86,0,38,0,48,48,0,0
45,2,88,0,44,-1,42,44,2,0
37,-1,79,0,38,8,41,40,0,0
37,0,107,0,28,3,69,78,8,0
48,0,84,1,46,0,36,37,2,0
37,0,81,0,24,-4,44,57,14,0
48,0,81,7,46,0,33,34,2,0
37,0,83,0,36,0,45,46,2,0
56,0,76,0,-10,25,20,86,66,1
48,0,88,0,46,-11,39,41,2,0
45,0,80,0,46,12,35,34,0,0
55,0,97,2,42,0,41,55,14,1
37,0,92,1,6,-20,54,86,32,0
58,4,81,0,56,0,23,24,2,0
81,1,84,0,-12,13,3,97,94,1
37,0,76,0,28,-29,40,48,8,0
37,0,78,0,0,10,41,78,36,0
51,1,87,0,52,8,36,35,0,0
78,0,83,5,-46,0,4,129,124,1
85,0,88,-2,2,-9,3,86,82,1
37,0,104,0,28,14,67,75,8,0
46,0,86,6,46,0,41,40,0,0
50,-1,87,2,50,0,37,38,0,0
56,5,97,0,54,1,40,42,2,0
37,0,76,0,18,27,39,58,18,0
43,-5,108,0,42,0,65,66,2,0
37,0,77,0,2,-19,40,74,34,0
37,0,78,-3,0,0,42,78,36,0
44,0,86,0,44,0,43,42,0,0
47,-1,77,-4,46,-5,31,31,0,0
37,0,80,0,12,-18,43,67,24,0
48,-1,90,4,46,-2,42,44,2,0
71,-8,75,-5,-40,7,4,116,112,1
55,0,96,0,52,10,41,44,4,1
54,0,86,0,54,0,33,32,0,0
52,-2,81,0,52,0,29,30,0,0
102,2,103,0,70,-13,1,33,32,1
55,0,77,-2,18,0,22,59,38,1
58,5,85,0,56,0,27,28,2,0
81,2,85,5,-24,0,4,111,106,1
55,0,79,0,6,4,23,74,50,1
41,2,78,0,42,11,37,37,0,0
37,0,90,0,34,3,53,57,4,0
44,0,81,7,42,-19,38,40,2,0
37,-2,80,1,36,0,43,44,0,0
56,0,78,0,16,-2,22,63,40,1
37,0,75,-1,26,-10,38,49,12,0
37,0,84,0,28,-12,47,55,8,0
55,0,95,0,34,-7,40,62,22,1
45,0,93,-6,44,0,48,49,0,0
40,5,85,0,38,0,45,46,2,0
48,-1,76,-2,46,-2,28,30,2,0
37,0,78,0,38,30,41,39,0,0
37,0,79,0,16,21,43,64,22,0
81,-1,85,0,-22,0,4,108,104,1
37,0,79,5,0,-27,42,79,36,0
41,-2,79,0,42,23,38,37,0,0
46,1,79,1,46,5,33,32,0,0
45,3,87,0,44,-2,42,43,2,0
48,-5,81,0,46,-3,33,35,2,0
37,0,97,0,12,17,59,84,24,0
56,3,98,3,38,-30,42,59,18,1
49,0,76,-3,46,-28,27,30,2,0
41,1,76,0,42,3,34,34,0,0
51,0,86,0,52,29,35,34,0,0
49,1,79,1,50,23,30,30,0,0
41,0,86,0,38,-22,45,48,2,0
37,0,104,5,18,0,67,86,18,0
38,0,76,-6,38,0,38,37,0,0
56,0,90,0,54,-14,34,35,2,0
41,0,87,0,42,23,46,46,0,0
37,0,97,-4,30,-19,60,66,6,0
46,0,93,5,46,0,48,47,0,0
37,0,97,-6,30,0,60,66,6,0
37,4,75,0,20,0,38,54,16,0
46,1,82,0,46,9,36,35,0,0
41,-5,79,0,42,2,38,37,0,0
37,0,76,-2,16,20,39,61,22,0
55,-1,97,-2,50,13,42,48,6,1
37,0,93,0,12,28,56,81,24,0
43,-1,79,0,42,-15,35,37,2,0
51,-5,88,0,50,-13,37,39,2,0
44,-1,82,2,44,0,38,38,0,0
37,0,77,0,20,4,40,57,16,0
45,1,108,0,44,-9,62,64,2,0
50,-5,86,-2,50,-4,36,37,0,0
50,0,87,-3,50,0,37,38,0,0
56,1,97,0,56,13,40,40,0,0
37,0,79,-4,2,0,43,77,34,0
51,0,87,0,50,-16,36,38,2,0
80,0,84,0,-28,-6,4,112,108,1
37,0,81,3,28,0,45,53,8,0
56,0,95,0,50,-8,40,46,6,1
81,4,84,0,-14,1,3,100,96,1
56,0,77,0,-4,16,21,82,62,1
123,656,105,1,36,-4,-18,69,86,1
37,0,82,-1,38,28,45,43,0,0
37,0,77,-5,30,-6,40,46,6,0
42,-25,77,0,-2,0,34,79,46,1
49,0,83,0,50,19,34,34,0,0
50,-4,86,-2,50,-3,36,37,0,0
53,0,86,0,54,18,33,32,0,0
44,-3,83,5,44,0,38,39,0,0
37,0,76,2,34,-17,39,43,4,0
45,3,82,0,44,0,37,38,2,0
37,2,100,0,36,0,64,64,0,0
41,0,81,0,38,-20,40,43,2,0
44,0,86,0,44,7,43,42,0,0
56,2,81,0,56,17,25,24,0,0
37,0,79,0,10,29,42,68,26,0
56,0,80,0,54,-30,24,26,2,0
45,0,88,0,46,24,42,41,0,0
37,0,77,-3,-10,13,40,87,46,0
57,0,84,2,56,0,27,27,0,0
37,0,77,0,2,19,40,74,34,0
45,0,82,0,44,-21,37,38,2,0
37,0,79,0,6,8,42,74,32,0
41,-3,82,0,42,7,41,41,0,0
43,0,77,-2,42,-4,34,36,2,0
37,0,76,-3,36,-13,39,40,2,0
56,0,97,0,56,10,40,40,0,0
46,2,81,0,46,0,35,35,0,0
56,0,96,8,56,0,40,39,0,0
37,0,77,-2,8,0,40,69,30,0
37,4,79,0,36,0,42,43,0,0
45,0,76,0,46,31,30,29,0,0
37,3,76,0,20,0,39,55,16,0
49,0,88,0,50,22,39,39,0,0
37,0,76,0,36,9,40,40,0,0
41,0,79,6,42,11,39,38,0,0
42,0,90,0,42,0,47,48,2,0
41,3,88,0,42,1,47,47,0,0
40,0,77,-2,38,0,38,39,2,0
37,0,77,0,38,7,39,38,0,0
45,0,86,3,44,0,42,42,0,0
