49,3,77,0,46,-5,28,30,2,0
41,0,76,0,42,18,35,34,0,0
37,0,106,0,34,-10,68,72,4,0
49,1,88,0,46,-3,40,42,2,0
45,0,77,0,46,5,32,31,0,0
54,0,103,1,54,0,49,49,0,0
37,0,78,0,18,-3,41,60,18,0
44,0,77,5,44,4,34,34,0,0
37,-1,105,1,18,0,68,87,18,0
44,0,90,-6,44,0,46,46,0,0
46,4,86,0,44,-8,40,42,2,0
50,2,102,0,50,0,52,53,0,0
37,0,81,0,-2,10,44,84,40,0
46,0,88,-5,46,0,43,42,0,0
41,0,86,0,38,-9,46,48,2,0
37,-2,97,0,36,0,61,61,0,0
37,0,90,0,38,25,52,51,0,0
40,-4,82,0,38,-1,42,43,2,0
43,0,83,0,42,-4,40,42,2,0
76,0,81,0,-42,-3,5,125,120,1
56,0,81,0,-18,16,25,99,74,1
46,-1,100,2,46,0,54,54,0,0
41,4,88,0,42,12,47,47,0,0
37,0,83,0,34,-3,46,49,2,0
55,0,82,0,-38,3,26,121,94,1
48,-1,81,1,46,0,33,34,2,0
48,0,88,-6,50,25,40,39,0,0
56,2,98,0,44,0,42,54,12,1
53,-2,86,0,52,-30,33,35,2,0
48,-1,83,-5,46,-8,35,37,2,0
46,3,83,0,44,-24,37,39,2,0
56,3,98,0,46,24,42,51,10,1
45,-4,88,0,44,0,43,44,0,0
46,3,82,-5,46,-8,36,35,0,0
46,0,88,3,46,0,42,42,0,0
45,2,87,0,44,-2,42,43,2,0
50,-5,83,0,50,0,34,34,0,0
37,-2,102,0,38,28,64,63,0,0
46,0,77,-3,46,1,31,30,0,0
37,0,82,0,12,7,45,69,24,0
37,0,77,0,34,-9,40,43,4,0
37,0,76,-2,38,24,39,37,0,0
53,0,88,0,52,-11,35,37,2,0
55,-2,77,0,-24,0,21,103,82,1
55,0,92,-2,10,0,37,82,46,1
51,0,77,0,52,10,26,26,0,0
37,0,83,0,-4,-6,46,88,42,0
55,0,92,0,-2,-4,36,94,58,1
102,-1,103,-2,72,22,1,31,30,1
55,0,87,0,54,0,32,33,2,0
55,0,93,0,46,-27,37,46,8,1
49,0,77,-1,50,6,28,28,0,0
37,0,76,0,28,23,40,48,8,0
49,-3,83,-1,50,11,34,33,0,0
55,0,77,0,6,-13,22,72,50,1
56,0,78,0,0,0,22,78,56,1
37,0,75,0,34,-5,38,41,2,0
55,0,77,0,10,-2,21,66,46,1
50,3,84,0,50,0,34,35,0,0
47,0,86,0,46,-1,39,39,0,0
45,0,88,-1,46,16,42,41,0,0
37,0,83,0,8,11,46,75,30,0
43,-3,106,0,42,0,63,64,2,0
37,0,106,-2,28,-19,69,78,8,0
104,-1,105,0,72,9,1,33,32,1
42,-5,88,0,42,0,46,47,2,0
52,1,83,0,52,0,31,32,0,0
37,0,79,0,18,4,43,61,18,0
49,-2,89,0,50,9,40,40,0,0
45,2,102,0,46,30,57,56,0,0
56,0,81,0,-14,31,25,97,72,1
43,0,84,-2,42,-5,41,43,2,0
56,0,97,0,46,-8,40,50,10,1
37,-5,76,0,20,0,39,55,16,0
45,1,79,0,44,-14,33,35,2,0
56,0,95,1,52,0,40,44,4,1
43,0,77,5,42,0,35,36,2,0
37,0,75,0,28,24,38,46,8,0
43,0,75,0,42,-3,32,34,2,0
47,0,84,2,46,0,37,38,0,0
42,0,79,-1,42,0,37,38,2,0
37,-1063,106,-1,34,-2,69,72,4,1
54,5,83,-4,54,0,29,29,0,0
45,2,86,-7,44,0,40,42,2,0
56,0,92,0,0,31,36,92,56,1
42,2,79,3,42,0,37,38,0,0
37,0,97,-7,30,0,60,66,6,0
44,0,76,-1,44,7,32,32,0,0
40,5,76,0,38,0,35,37,2,0
44,2,83,0,42,-18,39,41,2,0
45,0,76,5,44,0,31,32,2,0
38,0,80,0,36,-24,42,44,2,0
37,0,104,0,20,2,67,84,16,0
41,0,79,4,38,-9,38,40,2,0
37,0,81,0,36,-8,43,44,2,0
40,4,75,0,38,0,35,36,2,0
37,0,81,0,36,-27,43,44,2,0
43,-1,87,0,42,-7,44,46,2,0
51,5,81,0,52,12,29,29,0,0
71,-4,75,-2,-42,-16,4,119,114,1
55,0,77,-6,-28,9,21,105,84,1
37,0,82,-4,34,0,45,48,2,0
52,3,79,-2,52,0,27,28,0,0
37,0,97,1,34,0,60,64,4,0
84,0,88,0,0,24,3,88,84,1
37,0,81,1,24,0,44,57,14,0
37,0,106,0,26,-12,68,80,12,0
56,0,76,0,-18,-6,20,94,74,1
50,5,86,0,50,0,36,37,0,0
51,-2,82,0,52,5,31,30,0,0
37,0,100,-2,30,-3,64,69,6,0
76,0,80,-1,-42,-13,4,124,120,1
46,0,81,-4,46,1,35,34,0,0
46,-3,76,-2,46,-3,30,30,0,0
56,0,91,0,-2,3,35,93,58,1
44,1,86,1,44,9,43,42,0,0
51,-1,109,0,52,0,58,57,0,0
52,-1,81,0,52,-6,29,30,0,0
44,1,81,0,44,13,37,37,0,0
47,-4,81,3,46,0,34,35,0,0
55,0,77,4,10,0,22,67,46,1
46,4,77,1,46,1,31,31,0,0
37,0,78,0,0,7,41,78,36,0
50,1,85,0,50,0,35,36,0,0
41,0,76,0,42,0,34,34,0,0
37,0,76,20,24,0,39,53,14,0
52,5,82,6,52,0,29,30,0,0
41,1,76,0,38,-30,35,37,2,0
47,4,80,0,46,0,33,34,0,0
48,3,84,0,46,0,37,38,2,0
47,0,107,4,46,0,60,60,0,0
54,0,81,-1,54,5,27,26,0,0
39,5,93,1,34,0,54,60,6,0
41,-2,75,0,38,-20,34,36,2,0
55,1,83,0,54,0,28,28,0,0
37,-1,79,0,34,1,42,46,4,0
37,0,80,7,10,9,43,70,26,0
56,1,85,0,56,2,29,28,0,0
46,3,83,0,44,-21,37,39,2,0
45,-1,77,0,46,18,32,31,0,0
40,1,81,-3,38,0,41,42,2,0
37,0,78,0,8,25,41,70,30,0
56,0,77,2,-4,-4,21,82,62,1
43,0,86,-7,44,16,42,42,0,0
37,0,76,0,20,-1,39,55,16,0
37,3,77,0,-22,13,40,101,60,0
37,0,105,0,34,15,68,71,4,0
45,0,90,0,46,21,44,43,0,0
37,0,104,3,24,0,66,80,14,0
45,0,88,-2,44,0,43,44,2,0
56,0,82,6,-12,-3,26,95,68,1
46,2,76,0,46,4,30,29,0,0
40,0,76,-1,38,0,36,37,2,0
37,0,76,0,20,-6,39,55,16,0
43,0,80,0,44,24,37,36,0,0
37,0,97,-2,34,-4,59,63,4,0
37,5,76,-2,34,0,38,42,4,0
55,0,93,0,12,3,37,80,42,1
37,0,82,1,20,9,45,61,16,0
45,0,88,0,44,-2,43,44,2,0
37,0,93,0,10,-4,56,83,28,0
45,1,77,0,44,-4,31,33,2,0
55,0,77,0,24,-26,21,54,32,1
41,-5,86,0,42,0,45,44,0,0
56,4,97,0,50,13,41,48,8,1
37,0,81,0,38,21,43,42,0,0
49,1,102,0,50,12,53,53,0,0
55,0,79,-2,20,-17,24,59,34,1
55,0,94,1,18,0,39,76,38,1
56,0,77,0,-20,22,21,97,76,1
37,0,77,0,-18,-13,40,95,54,0
44,0,85,2,44,0,41,41,0,0
57,4,83,0,56,0,26,26,0,0
37,0,77,0,34,2,41,44,2,0
53,0,109,5,54,28,56,55,0,0
40,-4,79,0,38,0,39,41,2,0
47,-253,86,-1,46,0,39,39,0,0
43,0,80,8,42,-14,37,39,2,0
105,-14,108,0,70,0,3,38,34,1
64,0,113,1,64,17,49,48,0,0
49,0,83,0,50,15,34,34,0,0
45,0,88,0,44,2503,42,44,2,0
43,0,86,3,42,-2,42,44,2,0
37,0,77,0,26,3,41,52,10,0
45,0,78,0,46,6,33,32,0,0
104,4,106,4,70,0,1,36,34,1
37,0,77,0,-14,-17,40,92,52,0
37,0,77,0,6,2,40,72,32,0
41,5,102,0,42,9,61,60,0,0
40,2,85,0,38,0,45,46,2,0
49,3,84,0,46,-14,35,37,2,0
59,1,87,6,60,0,28,28,0,0
85,0,88,3,2,0,3,86,82,1
41,5,81,-1,38,-23,39,42,2,0
58,-1,86,2,56,0,28,30,2,0
37,0,76,0,18,-5,40,58,18,0
56,0,79,1,8,0,24,72,48,1
45,0,80,3,44,0,35,36,2,0
37,0,78,0,12,-4,41,65,24,0
46,-1,83,0,46,17,37,36,0,0
37,0,84,1,28,-10,47,55,8,0
43,1,76,0,44,26,32,32,0,0
37,0,82,-6,-4,0,45,87,42,0
71,1,75,0,-42,-5,4,119,114,1
37,0,106,0,20,-18,69,85,16,0
56,0,77,2,-2,-6,21,79,58,1
37,1,79,0,34,0,42,45,4,0
37,0,78,0,16,-16,42,63,22,0
37,0,78,-2,12,14,42,65,24,0
56,0,77,0,20,16,22,57,36,1
65,-1,109,0,64,0,45,45,0,0
44,0,81,0,42,-11,38,40,2,0
47,1,108,0,46,0,62,62,0,0
41,1,76,0,42,2,34,34,0,0
46,0,85,-3,46,-2,39,39,0,0
43,0,86,0,44,18,42,42,0,0
48,0,83,-2,46,0,35,37,2,0
55,0,77,0,-24,21,21,103,82,1
51,5,86,0,52,8,35,35,0,0
37,-1,79,-3,10,-8,42,68,26,0
80,5,84,1,-38,-20,4,123,118,1
53,-2,108,0,54,0,55,54,0,0
42,0,83,6,42,0,41,42,2,0
56,3,95,0,38,0,40,57,18,1
41,0,109,1,38,-1,68,70,2,0
84,0,88,0,-2,-10,3,90,88,1
37,4,83,-3,34,0,45,49,4,0
37,4,79,6,16,0,41,63,22,0
53,0,88,0,52,-22,35,37,2,0
37,0,95,0,10,6,58,84,26,0
55,0,78,0,16,7,23,63,40,1
56,0,77,0,18,28,22,59,38,1
37,0,79,2,8,-14,42,71,28,0
37,0,83,0,34,3,46,50,4,0
80,0,84,0,-24,11,4,110,106,1
37,0,97,0,34,-4,59,63,4,0
49,0,107,0,46,-6,58,60,2,0
37,0,76,-2,38,11,39,37,0,0
56,0,76,0,-4,221,20,81,62,1
38,0,81,0,36,-19,43,44,2,0
53,0,84,0,52,-10,31,32,2,0
37,0,76,0,24,-16,39,53,14,0
102,0,102,0,70,-6,1,33,32,1
55,0,77,0,42,14,22,36,14,1
37,0,96,8,24,0,59,73,14,0
46,0,108,-4,46,4,62,61,0,0
42,0,83,6,42,0,42,42,0,0
41,0,83,0,38,-6,42,44,2,0
49,0,88,-1,50,0,39,39,0,0
51,0,81,0,52,13,30,30,0,0
47,4,83,-2,46,0,36,36,0,0
44,0,83,3,44,0,38,39,0,0
43,0,99,-1,42,-4,56,58,2,0
51,0,83,0,50,-19,31,33,2,0
49,2,81,0,50,17,32,32,0,0
49,0,81,0,46,-28,33,35,2,0
49,-5,84,0,50,4,36,35,0,0
58,-1,87,0,56,0,30,30,0,0
60,-1,109,-1,60,0,49,50,0,0
51,0,86,-6,50,-9,36,37,2,0
47,0,86,8,46,0,39,40,0,0
76,0,81,0,-40,25,5,123,118,1
55,0,77,-5,-10,0,21,87,66,1
44,0,81,-7,44,0,38,37,0,0
37,-8,76,0,20,0,39,55,16,0
55,-1,95,0,52,0,40,44,4,1
47,4,82,0,46,0,35,35,0,0
64,0,113,0,64,17,48,48,0,0
53,0,81,3,52,-6,28,30,2,0
51,3,91,0,52,14,40,39,0,0
37,0,101,-4,28,0,64,73,8,0
37,-4,78,0,38,15,41,39,0,0
54,3,86,-3,54,0,32,32,0,0
105,-2,107,0,72,0,1,35,34,1
44,0,109,0,44,0,65,66,0,0
37,0,76,0,34,28,39,43,4,0
84,4,88,0,6,0,4,83,78,1
46,0,86,-3,46,0,40,39,0,0
46,2,82,0,46,0,36,35,0,0
37,0,79,0,16,1,42,64,22,0
38,1,77,-6,38,9,39,38,0,0
39,-2,106,0,38,0,67,67,0,0
56,-2,97,0,52,4,41,45,4,1
37,0,83,5,0,0,47,83,36,0
56,0,78,0,8,19,22,70,48,1
37,0,76,-1,34,-2,40,43,2,0
55,0,96,7,50,0,41,47,6,1
37,-3,80,0,36,0,43,44,0,0
49,0,83,-1,50,-1,34,34,0,0
41,-3,86,0,42,22,45,44,0,0
56,0,77,0,-20,1,21,97,76,1
42,3,106,0,42,1,65,65,0,0
57,0,85,6,56,0,28,28,0,0
44,-1,81,0,44,7,38,37,0,0
55,0,92,0,34,-8,37,59,22,1
49,0,77,0,50,11,29,28,0,0
55,-5,81,0,-4,2,26,86,60,1
40,0,77,-3,38,0,38,39,2,0
55,0,95,0,46,8,40,49,8,1
56,2,97,-7,52,0,41,46,4,1
56,1,95,0,54,-25,39,41,2,0
37,0,80,0,38,21,43,41,0,0
56,1,87,2,56,0,31,30,0,0
46,5,77,0,46,2,31,31,0,0
53,0,82,0,52,-19,29,30,2,0
45,3,106,-1,44,-3,61,62,2,0
56,0,97,0,50,21,40,48,8,1
51,3,88,0,50,0,37,39,2,0
37,0,74,0,34,0,37,41,4,0
49,0,106,0,50,10,57,57,0,0
41,1,84,0,38,-24,43,45,2,0
47,-3,106,0,46,0,60,60,0,0
56,0,97,2,46,0,41,51,10,1
41,0,76,-1,38,-13,35,37,2,0
55,0,92,0,46,-1,37,46,8,1
51,0,84,0,52,5,33,33,0,0
45,-1,85,0,44,-12,40,41,2,0
37,-1,80,-5,20,-10,43,59,16,0
41,-4,80,0,42,23,39,39,0,0
37,0,77,0,34,10,41,44,2,0
37,0,79,0,30,21,42,48,6,0
81,-1,84,0,-14,3,4,100,96,1
58,5,88,0,56,0,30,31,0,0
48,0,77,0,46,-1,29,31,2,0
55,-1,71,-6,0,0,16,71,56,1
37,0,83,0,38,12,45,44,0,0
37,0,80,3,8,6,43,72,28,0
37,0,94,0,16,4,57,79,22,0
56,0,97,0,46,2,41,51,10,1
46,0,88,0,46,1,43,42,0,0
41,1,86,0,38,-9,45,47,2,0
44,2,90,-7,42,-14,46,48,2,0
50,0,87,1,50,0,37,38,0,0
37,0,104,0,20,8,67,84,16,0
55,0,77,0,38,2,22,39,16,1
51,-3,81,0,50,-8,30,32,2,0
42,0,78,-2,42,0,36,37,0,0
56,0,77,1,-6,0,21,85,64,1
41,0,86,-4,42,2,45,44,0,0
41,0,83,0,42,15,42,42,0,0
53,1,79,0,54,12,26,24,0,0
86,3,89,0,2,0,3,86,84,1
46,1,86,0,44,-22,41,42,2,0
37,0,76,6,20,-15,39,55,16,0
49,-2,86,0,46,-30,38,40,2,0
46,0,88,0,44,-25,43,44,2,0
81,0,84,0,-14,1,4,100,96,1
81,-1,84,0,-14,5,4,100,96,1
45,-1,79,-5,44,-7,34,35,0,0
57,0,84,-6,56,0,28,28,0,0
55,0,89,0,54,-6,34,35,2,0
42,0,79,8,42,0,36,37,2,0
37,-2,76,0,36,-23,39,40,2,0
38,5,80,0,38,0,42,41,0,0
49,0,87,-1,50,7,38,38,0,0
55,-3,79,0,54,-5,23,24,2,0
50,-5,88,0,50,0,38,39,0,0
44,-1,76,0,44,0,31,32,0,0
50,4,78,-5,50,0,28,29,2,0
45,0,79,0,46,22,33,32,0,0
37,0,79,0,20,19,43,59,16,0
53,1,91,0,52,-13,38,39,2,0
52,0,83,0,52,-4,30,31,0,0
53,0,102,0,54,7,49,48,0,0
39,0,81,-1,38,0,41,42,0,0
37,0,76,1,28,-13,40,48,8,0
46,0,76,0,44,-19,30,32,2,0
37,0,91,0,16,-6,53,75,22,0
49,0,95,0,46,-26,46,48,2,0
37,0,76,-4,38,22,39,37,0,0
85,0,89,2,2,0,4,86,82,1
56,0,79,0,54,-25,23,24,2,0
101,0,102,0,72,7,1,29,28,1
55,0,78,0,8,17,23,70,48,1
47,-1,80,0,46,0,33,34,0,0
42,0,77,0,42,5,35,35,0,0
38,-4,97,0,38,0,59,59,0,0
64,-1,110,4,64,0,46,46,0,0
37,0,96,-5,12,0,59,83,24,0
56,0,97,0,52,-16,41,45,4,1
56,-4,90,-4,56,0,34,33,0,0
41,0,76,0,38,-18,35,37,2,0
53,0,86,2,54,10,33,32,0,0
43,0,76,0,42,-19,33,35,2,0
38,4,76,0,38,0,37,37,0,0
38,5,76,0,38,10,38,37,0,0
46,1,102,0,44,-25,57,58,2,0
56,-1,97,0,44,-4,41,53,12,1
41,0,90,1,42,3,48,48,0,0
49,-3,84,1,50,0,35,35,0,0
55,0,83,-3,54,0,28,28,0,0
41,5,77,0,42,17,36,35,0,0
56,0,92,0,0,9,36,92,56,1
37,0,80,0,30,-7,43,49,6,0
37,0,106,-1,36,0,69,70,0,0
49,-4,80,0,50,0,31,31,0,0
37,0,79,0,26,2,43,54,10,0
38,0,106,0,38,2,68,67,0,0
37,0,79,-3,36,0,41,43,2,0
46,0,77,8,46,4,31,30,0,0
49,4,81,0,50,11,32,32,0,0
55,0,77,0,16,-16,22,62,40,1
46,0,85,0,46,2,39,39,0,0
45,0,88,0,44,1,43,44,2,0
37,-3,75,0,26,-2,38,49,10,0
56,0,92,0,52,14,36,40,4,1
43,0,99,0,42,-1,56,58,2,0
56,0,77,0,-18,9,21,95,74,1
41,0,75,0,38,0,34,36,2,0
51,1,80,0,50,-16,29,31,2,0
56,0,97,0,42,19,41,55,14,1
79,0,84,4,-38,0,4,123,118,1
55,-5,86,-3,54,0,31,32,0,0
55,4,77,0,26,-5,22,52,30,1
55,2,79,0,54,0,24,25,0,0
44,0,81,6,44,3,38,37,0,0
52,0,86,0,52,0,35,35,0,0
51,-3,79,0,50,-15,28,30,2,0
55,0,78,0,0,-18,23,78,56,1
56,5,86,0,54,-30,29,32,2,0
37,0,96,4,28,0,59,68,8,0
56,0,95,0,44,2,40,51,12,1
46,1,82,0,44,-23,36,38,2,0
37,0,81,-4,26,-6,45,55,10,0
41,0,79,-4,38,-8,38,40,2,0
37,0,97,-2,34,6,60,64,4,0
37,0,76,5,28,0,39,48,8,0
56,1,95,0,34,0,40,62,22,1
44,0,78,0,44,5,34,34,0,0
55,0,92,-7,0,0,37,92,56,1
46,0,76,0,44,-22,30,32,2,0
41,0,81,0,42,12,41,40,0,0
55,0,73,-18,-2,-30,18,76,58,1
37,0,105,0,18,17,68,87,18,0
56,0,79,0,8,-11,23,71,48,1
50,2,78,-3,50,0,28,29,0,0
37,-2460,105,0,36,0,68,69,0,0
37,-1,78,3,0,2,41,78,36,0
48,0,88,0,50,31,40,39,0,0
43,0,86,8,42,-8,43,45,2,0
56,4,97,0,54,-9,40,42,2,0
56,-1,98,0,38,-5,42,59,18,1
44,5,83,0,42,-18,40,42,2,0
46,0,78,-2,46,2,32,32,0,0
37,1,97,1,30,0,60,66,6,0
43,-4,82,0,44,19,39,38,0,0
56,0,81,-1,-12,-21,25,94,68,1
55,0,98,0,52,-10,42,46,4,1
37,0,106,-6,24,0,69,82,14,0
56,0,82,0,54,-24,26,28,2,0
49,0,82,0,50,29,33,33,0,0
37,0,82,0,12,19,45,69,24,0
104,0,105,0,70,-14,1,35,34,1
38,0,76,0,38,0,38,37,0,0
46,0,80,-2,46,0,34,34,0,0
55,0,77,1,-10,0,21,87,66,1
37,0,106,0,28,-5,69,78,8,0
44,-1,79,1,44,0,35,35,0,0
37,0,108,1,36,3,71,72,0,0
81,-35,107,0,62,-10,26,45,18,1
44,0,92,-1,44,0,47,48,0,0
84,0,88,0,0,5,4,88,84,1
55,0,81,0,-14,3,26,97,70,1
37,0,78,0,20,8,42,57,16,0
45,0,84,0,46,31,40,38,0,0
41,0,106,0,38,-4,65,67,2,0
37,-4,90,-2,6,0,53,85,32,0
37,0,76,3,28,4,39,48,8,0
41,0,78,0,38,-14,37,39,2,0
47,3,80,0,46,0,33,34,0,0
38,0,102,-3,34,0,65,69,4,0
43,0,79,2,42,-12,35,37,2,0
37,0,77,0,-4,-3,41,83,42,0
37,0,79,-1,0,3,42,79,36,0
37,0,74,0,28,4,38,46,8,0
49,-5,79,0,50,6,30,30,0,0
104,4,105,8,70,0,1,35,34,1
43,0,77,-1,42,0,34,35,2,0
53,0,77,-3,54,5,25,23,0,0
56,0,80,2,-2,-11,24,83,58,1
53,0,83,0,54,16,30,29,0,0
55,0,96,0,44,25,41,52,12,1
55,0,79,2,16,9,23,63,40,1
37,0,97,-3,34,10,60,64,4,0
37,0,77,0,20,25,40,56,16,0
52,3,79,-5,52,0,28,28,0,0
56,0,98,0,44,11,42,54,12,1
47,0,81,5,46,0,34,35,0,0
37,0,77,0,-20,10,41,98,58,0
50,-3,77,-7,50,0,27,28,2,0
45,-4,80,0,44,-1,35,36,2,0
37,0,77,4,36,-2,39,41,2,0
41,1,77,0,42,17,36,36,0,0
49,0,82,0,50,15,33,33,0,0
104,3,105,4,70,0,1,35,34,1
44,-2,76,-7,44,0,31,32,0,0
49,0,84,0,46,-15,36,38,2,0
52,0,91,0,52,0,38,39,0,0
39,2,77,-2,38,0,39,39,0,0
51,0,77,0,50,-9,26,28,2,0
37,0,80,0,34,-12,43,46,2,0
46,-1,84,0,46,-1,38,38,0,0
37,0,80,0,24,8,43,57,14,0
53,0,83,0,54,5,30,28,0,0
41,0,82,-1,42,24,41,41,0,0
55,0,78,0,6,-4,23,73,50,1
47,5,107,0,46,0,59,60,0,0
37,0,96,-5,18,0,59,78,18,0
37,0,80,0,16,19,43,65,22,0
43,0,87,0,42,-8,44,46,2,0
37,-2,80,-6,36,-10,43,44,0,0
56,1,96,4,46,0,40,50,10,1
40,-1,109,0,38,0,68,70,2,0
37,0,79,4,38,15,42,41,0,0
38,0,79,0,38,0,42,41,0,0
56,0,97,0,50,20,41,48,6,1
37,0,76,8,26,0,39,50,10,0
37,0,77,0,34,-16,40,43,2,0
44,0,81,7,42,-7,37,39,2,0
45,0,80,0,44,-17,35,36,2,0
37,0,80,-5,34,-3,43,46,2,0
49,1,87,0,46,-13,38,41,2,0
49,0,88,0,50,20,39,39,0,0
37,0,97,-6,28,0,60,69,8,0
37,-1,76,0,36,-9,39,40,2,0
55,0,79,0,10,25,23,68,46,1
44,0,85,6,44,4,41,41,0,0
85,-1,89,0,2,-4,4,86,82,1
37,0,77,0,38,18,39,38,0,0
45,0,86,-3,44,0,40,42,2,0
56,0,95,0,46,-22,40,49,10,1
53,3,86,0,54,3,32,32,0,0
56,0,108,0,54,-4,52,53,2,0
53,3,86,0,54,2,33,32,0,0
45,0,85,0,46,17,40,39,0,0
55,0,83,6,-24,0,27,108,82,1
86,-3,89,0,8,0,3,81,78,1
46,0,81,5,46,1,35,35,0,0
56,-2,86,0,56,0,31,30,0,0
55,0,77,-6,16,0,21,61,40,1
43,-2,84,0,42,-21,41,43,2,0
46,3,84,0,44,-19,38,40,2,0
45,0,78,-2,44,-4,33,34,2,0
41,0,83,2,38,-19,42,44,2,0
38,-1,78,0,38,0,40,39,0,0
37,0,77,0,34,-19,40,43,4,0
43,0,80,-1,42,-3,37,39,2,0
43,-1,75,-3,42,-27,32,34,2,0
37,0,80,0,2,-3,43,77,34,0
37,0,79,0,26,0,42,54,12,0
44,0,81,-1,42,-26,37,39,2,0
56,1,81,0,-22,-10,25,105,80,1
41,0,76,0,38,-24,35,37,2,0
42,0,87,8,42,0,45,46,0,0
83,0,86,0,-6,-13,3,94,90,1
37,0,76,-1,26,-10,39,50,12,0
37,0,107,-1,36,0,69,71,2,0
83,0,87,8,-4,10,4,92,88,1
41,2,77,0,42,14,36,36,0,0
41,1,75,0,38,-6,34,36,2,0
37,0,75,0,36,21,37,39,2,0
46,3,76,0,46,6,30,29,0,0
41,0,80,0,42,26,39,39,0,0
55,0,77,0,26,-29,21,51,30,1
38,-1,82,-4,38,-6,44,43,0,0
45,-1,86,0,46,7,41,40,0,0
37,0,104,-1,16,-7,67,89,22,0
46,0,87,-2,46,-4,41,41,0,0
37,0,81,0,28,-26,45,53,8,0
37,-1,78,-5,34,-10,41,45,4,0
55,0,77,0,6,-4,22,72,50,1
55,0,78,0,16,2,23,63,40,1
52,0,82,-2,52,0,29,30,0,0
41,0,75,0,38,-4,34,36,2,0
45,0,81,0,46,11,35,34,0,0
44,2,83,0,44,17,40,39,0,0
37,0,80,-1,38,16,43,41,0,0
47,-1,95,0,46,0,48,49,0,0
55,-4,99,7,46,0,43,52,8,1
37,0,79,0,20,1,41,58,16,0
56,0,95,-3,54,1,40,41,2,0
44,1,77,0,44,12,33,33,0,0
55,0,97,0,50,-17,41,48,6,1
55,0,96,-1,50,0,41,47,6,1
37,0,97,-2,18,-2,60,79,18,0
83,0,86,0,-2,26,4,89,86,1
58,0,86,0,56,0,27,29,2,0
37,0,104,3,18,0,66,86,20,0
41,0,81,5,38,-12,40,42,2,0
37,0,104,0,36,-4,67,68,2,0
37,0,77,1,36,8,40,41,0,0
37,0,77,5,34,-3,41,44,2,0
55,-1,77,-4,16,-9,21,61,40,1
41,-4,81,0,38,-30,41,43,2,0
37,0,80,0,38,16,43,41,0,0
45,5,77,0,44,0,31,33,2,0
41,0,76,0,42,10,34,34,0,0
37,-2,77,0,-24,-18,41,103,62,0
53,0,86,-1,54,3,33,32,0,0
43,-2,81,2,44,23,37,37,0,0
44,2,77,7,44,1,33,33,0,0
55,1,83,-2,54,0,28,29,0,0
45,0,79,0,44,-8,34,35,2,0
41,3,79,0,42,9,38,38,0,0
53,0,86,0,54,8,33,32,0,0
45,4,86,0,44,-6,40,42,2,0
43,1,82,0,42,0,39,41,2,0
52,3,77,0,52,0,25,25,0,0
49,0,77,0,46,-23,29,31,2,0
37,0,96,0,28,-22,59,68,8,0
49,0,77,0,50,7,28,28,0,0
50,2,91,0,50,0,41,42,0,0
43,-1,79,0,42,-9,35,37,2,0
48,0,88,0,46,-6,39,41,2,0
37,0,77,0,12,1,40,64,24,0
49,1,88,0,46,0,40,42,2,0
37,0,79,0,38,29,41,40,0,0
55,0,83,0,-28,-1,27,111,84,1
49,0,87,-2,50,10,38,38,0,0
56,0,98,0,44,-3,42,54,12,1
46,0,79,0,44,-24,34,35,2,0
51,-1,88,0,50,-11,37,39,2,0
37,0,78,-2,12,1,41,65,24,0
56,0,96,-1,52,-6,40,44,4,1
37,0,76,0,24,22,39,52,14,0
37,0,74,0,28,3,38,46,8,0
38,0,86,0,38,15,48,47,0,0
37,0,76,0,16,2,39,61,22,0
46,0,88,2,46,0,42,42,0,0
37,0,79,-1,36,31,41,43,2,0
37,0,76,-4,34,8,39,42,2,0
43,0,77,0,42,-5,34,36,2,0
41,-3,79,0,42,15,39,38,0,0
43,0,79,0,42,-7,36,38,2,0
43,-3,86,-7,42,-12,42,44,2,0
43,3,85,0,42,0,42,44,2,0
37,0,104,0,18,-11,67,86,20,0
43,-2,99,0,44,22,56,55,0,0
45,0,90,0,46,7,44,43,0,0
44,-2,79,0,44,0,35,35,0,0
48,0,77,-1,46,0,29,30,2,0
37,0,77,0,30,-16,40,46,6,0
82,5,86,0,-12,0,3,99,96,1
59,0,87,0,60,15,28,28,0,0
37,0,106,2,36,0,69,70,0,0
59,0,86,1,60,13,28,27,0,0
37,-3,80,0,20,1,43,59,16,0
41,0,108,0,42,5,67,67,0,0
37,0,79,1,8,-4,42,71,28,0
37,0,82,0,18,-13,45,64,18,0
77,0,81,6,-42,0,4,125,120,1
37,4,80,0,6,-11,43,75,32,0
55,0,92,0,8,-7,37,84,48,1
37,0,83,0,0,-2,46,83,36,0
56,4,95,0,42,11,39,54,14,1
44,0,82,0,44,24,38,38,0,0
43,4,84,0,42,0,42,43,2,0
41,0,80,0,38,-27,39,41,2,0
56,1,95,0,56,8,39,39,0,0
49,1,78,0,50,11,29,29,0,0
80,0,84,0,-32,4,4,117,114,1
38,1,83,0,38,11,45,44,0,0
55,5,96,0,54,0,41,42,2,0
56,1,86,2,56,2,31,30,0,0
80,0,84,0,-20,2,4,105,100,1
37,0,83,2,36,-3,45,46,2,0
53,0,86,2,54,6,33,32,0,0
50,2,88,0,50,0,39,39,0,0
55,0,95,-1,42,-14,40,54,14,1
51,1,81,0,52,24,29,29,0,0
37,0,76,2,28,0,39,47,8,0
37,0,83,6,36,0,46,46,0,0
37,0,103,0,18,-2,66,85,18,0
37,0,77,0,-20,-9,41,98,58,0
50,3,79,0,50,0,29,30,0,0
37,0,106,0,20,-29,69,85,16,0
37,-4,76,0,36,0,40,40,0,0
55,-3,86,0,56,19,30,29,0,0
83,0,86,0,-4,-13,3,92,88,1
43,0,95,-1,44,21,52,51,0,0
56,1,98,0,46,11,42,51,10,1
49,-3,84,0,46,-20,35,37,2,0
55,0,92,0,26,-15,36,66,30,1
79,0,83,0,-30,-11,4,114,110,1
83,0,86,-1,-6,-30,3,94,90,1
51,3,86,0,52,23,35,34,0,0
37,0,82,0,26,-18,45,56,10,0
42,4,77,2,42,0,35,36,2,0
56,3,98,4,46,-12,42,51,10,1
49,0,89,5,46,-25,40,42,2,0
51,0,82,2,50,-18,31,33,2,0
56,0,79,0,56,0,23,23,0,0
37,0,77,0,2,15,40,74,34,0
50,-4,80,0,50,0,30,31,2,0
37,0,106,0,28,7,68,77,8,0
85,0,88,0,2,15,3,86,82,1
37,0,82,0,36,4,45,46,2,0
45,-2,81,0,44,-2,36,37,2,0
41,0,81,0,38,-4,40,42,2,0
45,-2,79,0,46,23,33,32,0,0
37,0,83,-3,34,11,46,50,4,0
41,0,81,-6,42,0,40,40,0,0
44,4,77,-1,44,2,33,33,0,0
37,5,104,0,24,2,66,80,14,0
55,0,77,0,-2,-20,21,79,58,1
51,0,85,0,50,-6,34,36,2,0
47,0,78,1,46,0,31,32,0,0
56,0,77,0,-22,7,21,100,80,1
57,0,84,3,56,0,27,27,0,0
44,0,84,-2,44,10,41,41,0,0
46,0,84,0,46,12,39,38,0,0
56,0,77,0,12,0,22,65,42,1
57,0,90,-3,56,0,33,33,0,0
59,0,87,0,60,9,28,28,0,0
52,-2,86,0,54,30,33,32,0,0
53,1,86,0,54,5,32,32,0,0
82,0,86,-1,-40,0,4,128,124,1
55,0,77,0,28,30,21,48,28,1
44,2,76,0,44,6,32,32,0,0
43,0,86,0,44,23,43,42,0,0
55,0,76,-1,-22,-3,21,99,78,1
83,0,86,0,-4,15,3,92,88,1
43,0,89,0,42,-14,46,48,2,0
47,2,78,0,46,0,31,32,0,0
51,-1,77,0,50,-5,27,28,2,0
37,0,104,0,20,29,67,84,16,0
58,-2,86,0,56,-1,28,30,2,0
37,0,81,-6,20,7,44,61,16,0
43,1,83,2,42,0,40,42,2,0
65,-2,109,0,64,0,44,45,0,0
84,0,88,6,-2,0,4,90,86,1
37,0,106,-6,36,0,69,70,0,0
55,-4,81,0,-22,-8,26,105,78,1
55,0,77,0,26,-4,21,51,30,1
37,0,96,4,24,0,59,73,14,0
37,0,79,0,28,-37,43,51,8,0
55,0,78,3,26,0,23,52,30,1
62,1,109,0,62,1,47,47,0,0
37,0,75,0,28,28,38,46,8,0
49,0,87,6,50,1,38,38,0,0
37,0,95,0,10,25,58,84,26,0
55,5,80,-7,54,0,25,26,2,0
51,0,78,0,52,0,27,26,0,0
37,0,95,2,10,31,58,84,26,0
41,0,108,0,42,2,67,67,0,0
56,2,97,5,52,0,40,45,4,1
37,0,83,0,2,23,46,80,34,0
55,4,93,0,54,0,38,39,2,0
47,-2,78,0,46,0,31,32,0,0
37,3,83,-3,34,0,45,49,4,0
47,-4,89,0,46,0,42,42,0,0
37,5,79,0,36,0,43,43,0,0
37,-2,90,0,8,2,53,82,30,0
37,0,79,0,8,31,42,71,30,0
41,5,79,0,38,-16,38,40,2,0
56,0,77,13,-4,0,21,83,62,1
37,0,105,-4,20,-2,68,84,16,0
50,0,107,-2,50,-4,56,58,2,0
43,0,86,5,42,-1,43,45,2,0
43,0,77,0,42,-17,34,36,2,0
81,0,86,5,-40,5,5,127,122,1
37,0,83,0,-2,-22,47,86,40,0
42,-3,86,0,42,0,44,44,0,0
53,0,88,0,54,15,35,33,0,0
42,3,108,0,42,0,66,67,0,0
55,0,93,0,46,-9,37,46,8,1
55,0,79,0,20,16,23,58,34,1
39,-1,77,0,38,0,39,39,0,0
80,0,84,-1,-38,-6,4,123,118,1
52,0,88,0,52,0,36,36,0,0
51,0,86,-4,50,-27,35,37,2,0
45,0,82,6,44,0,37,38,2,0
39,0,78,1,38,0,39,39,0,0
80,-3,84,-3,-42,9,5,128,124,1
55,0,77,0,-20,-5,21,97,76,1
44,0,76,2,44,0,32,32,0,0
56,3,98,4,54,24,42,44,2,0
45,-1,81,0,46,16,36,35,0,0
43,-4,76,0,42,-18,33,35,2,0
43,0,81,8,44,30,38,37,0,0
45,-1,86,-3,44,-6,41,42,2,0
42,0,78,-6,42,0,36,37,0,0
42,-2,78,0,42,0,36,37,2,0
47,-1,81,0,46,0,34,35,0,0
83,0,86,0,-4,30,3,92,88,1
39,4,86,0,38,0,48,48,0,0
37,0,76,0,20,6,40,55,16,0
37,0,77,0,-22,5,41,101,60,0
43,-4,85,0,42,0,42,44,2,0
51,-2,83,0,50,-31,32,34,2,0
45,0,76,0,46,20,30,29,0,0
37,-5,81,0,36,0,44,45,0,0
55,0,98,5,50,0,42,49,6,1
56,0,95,-8,44,-1,39,51,12,1
56,0,97,0,44,27,41,53,12,1
55,0,82,1,-18,-11,26,100,74,1
37,-1,76,0,20,0,39,55,16,0
50,2,83,0,50,0,32,33,2,0
55,-5,72,-3,0,0,17,72,56,1
37,1,79,0,-2,0,42,81,40,0
41,0,79,3,42,27,39,38,0,0
38,-2,107,0,38,0,69,68,0,0
44,-2,97,4,44,5,53,53,0,0
51,-3,77,0,52,22,26,25,0,0
107,0,108,-3,70,0,1,38,36,1
55,0,77,-7,54,0,22,23,0,0
55,0,78,0,18,20,23,60,38,1
37,0,80,-2,20,-5,43,59,16,0
38,0,90,0,8,0,52,82,30,0
55,-4,81,0,-4,13,25,86,60,1
49,0,79,0,50,23,31,30,0,0
41,0,75,0,42,5,34,34,0,0
45,1,77,0,44,0,32,33,0,0
55,0,95,-1,52,-18,40,44,4,1
55,0,77,0,-2,6,21,79,58,1
37,0,97,0,36,21,59,60,2,0
55,0,81,-7,54,248,26,27,2,0
45,0,84,-1,44,0,40,41,0,0
41,3,78,0,42,2,37,37,0,0
56,0,81,0,-10,-8,25,92,66,1
48,2,86,0,46,0,37,39,2,0
56,0,81,0,-6,0,25,89,64,1
50,0,84,0,50,0,33,35,2,0
55,0,92,0,36,-1,37,56,20,1
46,5,76,3,46,0,30,30,0,0
37,0,78,-1,12,-4,41,65,24,0
55,5,77,0,34,0,22,44,22,1
56,1,81,0,-6,-19,25,88,64,1
56,0,77,0,46,2,22,31,10,1
56,1,88,0,54,-3,32,33,2,0
37,0,78,0,26,3,41,52,12,0
43,1,107,0,42,0,64,66,2,0
56,0,95,0,56,8,39,39,0,0
53,0,103,0,52,-14,50,51,2,0
51,-1,78,0,50,-7,27,29,2,0
55,0,77,5,-22,0,22,101,78,1
49,-3,80,0,50,0,31,31,0,0
56,3,82,0,56,15,26,25,0,0
37,3,79,0,18,0,41,61,20,0
42,-1,82,0,42,0,40,41,0,0
47,4,83,0,46,0,37,37,0,0
37,0,92,0,16,5,54,76,22,0
49,-4,79,0,50,0,30,30,0,0
37,0,100,-1,28,0,64,72,8,0
37,0,104,0,20,1,67,84,16,0
48,-1,83,-4,46,-6,35,37,2,0
51,0,109,0,50,-9,58,60,2,0
55,0,96,0,46,7,41,50,8,1
47,-2,88,0,46,0,41,42,0,0
41,0,81,-2,38,-27,40,42,2,0
45,0,79,0,46,19,34,33,0,0
37,0,80,0,26,0,43,54,12,0
44,0,82,0,44,4,38,38,0,0
49,-1,83,-3,46,10,34,37,2,0
102,0,103,5,70,-10,1,33,32,1
48,0,83,4,46,0,35,36,2,0
46,0,86,0,46,13,40,39,0,0
56,0,79,0,56,4,23,22,0,0
38,0,86,0,38,2,49,48,0,0
43,0,76,17,42,-5,33,35,2,0
49,0,95,0,46,-19,47,49,2,0
47,0,79,-2,46,0,32,32,0,0
41,0,83,0,38,-24,41,44,2,0
42,5,81,0,42,0,39,40,0,0
37,0,76,5,30,0,39,45,6,0
53,0,84,0,54,5,30,30,0,0
59,0,86,0,60,7,28,27,0,0
44,-5,83,0,42,-30,40,42,2,0
55,-1,95,-3,54,-5,40,41,2,0
37,0,79,0,8,20,42,71,28,0
37,-3,76,0,20,0,39,55,16,0
53,0,88,2,52,-12,35,36,2,0
55,4,74,1,-4,-2,18,79,60,1
56,0,95,0,50,-21,40,46,6,1
40,0,87,0,38,-1,47,48,2,0
45,0,79,0,44,-6,33,35,2,0
37,1,82,0,36,0,45,46,2,0
37,0,90,53,6,0,53,85,32,0
37,-2,79,-6,12,-16,42,66,24,0
37,1,75,0,20,0,38,54,16,0
47,-4,86,1,46,0,39,40,0,0
106,0,108,0,72,2,1,35,34,1
62,0,109,0,62,3,47,47,0,0
106,0,108,-2,70,-2,1,38,36,1
37,0,78,-6,0,0,42,78,36,0
41,2,76,0,38,-25,35,37,2,0
37,0,104,-1,20,27,67,84,16,0
53,0,103,0,52,-15,50,51,2,0
55,0,96,1,46,0,41,50,8,1
43,0,81,0,42,0,38,40,2,0
37,0,79,0,28,15,42,51,8,0
37,-2,75,0,26,-1,38,49,10,0
56,0,91,0,54,-13,35,37,2,0
79,-3,83,0,-46,0,5,130,126,1
41,-3,89,4,42,0,48,48,0,0
49,5,77,0,50,2,28,28,0,0
41,1,75,0,42,10,34,34,0,0
47,0,77,-3,46,0,29,30,0,0
37,0,108,-1,34,0,71,74,4,0
56,0,78,8,10,1,22,68,46,1
53,6,79,0,42,-1,25,37,12,1
56,0,76,0,-18,-14,20,94,74,1
45,5,86,0,44,0,41,42,2,0
38,0,107,0,38,7,69,68,0,0
50,-2,88,0,50,0,37,39,2,0
46,0,83,3,44,-26,37,39,2,0
37,0,81,0,24,-11,44,57,14,0
41,0,83,7,38,-10,42,44,2,0
37,0,80,0,30,5,43,49,6,0
41,0,109,2,38,-4,68,70,2,0
47,-1,84,-4,46,0,38,38,0,0
37,0,100,0,34,0,64,67,4,0
37,0,93,0,28,8,55,64,8,0
45,0,79,-1,44,5,33,35,2,0
50,5,82,0,50,0,32,33,2,0
64,-2,111,1,62,-4,47,49,2,0
37,1,97,0,34,1,60,64,4,0
37,0,104,0,26,6,67,78,12,0
44,1,93,0,44,5,50,50,0,0
55,0,92,-7,30,-5,36,61,24,1
37,0,80,0,36,-15,43,44,2,0
37,0,76,0,34,9,39,43,4,0
37,0,82,4,26,-5,45,56,10,0
39,4,77,0,38,0,38,38,0,0
56,3,77,-2,44,0,22,34,12,1
56,2,77,1,10,8,22,67,46,1
37,0,81,0,36,3,43,44,2,0
55,0,76,0,-14,15,21,92,70,1
45,0,79,-2,44,-6,33,35,2,0
37,4,82,0,36,0,45,46,2,0
54,1,79,6,54,0,26,25,0,0
37,-6,106,0,36,0,69,69,0,0
56,4,79,0,-4,0,24,85,62,1
47,1,102,0,46,0,55,55,0,0
39,-3,81,0,38,0,43,43,0,0
49,0,83,-1,50,31,34,34,0,0
44,0,76,6,44,6,32,32,0,0
55,0,82,7,-12,0,26,95,68,1
49,0,79,0,50,9,30,30,0,0
51,0,86,0,52,28,36,35,0,0
44,3,75,0,44,1,31,31,0,0
41,0,77,-4,42,0,36,35,0,0
56,1,91,0,-4,0,35,96,62,1
46,0,85,3,44,-30,39,41,2,0
57,1,86,-6,56,0,30,30,0,0
37,0,107,0,28,-24,70,78,8,0
55,0,77,0,16,22,22,62,40,1
50,-1,88,-2,50,0,38,39,0,0
56,0,77,0,44,-21,22,34,12,1
41,1,79,0,42,14,38,38,0,0
47,0,77,-3,46,0,31,31,0,0
56,3,87,5,56,0,31,30,0,0
59,1,84,0,56,-25,25,27,2,0
41,0,81,0,42,11,39,39,0,0
58,3,97,0,56,0,39,40,0,0
37,0,77,-5,36,7,40,41,0,0
82,0,85,-1,-2,9,3,88,84,1
46,0,88,1,46,12,43,42,0,0
52,0,88,0,52,-6,35,36,0,0
37,-17,106,-2,34,-4,69,72,4,0
43,-2,86,0,42,0,43,44,2,0
40,-1,108,0,38,0,68,69,2,0
37,0,79,-5,2,0,43,77,34,0
37,0,106,0,36,0,68,69,2,0
45,0,76,0,44,-1,30,32,2,0
48,2,95,0,46,0,47,49,2,0
44,0,75,0,42,-24,31,34,2,0
56,0,96,-3,50,-3,40,47,6,1
37,0,97,0,34,12,60,64,4,0
44,3,81,0,44,22,37,37,0,0
56,-1,95,0,56,12,40,39,0,0
37,-1,82,0,36,-23,45,46,2,0
50,-2,101,0,50,0,52,52,0,0
51,4,102,0,52,7,51,50,0,0
46,2,93,0,46,1,48,47,0,0
37,0,77,0,18,-7,41,59,18,0
51,-3,86,0,52,0,35,34,0,0
43,0,81,-5,42,0,37,39,2,0
55,0,77,0,-10,6,21,87,66,1
37,0,77,0,6,-24,40,72,32,0
46,0,76,0,46,14,30,30,0,0
55,0,78,0,10,-5,23,68,46,1
56,3,98,0,42,0,42,57,14,1
55,0,71,-1,0,0,16,71,56,1
44,0,84,0,42,-18,40,43,2,0
55,-5,80,-7,-2,0,25,83,58,1
56,2,91,0,56,2,35,34,0,0
83,1,88,0,6,0,5,83,78,1
39,2,81,0,38,0,42,42,0,0
43,0,81,0,42,-16,38,40,2,0
37,0,79,0,2,-20,42,76,34,0
53,-2,80,0,52,-25,27,28,2,0
41,0,79,-2,42,2,38,37,0,0
104,0,104,-7,70,0,1,35,34,1
41,0,76,0,42,4,34,34,0,0
47,-4,76,0,46,0,30,30,0,0
56,0,78,0,24,-3,22,55,32,1
37,0,79,-2,36,-4,42,43,2,0
41,3,79,0,38,-22,38,40,2,0
55,0,77,0,-28,22,22,106,84,1
52,0,88,-4,52,0,35,36,0,0
45,4,83,0,44,0,37,39,2,0
37,0,104,0,18,0,67,86,18,0
45,0,82,0,44,-5,37,38,2,0
37,0,92,-2,18,6,55,74,20,0
44,-1,86,0,44,5,43,42,0,0
56,0,80,0,54,-24,24,26,2,0
49,0,86,0,46,-17,37,39,2,0
43,1,90,0,42,0,47,49,2,0
55,5,79,0,54,0,24,25,2,0
45,-1,86,0,44,-13,40,42,2,0
43,0,85,-1,42,-8,42,44,2,0
37,0,107,2,36,0,69,71,2,0
43,0,76,0,44,23,33,32,0,0
45,0,88,0,44,0,42,44,2,0
43,0,85,-1,42,0,42,44,2,0
44,0,84,0,44,2,40,40,0,0
43,3,83,0,42,0,39,41,2,0
40,0,106,0,38,0,66,67,2,0
37,0,79,0,2,1,42,76,34,0
58,5,81,0,56,0,23,24,2,0
43,1,85,0,42,-2,42,44,2,0
46,0,86,0,46,6,40,39,0,0
55,0,81,-4,54,0,26,27,2,0
45,1,86,0,46,29,40,39,0,0
37,-3,106,-5,30,-5,69,75,6,0
46,0,79,0,46,19,34,33,0,0
45,0,80,0,44,-15,35,36,2,0
37,0,76,0,36,22,39,40,2,0
37,-110,106,0,34,-3,69,72,4,1
37,0,76,0,30,3,40,45,6,0
41,-1,77,0,38,-6,36,38,2,0
43,-3,99,0,42,-14,56,58,2,0
37,0,76,0,26,6,39,50,12,0
40,0,88,1,38,0,48,50,2,0
49,-2,78,0,46,-23,29,32,2,0
42,2,79,0,42,0,37,38,2,0
107,0,108,-2,72,8,1,35,34,1
41,0,83,0,42,28,42,41,0,0
37,0,75,-2,28,-4,38,46,8,0
41,0,76,0,38,-29,35,37,2,0
59,-4,108,0,60,4,49,49,0,0
37,0,104,0,18,18,67,86,18,0
37,0,83,7,10,0,47,73,26,0
41,5,86,0,38,-3,46,48,2,0
81,5,84,2,-20,0,4,105,102,1
55,0,96,0,50,9,41,47,6,1
46,-2,76,0,46,6,30,30,0,0
45,-4,86,0,44,-1,41,42,2,0
56,-1,92,0,54,-30,35,37,2,0
37,0,81,0,10,-9,45,71,26,0
39,-2,107,0,38,0,68,68,0,0
37,0,79,0,2,-24,42,76,34,0
56,2,86,0,54,-7,30,32,2,0
37,-1,107,0,36,0,70,71,0,0
84,0,88,-1,6,-5,5,83,78,1
46,0,88,5,46,0,42,42,0,0
45,-1,86,0,44,-3,41,42,2,0
43,0,78,0,44,22,35,34,0,0
38,1,94,0,38,20,56,55,0,0
44,0,86,0,44,3,42,42,0,0
76,3,81,2,-40,9,5,122,118,1
37,0,78,0,20,7,41,57,16,0
41,2,81,0,38,0,40,42,2,0
46,0,76,-1,46,3,30,30,0,0
39,-1,81,0,38,0,43,43,0,0
59,0,86,0,56,-8,28,30,2,0
53,1,81,0,52,-6,28,30,2,0
48,0,81,0,46,-7,33,35,2,0
37,0,80,0,24,16,43,57,14,0
44,1,76,0,42,-18,32,34,2,0
37,0,95,0,8,0,58,87,30,0
55,0,79,0,20,-13,24,59,34,1
56,0,81,0,-14,16,25,97,72,1
41,0,76,-1,38,-17,35,37,2,0
37,0,79,0,6,-8,42,74,32,0
55,0,95,-7,52,-14,40,44,4,1
38,0,81,0,38,1,43,42,0,0
83,0,86,0,-2,31,3,89,86,1
43,0,86,1,42,-6,43,45,2,0
59,0,86,-3,60,18,27,26,0,0
45,0,77,4,44,0,32,34,2,0
41,-1,83,0,42,11,42,41,0,0
37,0,95,0,10,30,58,84,26,0
55,0,94,5,18,0,39,76,38,1
49,-1,81,0,46,-19,33,35,2,0
46,0,85,-1,44,-21,39,41,2,0
102,0,102,-3,72,11,1,30,30,1
37,0,97,0,30,-6,60,66,6,0
79,0,83,0,-46,-12,4,130,126,1
55,0,92,0,34,-12,37,59,22,1
48,0,81,0,50,31,32,32,0,0
56,0,96,6,46,0,40,50,10,1
37,0,82,0,38,25,45,43,0,0
51,0,87,0,50,-7,36,38,2,0
56,3,97,0,52,17,41,45,4,1
56,0,84,0,56,6,29,28,0,0
49,2,78,0,50,4,29,29,0,0
54,1,83,-1,54,0,29,29,0,0
45,0,86,-2,44,-5,41,42,2,0
37,0,79,0,2,2,42,76,34,0
59,1,84,0,56,-8,25,27,2,0
56,0,78,0,24,-9,22,55,32,1
56,5,93,3,46,0,37,46,10,1
44,0,76,0,44,0,32,32,0,0
40,-2,78,0,38,0,38,39,2,0
50,-3,79,0,50,0,28,30,2,0
37,-28,106,5,36,0,69,69,0,0
56,-1,77,-4,24,-13,22,54,32,1
55,0,78,0,24,-14,23,55,32,1
54,1,81,1,54,0,28,27,0,0
49,0,88,-2,50,6,40,39,0,0
53,0,82,0,52,-6,29,30,2,0
37,4,75,0,34,0,37,41,4,0
49,-58,88,0,6,-17,40,83,44,1
37,0,94,0,34,5,57,61,4,0
37,0,76,0,36,8,39,39,0,0
51,0,109,5,50,-30,58,60,2,0
55,-1,80,0,-10,0,25,90,66,1
44,1,79,0,44,2,36,35,0,0
43,0,83,0,42,-4,39,41,2,0
44,0,76,4,42,-28,32,35,2,0
81,0,84,0,-14,17,3,100,96,1
41,4,86,0,38,-1,46,48,2,0
53,-1,80,0,52,-13,27,28,2,0
47,1,83,7,46,0,37,37,0,0
45,1,86,-4,44,0,40,42,2,0
55,0,95,0,44,-29,40,51,12,1
37,0,76,0,38,26,38,37,0,0
48,4,102,0,46,0,53,55,2,0
37,0,75,0,30,-14,38,44,6,0
45,0,81,-1,44,-9,36,37,2,0
37,0,84,0,20,-1,47,63,16,0
37,0,76,5,36,0,40,40,0,0
37,-22,77,0,20,0,40,56,16,0
37,0,97,0,36,14,59,60,2,0
37,0,77,0,34,-26,40,43,4,0
49,0,77,0,50,26,29,28,0,0
43,-3,78,0,42,0,35,37,2,0
56,0,92,0,56,31,36,35,0,0
45,5,102,0,44,-3,57,58,2,0
80,0,84,0,-32,20,4,117,114,1
41,0,83,0,38,-1,42,44,2,0
44,0,79,0,44,16,36,35,0,0
44,-1,79,0,44,5,35,35,0,0
46,0,86,0,44,-28,40,42,2,0
47,-1,81,-5,46,-7,34,34,0,0
44,1,83,0,44,15,39,39,0,0
55,0,96,0,44,15,41,52,12,1
46,0,86,0,44,-22,41,42,2,0
49,0,77,0,50,20,28,28,0,0
76,0,80,-2,-42,-8,4,124,120,1
41,0,88,-5,38,-14,48,50,2,0
41,0,79,0,42,0,38,37,0,0
46,0,79,3,46,0,33,32,0,0
53,0,82,0,54,11,29,28,0,0
52,-3,81,0,52,0,30,30,0,0
56,0,95,0,42,-20,40,54,14,1
56,0,96,0,38,-23,40,57,18,1
37,0,100,0,36,-13,63,64,2,0
41,0,81,0,42,20,41,40,0,0
55,-4,79,0,54,-6,23,24,2,0
37,0,76,0,28,22,39,47,8,0
82,0,85,0,-6,8,3,93,90,1
59,0,84,0,60,18,25,24,0,0
42,0,81,-7,42,0,39,40,0,0
43,0,80,0,42,-12,37,39,2,0
56,0,78,0,10,4,22,68,46,1
53,-2,80,0,52,-20,27,28,2,0
55,0,95,0,44,0,40,51,12,1
37,0,77,0,26,-4,41,52,10,0
46,-2,88,0,46,0,42,41,0,0
55,0,81,-7,54,0,26,27,0,0
37,-19,78,0,10,0,42,68,26,0
48,0,83,0,46,-6,34,36,2,0
46,4,77,0,46,1,31,30,0,0
47,-4,86,-1,46,0,39,40,0,0
56,0,95,0,42,-14,40,54,14,1
45,-5,88,0,44,0,44,44,0,0
56,4,96,0,54,4,40,42,2,0
101,-1,102,0,70,-2,1,33,32,1
37,0,78,7,34,-7,41,45,4,0
43,-2,76,0,42,-17,33,35,2,0
37,-1,104,0,24,2,67,80,14,0
41,-5,78,0,38,-16,37,39,2,0
52,2,86,0,52,0,34,34,0,0
41,0,86,-1,42,15,45,44,0,0
37,0,79,6,2,6,42,76,34,0
37,0,76,0,26,-13,39,50,10,0
49,-4,81,0,50,0,32,32,0,0
54,5,83,0,54,0,29,29,0,0
55,-1,76,0,-18,-15,21,94,74,1
50,4,79,0,50,0,29,30,0,0
37,0,92,0,12,-4,54,79,24,0
55,0,96,8,46,0,41,50,8,1
37,0,77,1,36,-5,39,41,2,0
49,0,88,2,46,-4,40,42,2,0
37,2,97,0,34,-5,60,64,4,0
37,0,80,0,16,-5,43,65,22,0
56,0,80,0,56,11,24,23,0,0
49,0,83,-1,50,26,34,34,0,0
46,0,85,0,46,-1,39,39,0,0
43,-2,76,0,42,0,33,34,2,0
37,0,78,0,12,-20,42,65,24,0
44,0,85,0,44,2,41,41,0,0
55,2,84,0,54,-6,29,30,2,0
79,0,83,0,-46,-21,4,130,126,1
37,-1,80,2,-2,0,43,83,40,0
37,0,83,0,0,6,46,83,36,0
56,0,96,0,56,0,40,39,0,0
51,-1,79,0,50,-30,27,30,2,0
41,0,79,3,38,-6,39,41,2,0
45,-1,78,0,44,-11,33,34,2,0
50,5,107,0,50,0,56,58,2,0
56,0,97,4,50,-10,41,48,6,1
56,-5,81,0,56,3,25,24,0,0
37,0,76,0,30,-16,39,45,6,0
41,0,83,0,38,-19,42,44,2,0
48,-5,81,0,46,-6,33,35,2,0
39,0,75,0,38,0,35,36,0,0
43,0,86,-6,42,0,43,44,2,0
39,-4,76,0,38,0,37,37,0,0
45,-1,84,0,46,21,38,37,0,0
64,-5,109,0,64,0,45,45,0,0
55,0,77,0,12,19,21,64,42,1
45,-4,87,0,46,14,42,41,0,0
37,1,90,0,24,21,52,66,14,0
48,0,84,0,46,0,37,38,2,0
38,0,96,0,38,5,58,57,0,0
41,-5,97,0,42,18,57,56,0,0
43,0,79,5,42,0,36,37,2,0
37,0,83,0,10,-6,46,72,26,0
37,0,80,-4,8,0,43,72,28,0
37,0,78,0,18,-1,42,60,18,0
49,0,76,-2,46,-25,27,30,2,0
47,-1,85,-1,46,-1,38,39,0,0
49,3,81,0,50,1,31,32,0,0
55,-2,98,0,44,-8,42,54,12,1
45,0,86,0,44,-14,40,42,2,0
37,-1,77,0,38,9,39,38,0,0
62,0,110,6,62,0,48,48,0,0
41,0,87,1,38,-14,46,48,2,0
37,0,78,-1,12,-2,41,65,24,0
37,0,76,-6,34,7,39,42,2,0
37,0,81,0,26,9,45,55,10,0
56,0,81,0,-6,-11,25,88,64,1
55,0,83,1,-24,9,27,108,82,1
55,0,81,0,56,31,26,24,0,0
37,0,83,0,-2,-7,47,86,40,0
46,0,79,0,44,-18,34,35,2,0
56,0,107,0,54,-14,51,53,2,0
37,0,81,0,12,3,45,68,24,0
56,3,97,0,46,11,41,51,10,1
37,0,81,-4,26,-4,45,55,10,0
38,0,90,-4,6,0,52,85,32,0
42,0,77,-6,42,0,34,35,2,0
80,-2,84,-3,-42,-24,4,128,124,1
80,2,84,0,-40,4,4,126,122,1
59,0,86,0,56,-22,28,30,2,0
37,0,79,0,2,24,42,76,34,0
56,3,85,0,56,1,29,28,0,0
56,0,92,2,-2,0,36,95,58,1
37,0,95,0,24,25,58,72,14,0
51,-1,79,0,50,-8,28,30,2,0
56,5,86,0,56,1,29,29,0,0
43,-4,75,0,42,0,32,34,2,0
37,0,78,0,10,-11,41,68,26,0
41,-3,79,0,38,-12,38,40,2,0
76,2,81,0,-40,20,4,122,118,1
41,0,83,0,42,5,41,41,0,0
53,0,86,0,54,20,33,32,0,0
55,0,98,0,50,-8,42,49,6,1
45,0,84,0,46,30,39,38,0,0
37,0,77,-3,28,0,40,48,8,0
49,2,85,0,46,-1,36,39,2,0
43,0,86,-7,44,16,43,42,0,0
51,1,82,1,50,0,31,33,2,0
55,0,95,3,38,12,40,57,16,1
56,0,77,0,-2,8,21,79,58,1
44,-1,77,0,44,8,33,33,0,0
51,0,88,0,50,-20,36,39,2,0
41,0,86,1,38,-30,45,48,2,0
37,0,80,0,24,1,43,57,14,0
58,0,86,0,56,-3,27,29,2,0
37,0,95,0,20,22,57,74,16,0
44,1,79,0,42,-11,35,37,2,0
48,-4,76,-1,46,-6,28,30,2,0
41,0,76,0,38,-23,35,37,2,0
44,0,86,1,44,9,42,42,0,0
55,0,79,0,12,-17,23,66,42,1
46,1,83,0,46,3,37,36,0,0
83,0,86,0,-4,27,3,92,88,1
49,0,83,0,50,21,34,34,0,0
41,0,79,0,42,20,38,37,0,0
47,-1,90,6,46,0,42,43,0,0
44,0,76,0,44,17,32,32,0,0
55,0,96,-3,52,0,41,44,4,1
37,0,77,0,36,-8,39,41,2,0
51,-2,81,0,50,-20,30,32,2,0
37,0,76,0,28,20,40,48,8,0
45,0,88,-1,44,-2,43,44,2,0
37,0,96,0,30,-6,59,65,6,0
55,0,99,0,50,11,43,49,6,1
55,0,82,-7,-30,5,26,113,86,1
56,2,96,0,52,0,40,44,4,1
37,1,80,-1,36,0,43,44,2,0
76,0,81,4,-40,0,5,122,118,1
41,1,83,0,42,31,42,42,0,0
56,0,77,0,-20,21,21,97,76,1
56,1,81,0,54,-6,25,27,2,0
77,2,81,0,-42,0,4,125,120,1
53,1,81,0,52,-5,28,30,2,0
55,0,81,0,-6,26,25,88,64,1
41,-5,77,0,38,-27,36,38,2,0
45,0,77,0,44,-14,31,33,2,0
37,0,104,0,34,3,67,71,4,0
37,0,104,0,24,1,67,81,14,0
40,2,106,5,38,0,66,67,2,0
55,0,77,0,12,-1,22,65,42,1
48,0,77,-7,46,0,29,31,2,0
56,1,98,0,42,11,42,57,14,1
38,0,81,0,36,-30,43,44,2,0
41,-1,78,0,42,6,37,37,0,0
42,-5,81,0,42,0,39,40,0,0
39,-1,82,0,38,0,43,43,0,0
46,0,81,0,46,11,35,35,0,0
55,0,77,0,24,-2,21,54,32,1
42,0,86,-6,42,0,44,44,0,0
55,0,98,0,52,-5,42,46,4,1
38,-2,81,0,38,0,43,42,0,0
45,4,86,0,44,-4,40,42,2,0
45,-2,82,0,44,0,37,38,0,0
53,0,103,0,54,28,50,49,0,0
37,-1,82,-3,36,-6,45,46,2,0
46,1,85,0,46,5,39,39,0,0
44,0,81,0,42,-20,38,40,2,0
37,0,83,0,0,-30,46,83,36,0
56,0,97,0,56,30,41,40,0,0
49,0,106,1,46,-11,58,60,2,0
49,0,88,0,50,25,40,39,0,0
41,-1,77,0,38,-13,36,38,2,0
37,0,76,0,26,9,40,50,10,0
37,0,78,0,12,5,42,65,24,0
41,0,79,0,38,-30,38,40,2,0
55,-2,97,0,54,0,41,42,2,0
56,0,97,0,52,4,41,45,4,1
45,0,78,0,44,-8,33,34,2,0
50,-1,77,-3,50,-4,27,28,0,0
44,-2,109,0,44,0,66,66,0,0
52,1,82,7,52,0,29,30,0,0
45,0,81,0,46,23,35,34,0,0
45,-5,76,0,44,0,31,32,0,0
56,0,97,0,52,-12,41,46,4,1
57,0,82,-1,56,0,25,25,0,0
46,0,90,0,46,6,44,44,0,0
37,0,83,0,34,8,46,49,2,0
56,0,77,0,44,-12,22,34,12,1
55,-1,98,3,46,-26,42,51,8,1
56,-1,84,0,56,4,28,27,0,0
45,4,95,0,44,0,51,51,0,0
37,0,95,0,20,6,57,74,16,0
56,0,79,7,0,0,23,79,56,1
85,0,88,-5,6,2,3,83,80,1
56,5,86,0,54,-15,30,32,2,0
49,0,79,0,50,21,30,30,0,0
37,0,95,2,18,0,58,77,20,0
37,0,108,-1,36,0,70,71,2,0
47,-5,86,0,46,0,39,40,0,0
55,0,85,0,54,-1,30,31,2,0
45,0,77,0,46,12,32,31,0,0
58,5,91,2,56,0,32,34,2,0
55,0,81,-1,-14,4,26,97,70,1
55,0,93,0,50,-4,38,44,6,1
43,3,82,0,42,0,39,41,2,0
38,0,82,-1,38,-2,44,43,0,0
80,5,84,1,-40,9,4,126,122,1
44,1,78,0,44,9,34,34,0,0
56,0,92,-1,46,0,36,46,10,1
85,0,88,0,0,-18,3,88,86,1
41,-1,79,0,42,6,38,38,0,0
56,2,78,2,44,0,22,34,12,1
46,1,88,4,44,-16,42,44,2,0
37,0,82,0,38,30,45,43,0,0
56,-4,95,0,54,0,40,41,2,0
48,5,81,0,46,0,33,35,2,0
45,0,79,-1,44,-2,33,35,2,0
37,0,80,-8,34,0,43,46,4,0
82,0,85,0,-10,-23,3,95,92,1
37,0,94,0,10,-14,57,84,26,0
56,0,97,0,52,31,41,45,4,1
44,0,88,0,44,18,44,44,0,0
56,0,81,0,-20,-3,25,102,76,1
41,0,86,0,42,24,46,45,0,0
41,-1,76,0,38,-30,35,37,2,0
58,-2,87,0,56,0,29,30,2,0
51,-65,88,0,8,5,37,81,44,1
47,0,86,-5,46,0,40,40,0,0
48,-2,106,0,46,0,58,60,2,0
53,1,84,0,52,-13,31,32,2,0
47,3,82,0,46,0,34,35,0,0
37,0,79,0,18,26,43,61,18,0
43,0,77,0,44,17,34,33,0,0
37,0,79,-1,36,-6,42,43,2,0
37,0,78,-1,2,-4,41,75,34,0
55,0,92,0,26,-7,36,66,30,1
50,-3,83,0,50,0,32,33,2,0
46,-1,83,0,46,0,37,37,0,0
45,-2,84,0,44,-10,38,40,2,0
43,0,78,0,42,-4,35,37,2,0
56,0,80,-3,20,-12,24,59,36,1
37,-4,78,0,36,0,41,42,0,0
47,0,109,6,46,0,62,62,0,0
57,-2,81,7,56,0,24,24,0,0
49,1,83,0,50,14,34,33,0,0
53,0,80,0,54,7,27,26,0,0
37,0,97,0,28,-13,60,69,8,0
56,0,97,0,44,4,41,53,12,1
49,-1,87,0,50,0,38,38,0,0
79,2,83,0,-46,0,4,130,126,1
40,0,77,-4,38,0,38,39,2,0
37,0,77,0,26,-22,40,51,10,0
55,0,95,0,52,-22,40,44,4,1
51,0,87,-3,52,0,36,35,0,0
45,0,90,0,44,-9,45,46,2,0
56,0,97,0,46,7,41,51,10,1
56,0,77,0,24,0,21,54,32,1
45,0,74,-7,44,0,30,30,0,0
45,0,83,0,46,26,37,36,0,0
45,0,76,0,44,-18,30,32,2,0
80,3,84,0,-38,-21,4,123,118,1
46,2,83,0,46,11,37,36,0,0
38,0,86,0,36,-22,48,50,2,0
37,0,80,1,6,0,43,75,32,0
38,0,76,0,36,-27,38,39,2,0
37,0,80,-6,20,0,43,59,16,0
50,0,86,0,50,0,35,37,2,0
56,0,81,1,-10,-4,25,91,66,1
55,0,93,0,46,-5,37,46,8,1
37,0,96,-6,36,0,59,60,2,0
53,0,81,0,52,-10,28,30,2,0
50,0,86,-3,50,0,36,37,0,0
37,0,76,-2,28,1,39,47,8,0
53,-4,81,-2,54,0,27,26,0,0
56,0,92,0,56,28,36,35,0,0
43,0,81,-3,42,-1,37,39,2,0
49,0,87,0,46,-4,38,41,2,0
51,0,78,0,52,11,27,26,0,0
37,0,79,0,34,8,42,46,4,0
43,4,89,1,42,0,46,48,2,0
42,0,86,-6,42,0,44,45,0,0
53,1,78,0,54,28,25,24,0,0
38,0,81,-1,38,0,43,43,0,0
41,0,78,0,42,13,37,37,0,0
84,0,88,0,-2,0,3,90,88,1
37,0,78,-3,28,0,41,50,8,0
44,0,78,0,42,-25,34,37,2,0
55,0,76,0,-14,-11,21,92,70,1
37,0,82,-3,34,0,45,48,2,0
81,0,86,5,-24,-6,4,112,108,1
37,-4,75,0,26,-3,38,49,10,0
49,1,106,0,50,22,58,57,0,0
51,-1,84,0,50,-9,33,35,2,0
55,0,77,0,18,31,22,59,38,1
84,-4,88,0,2,0,3,85,82,1
46,-1,83,0,46,4,37,37,0,0
55,0,98,0,54,20,42,44,2,0
55,-1,81,0,-22,-2,26,105,78,1
37,-2,81,0,36,-3,44,44,0,0
46,0,87,0,44,-23,41,43,2,0
37,4,79,0,24,14,41,55,14,0
43,0,83,0,44,15,39,39,0,0
42,1,77,0,42,0,35,36,0,0
44,0,77,0,42,-15,34,36,2,0
40,1,90,3,38,0,49,51,2,0
41,0,81,0,38,-22,40,42,2,0
37,0,79,0,28,5,43,51,8,0
46,-1,82,-2,46,-4,36,35,0,0
37,0,77,0,-14,-7,40,92,52,0
37,0,79,0,16,6,42,64,22,0
37,0,79,0,10,14,43,69,26,0
44,0,87,-1,44,4,43,43,0,0
53,0,86,-4,54,9,33,32,0,0
56,0,81,0,54,-3,25,27,2,0
55,-3,81,0,-22,-6,26,105,78,1
49,0,79,0,50,9,31,30,0,0
41,0,100,0,42,29,59,59,0,0
39,0,97,5,38,0,58,59,0,0
54,0,91,1,54,0,37,37,0,0
56,0,97,0,36,-10,41,60,20,1
51,0,83,0,50,-16,32,34,2,0
38,2,102,0,38,1,64,63,0,0
37,0,97,0,34,1,60,64,4,0
55,5,84,0,54,0,30,30,0,0
81,0,84,0,-20,17,4,105,102,1
59,1,87,5,60,0,28,28,0,0
51,2,79,0,52,19,27,27,0,0
55,0,92,0,24,-2,37,69,32,1
79,1,83,0,-46,0,4,129,126,1
56,0,78,0,54,-3,22,24,2,0
44,-4,76,-2,44,3,32,32,0,0
37,-1,82,-3,-2,19,45,85,40,0
55,0,77,0,10,-14,21,66,46,1
46,0,85,-1,46,-2,39,39,0,0
41,0,81,0,42,27,41,40,0,0
37,0,79,0,34,1,43,46,2,0
37,0,77,0,24,22,40,54,14,0
37,0,84,0,24,-3,47,61,14,0
41,-3,81,0,42,5,40,40,0,0
37,0,97,1,18,-12,60,79,18,0
44,-4,80,3,44,13,36,36,0,0
53,1,82,0,54,1,29,28,0,0
37,0,76,3,34,20,39,43,4,0
84,-3,88,0,0,1,4,88,84,1
56,0,97,0,52,-22,40,45,4,1
55,0,76,-6,-20,0,21,97,76,1
55,0,78,0,8,11,23,70,48,1
50,0,78,4,50,0,28,29,0,0
37,0,76,8,38,1,39,37,0,0
55,-1,81,0,-10,-1,26,92,66,1
45,2,84,0,44,0,39,40,0,0
49,0,85,0,50,0,36,36,0,0
44,2,79,0,44,20,35,35,0,0
43,0,89,-2,42,-3,46,48,2,0
55,0,82,0,-42,-12,26,126,100,1
39,5,86,0,38,0,47,48,0,0
107,0,108,-2,70,0,1,38,36,1
42,-5,85,-1,42,0,43,44,0,0
52,-4,81,0,52,-4,28,29,0,0
57,0,84,8,56,0,27,27,0,0
55,0,77,0,16,20,22,62,40,1
53,0,81,0,54,12,28,26,0,0
51,0,102,0,52,3,51,50,0,0
42,1,93,0,42,0,51,52,0,0
46,1,81,0,46,19,35,35,0,0
123,136,105,0,36,-1,-18,69,86,1
43,0,81,0,44,25,38,37,0,0
41,0,81,-1,42,-1,40,40,0,0
45,2,90,0,44,-2,44,46,2,0
55,0,92,0,26,-6,36,66,30,1
63,0,112,3,62,0,49,50,0,0
45,0,83,-1,46,23,37,36,0,0
37,0,80,0,24,-2,43,57,14,0
55,0,77,0,26,9,21,51,30,1
41,-2,77,0,42,2,36,35,0,0
55,0,93,0,2,-10,38,91,52,1
38,-4,77,0,38,0,40,39,0,0
45,0,88,0,46,25,42,41,0,0
45,-1,85,-6,44,-9,40,41,2,0
37,0,76,-1,20,0,40,55,16,0
55,0,92,0,34,-5,37,59,22,1
44,-5,106,0,44,0,62,62,0,0
55,3,74,-10,-4,-21,19,79,60,1
41,3,79,0,42,13,38,38,0,0
37,0,104,1,26,13,67,78,12,0
55,1,96,0,52,0,41,44,4,1
55,0,79,6,20,-21,24,59,34,1
51,1,82,2,50,0,31,33,2,0
55,-2,97,0,46,0,42,51,8,1
55,0,96,-7,50,0,41,47,6,1
81,0,84,0,-14,-10,3,99,96,1
55,-1,77,0,26,-24,22,52,30,1
41,0,79,0,38,-12,38,40,2,0
52,1,82,-4,52,0,29,30,0,0
84,0,87,0,-4,0,3,92,88,1
39,16,77,0,28,0,38,48,10,0
37,0,104,0,20,-29,67,83,16,0
41,-1,81,0,42,12,40,39,0,0
44,3,85,0,44,12,41,41,0,0
55,-1,77,0,16,-1,22,62,40,1
42,1,79,1,42,0,37,38,0,0
37,0,75,0,34,7,38,41,2,0
46,-1,77,0,46,5,31,30,0,0
37,0,79,0,6,-9,42,74,32,0
41,0,77,8,38,0,36,38,2,0
37,0,74,0,34,23,37,41,4,0
56,-1,78,-3,26,-6,22,52,30,1
37,-3,81,2,36,0,44,44,0,0
41,0,82,0,42,9,41,41,0,0
37,0,78,0,24,4,42,55,14,0
41,2,76,0,42,6,34,34,0,0
43,3,77,0,42,0,35,36,2,0
47,0,87,6,46,0,40,41,0,0
79,0,83,2,-42,0,5,127,122,1
55,0,97,0,50,-23,41,48,6,1
53,-19,79,0,0,0,25,79,54,1
37,-21,76,0,20,0,39,55,16,0
38,2,92,0,26,9,54,66,12,0
37,0,86,-3,36,0,49,50,0,0
37,0,81,-1,36,-1,44,44,0,0
42,4,79,0,42,0,38,38,0,0
49,0,95,0,46,-1,47,49,2,0
57,1,84,-7,56,0,28,28,0,0
72,8,76,5,-42,-8,4,120,116,1
64,0,113,1,64,21,49,48,0,0
75,2,79,1,-42,0,4,123,118,1
41,0,77,0,42,13,36,35,0,0
41,0,79,1,42,29,39,38,0,0
51,0,85,0,50,-1,34,36,2,0
37,0,78,0,-6,-10,42,86,44,0
42,-1,77,3,42,0,35,35,0,0
50,-4,77,0,50,0,27,28,0,0
37,0,77,0,18,23,40,59,18,0
37,0,76,0,30,-3,39,45,6,0
37,0,76,0,18,-6,40,58,18,0
37,0,83,0,30,10,46,52,6,0
37,0,79,-2,10,0,42,69,26,0
58,0,86,0,56,-2,27,29,2,0
37,7,77,-2,-22,2,41,101,60,0
44,-5,83,0,44,0,38,39,0,0
51,0,78,-1,52,27,27,26,0,0
42,1,89,1,42,0,47,48,0,0
38,0,110,0,38,0,72,71,0,0
38,0,75,0,38,0,37,36,0,0
55,0,93,0,52,-4,38,42,4,1
37,0,109,0,36,0,71,73,2,0
49,0,77,0,46,-25,28,30,2,0
50,0,91,2,50,0,41,42,0,0
47,-1,95,1,46,0,48,49,0,0
55,0,96,-6,50,0,41,47,6,1
37,-1,76,0,36,-8,38,39,2,0
38,-2,79,-1,38,0,41,40,0,0
44,0,106,-1,42,-25,62,64,2,0
55,0,77,0,36,-7,22,41,20,1
46,0,85,0,46,19,39,39,0,0
47,3,86,-1,46,0,40,40,0,0
37,0,83,-1,34,6,46,50,4,0
45,0,86,0,44,-6,41,42,2,0
38,0,79,0,38,6,41,40,0,0
51,-1,87,0,52,3,36,35,0,0
41,0,86,0,42,0,45,45,0,0
56,0,107,0,56,10,51,50,0,0
37,0,76,0,26,-11,40,50,10,0
106,0,107,-3,70,0,1,37,36,1
50,0,87,0,50,0,37,38,0,0
41,0,82,-6,38,-4,41,43,2,0
46,0,88,4,46,0,42,42,0,0
37,0,106,0,38,16,68,67,0,0
48,-1,79,0,50,21,31,30,0,0
45,-1,76,0,46,11,31,30,0,0
37,0,104,0,26,-30,67,78,12,0
39,-2,75,0,38,0,36,36,0,0
37,0,77,6,28,17,41,49,8,0
56,-1,97,0,46,-3,41,50,10,1
37,0,77,0,-4,4,41,83,42,0
37,0,77,0,12,12,40,64,24,0
39,3,80,-4,38,0,41,41,0,0
37,0,80,0,34,-6,43,46,2,0
41,1,79,0,38,-10,38,40,2,0
37,0,81,-3,36,-11,43,44,2,0
55,0,95,-2,54,-4,40,41,2,0
56,0,81,0,-6,-3,25,89,64,1
45,4,76,0,44,0,32,32,0,0
37,0,78,0,-4,-9,41,83,42,0
55,0,79,0,12,-13,23,66,42,1
53,5,79,0,52,-8,26,27,2,0
37,1,79,0,34,18,41,45,4,0
47,-1,86,-3,46,-5,39,40,0,0
45,1,81,0,44,0,37,37,0,0
37,0,77,0,0,-21,40,77,36,0
38,1,78,0,38,19,40,39,0,0
49,-1,83,0,50,2,34,33,0,0
56,0,98,0,52,28,42,46,4,1
46,0,79,0,44,-19,33,35,2,0
41,-1,75,0,42,15,34,34,0,0
41,0,81,0,42,18,40,40,0,0
55,0,95,3,38,22,40,57,16,1
51,1,78,-5,52,12,27,26,0,0
45,1,108,0,44,0,63,64,2,0
38,3,81,0,38,6,43,42,0,0
49,-2,88,0,50,4,39,39,0,0
38,4,76,0,38,11,38,37,0,0
41,0,78,6,38,-8,37,39,2,0
37,3,82,0,36,0,45,46,2,0
45,0,86,5,44,-2,40,42,2,0
38,1,83,0,38,17,45,44,0,0
40,0,81,-6,38,0,40,42,2,0
40,0,78,4,38,0,38,39,2,0
37,1,81,0,-2,0,44,83,40,0
55,0,77,0,6,-14,22,72,50,1
37,0,92,0,24,1,55,69,14,0
45,0,86,-7,44,-3,40,42,2,0
37,0,99,3,28,0,62,71,8,0
37,0,90,0,24,-6,52,66,14,0
55,0,93,0,2,-8,38,91,52,1
37,0,78,-1,34,-2,41,45,4,0
58,-1,91,0,56,0,33,34,0,0
50,1,86,6,50,0,37,37,0,0
74,11,78,12,-42,-2,4,122,118,1
49,0,77,0,46,-2,29,31,2,0
52,-5,81,0,52,0,29,30,0,0
41,0,79,-4,42,5,38,37,0,0
45,-1,79,0,46,12,33,32,0,0
41,0,97,0,42,15,56,55,0,0
46,-4,83,0,46,0,37,36,0,0
55,0,77,0,-14,14,21,92,70,1
37,1,97,0,30,-16,60,66,6,0
37,0,84,3,30,12,47,53,6,0
56,0,78,-6,26,-6,22,52,30,1
38,5,81,0,38,0,42,42,0,0
48,-4,76,0,46,0,28,30,2,0
55,0,95,-4,54,7,40,41,2,0
37,0,76,-1,34,13,39,42,2,0
42,2,88,0,42,0,45,46,2,0
46,0,88,0,44,-29,43,44,2,0
45,-1,85,1,44,0,40,41,2,0
56,-1,78,-3,26,-5,22,52,30,1
49,-5,87,0,46,-20,38,41,2,0
38,1,80,0,38,11,42,41,0,0
41,0,86,0,38,-13,46,48,2,0
37,0,99,0,30,4,61,68,6,0
37,0,82,-1,-2,6,45,85,40,0
39,4,102,0,38,0,62,63,0,0
37,0,81,-1,36,-5,43,44,2,0
49,1,86,0,46,-18,37,39,2,0
55,0,78,0,26,8,23,52,30,1
37,0,83,-3,-4,-12,46,88,42,0
37,-4,75,-1,20,0,38,54,16,0
45,0,85,1,44,-10,40,41,2,0
37,0,105,0,36,4,68,69,2,0
39,0,78,-1,38,-2,39,39,0,0
80,4,84,1,-40,7,4,126,122,1
50,1,83,0,50,0,33,34,0,0
52,1,77,0,52,0,25,25,0,0
57,2,79,0,56,0,23,23,0,0
56,0,95,0,50,0,40,46,6,1
55,0,97,0,46,-1,42,51,8,1
45,0,82,0,46,18,37,35,0,0
48,0,87,-2,46,-4,39,41,2,0
43,0,79,0,42,-1,35,37,2,0
55,0,92,0,8,-4,37,84,48,1
47,0,88,6,46,0,41,41,0,0
55,0,92,4,26,0,37,66,30,1
55,0,77,0,8,7,22,70,48,1
46,0,79,0,44,-15,34,35,2,0
46,0,81,-3,46,8,35,34,0,0
43,0,83,0,44,10,40,39,0,0
37,0,77,0,-24,-29,40,103,62,0
49,0,77,0,46,-12,28,30,2,0
37,0,104,7,18,0,67,86,20,0
37,0,76,-3,30,13,39,45,6,0
45,-1,85,2,46,9,40,39,0,0
37,0,93,0,18,31,55,75,20,0
46,0,82,0,46,22,36,35,0,0
56,0,80,4,-4,0,24,85,62,1
55,0,83,2,54,0,28,29,2,0
51,0,81,-3,50,-9,30,32,2,0
37,0,76,-2,36,0,39,39,0,0
57,-4,88,-3,56,0,31,31,0,0
56,2,79,0,56,2,23,23,0,0
55,0,77,-2,-4,16,21,82,60,1
49,-2,83,0,50,7,34,34,0,0
37,0,82,1,-2,9,45,85,40,0
54,-2,83,0,54,0,28,28,0,0
41,-2,76,0,42,16,35,35,0,0
45,2,76,-1,44,0,31,32,0,0
39,0,85,-1,38,0,46,46,0,0
42,-2,81,0,42,0,39,40,2,0
48,0,85,0,46,-13,37,39,2,0
51,0,83,3,50,-1,32,33,2,0
43,0,102,0,44,12,59,58,0,0
85,1,88,0,0,0,3,88,86,1
37,0,104,0,26,2,67,78,12,0
42,-1,86,0,42,0,44,45,2,0
39,-5,81,4,38,0,42,43,0,0
44,5,81,0,44,1,37,37,0,0
49,-1,81,0,50,8,33,32,0,0
37,0,76,2,20,0,40,55,16,0
56,0,96,0,38,-2,40,57,18,1
46,-4,77,4,46,0,31,31,0,0
55,-2,97,-2,46,-4,42,51,8,1
56,0,84,0,54,-10,28,30,2,0
45,-3,109,0,44,0,65,66,0,0
37,0,83,0,6,-8,47,78,32,0
46,0,83,-5,46,17,37,37,0,0
37,0,80,3,36,0,43,44,0,0
37,0,80,0,18,12,43,62,18,0
39,0,81,-1,38,0,42,43,0,0
45,0,82,1,44,-2,37,38,2,0
55,0,77,0,-28,-9,21,105,84,1
55,0,77,0,-4,-12,21,82,60,1
79,0,83,0,-38,1,4,122,118,1
37,0,76,0,38,14,39,37,0,0
55,0,95,0,52,-19,40,44,4,1
37,0,79,4,36,0,42,43,2,0
49,0,88,-3,50,11,40,39,0,0
60,0,109,-3,60,0,49,49,0,0
55,-2,81,-7,54,0,27,27,0,0
82,0,86,1,-6,0,4,94,90,1
55,-1,80,0,54,-2,25,26,2,0
37,0,103,0,30,-4,66,72,6,0
42,0,87,-7,42,0,45,46,2,0
49,4,88,0,50,10,39,39,0,0
37,-1,79,-4,18,0,42,61,18,0
41,2,80,0,38,-28,39,41,2,0
55,2,84,2,54,0,28,30,2,0
47,4,87,2,46,0,40,41,0,0
55,0,81,0,-6,6,25,88,64,1
56,0,79,0,54,-8,23,24,2,0
55,0,95,0,44,-23,40,51,12,1
46,-2,85,-7,46,18,39,39,0,0
40,1,102,0,38,0,61,63,2,0
37,0,79,0,12,-5,42,66,24,0
44,1,86,0,44,6,43,42,0,0
38,0,107,0,36,-27,69,71,2,0
45,5,75,0,44,0,30,31,0,0
37,0,75,0,34,26,38,41,2,0
40,-1,86,0,38,0,45,47,2,0
39,-8,90,1,6,0,52,85,34,0
52,3,82,0,52,0,30,30,0,0
56,0,96,0,50,0,40,47,6,1
56,1,80,0,54,-30,24,26,2,0
44,0,76,5,44,3,32,32,0,0
53,0,86,0,52,-8,33,34,2,0
45,-3,77,0,46,10,32,31,0,0
37,0,78,-1,20,-3,42,57,16,0
37,1,81,0,36,0,44,45,0,0
37,0,77,0,6,-1,40,72,32,0
55,0,78,0,18,21,23,60,38,1
49,-2,89,0,46,-23,40,42,2,0
41,0,86,0,42,13,45,44,0,0
37,4,77,0,36,0,40,41,2,0
41,1,77,0,38,-4,36,38,2,0
51,-3,80,0,50,-7,29,31,2,0
38,0,92,8,12,0,54,79,24,0
45,-1,81,0,44,-19,36,37,2,0
37,0,79,0,8,-25,43,72,28,0
42,5,75,0,42,1,33,34,0,0
43,0,86,0,42,-22,42,44,2,0
79,0,84,8,-42,-21,4,128,124,1
46,-4,80,0,46,0,34,34,0,0
37,-2,77,0,36,-16,39,41,2,0
44,1,77,0,44,0,33,34,0,0
41,0,83,2,42,22,42,41,0,0
37,0,75,-1,28,21,38,46,8,0
45,-6,81,0,44,0,36,37,2,0
50,-4,90,0,50,0,39,41,2,0
55,0,79,-2,6,-5,23,74,50,1
55,0,95,-5,46,0,40,49,8,1
44,0,78,0,44,0,34,34,0,0
48,0,88,1,46,-2,40,42,2,0
41,0,89,1,38,-9,48,50,2,0
42,0,90,0,42,0,48,49,2,0
56,0,96,0,56,31,40,39,0,0
37,0,79,0,36,21,42,43,2,0
56,0,97,0,46,0,41,51,10,1
37,4,79,0,24,2,41,55,14,0
46,0,83,0,44,-20,37,39,2,0
85,0,88,-5,6,0,3,83,80,1
37,0,105,0,18,0,68,87,18,0
37,0,106,0,34,-25,69,72,4,0
51,-1,81,0,50,-4,30,32,2,0
40,0,88,6,38,0,48,50,2,0
45,0,107,1,44,0,62,63,2,0
37,0,78,-3,-6,0,41,86,44,0
55,-4,86,0,56,24,31,30,0,0
38,4,83,-1,38,-2,44,44,0,0
44,-1,86,2,44,0,42,42,0,0
37,0,75,-1,26,-9,38,49,10,0
55,0,96,0,50,-17,41,47,6,1
55,0,81,0,54,-18,26,27,2,0
55,0,92,-6,46,0,36,45,8,1
81,-4,86,-4,-40,0,4,127,122,1
43,0,84,0,42,-5,41,43,2,0
37,0,79,0,20,-16,42,58,16,0
42,22,77,0,28,0,35,48,14,1
42,0,75,0,42,0,32,34,2,0
46,0,81,4,46,1,35,35,0,0
56,0,78,0,44,7,22,34,12,1
37,0,79,0,30,-24,43,48,6,0
43,0,88,-5,44,13,44,44,0,0
105,-4,106,0,70,0,1,36,36,1
39,4,93,1,34,0,54,60,6,0
50,4,80,0,50,0,30,31,0,0
85,0,89,6,2,0,4,86,82,1
43,1,85,0,42,-4,42,44,2,0
37,1,79,0,20,15,41,58,16,0
54,8,77,0,-22,0,23,101,78,1
37,0,79,-5,12,26,42,66,24,0
51,0,78,-2,50,-8,27,29,2,0
46,0,88,2,46,6,41,41,0,0
56,0,95,0,56,19,40,39,0,0
56,0,79,0,12,-1,23,66,42,1
47,0,84,1,46,0,36,37,0,0
51,0,83,0,50,-5,32,34,2,0
46,0,82,6,46,1,36,35,0,0
81,0,84,0,-18,4,4,103,98,1
37,0,78,-2,0,0,42,78,36,0
51,1,107,-1,50,0,56,58,2,0
56,3,79,0,54,-10,24,25,2,0
39,-1,76,4,38,0,37,37,0,0
38,0,75,0,36,-21,37,39,2,0
81,0,84,0,-24,0,4,110,106,1
43,-1,83,0,44,20,39,39,0,0
39,-1,77,0,38,-1,37,38,0,0
56,0,92,0,54,-1,36,38,2,0
49,-1,79,-1,50,0,30,30,0,0
56,4,86,0,56,18,31,30,0,0
81,-1,84,0,-12,17,4,97,94,1
53,-2,79,0,54,14,26,24,0,0
55,0,78,0,26,10,23,52,30,1
49,31,77,0,-22,0,28,101,72,1
55,0,77,0,38,27,22,39,16,1
49,1,87,0,46,-8,38,41,2,0
49,-1,80,0,50,11,31,31,0,0
41,-3,76,-1,42,0,35,35,0,0
46,1,81,0,46,8,35,34,0,0
45,0,83,0,44,-25,37,39,2,0
43,0,78,0,42,-11,35,37,2,0
56,0,96,-6,50,-9,40,47,6,1
37,0,76,0,38,26,39,37,0,0
49,-5,86,-4,50,-5,37,37,0,0
43,-3,84,0,44,22,41,41,0,0
51,0,86,0,52,13,36,35,0,0
44,0,89,0,42,-18,45,48,2,0
52,-3,109,0,52,0,57,57,0,0
83,0,86,0,-4,-3,4,92,88,1
37,0,90,-3,24,-7,52,66,14,0
56,0,76,0,-12,6,20,89,68,1
55,3,71,-2,0,0,16,71,56,1
45,-4,86,0,46,5,40,39,0,0
56,4,95,0,46,0,40,49,10,1
51,2,78,0,52,11,27,26,0,0
37,0,81,0,24,9,44,57,14,0
47,0,85,1,46,0,38,39,0,0
45,0,83,0,46,11,37,36,0,0
45,0,85,0,46,30,40,39,0,0
56,0,95,0,46,18,40,49,10,1
49,0,87,0,50,9,38,38,0,0
37,0,79,0,0,-6,42,79,36,0
58,-2,91,0,56,0,33,34,0,0
37,0,108,-1,30,0,71,77,6,0
37,0,76,-1,16,4,39,61,22,0
44,0,79,0,44,20,35,35,0,0
37,0,92,0,16,29,54,76,22,0
56,1,85,0,54,-21,29,31,2,0
57,0,81,1,56,0,24,24,0,0
41,0,82,-6,38,-6,41,43,2,0
42,-3,81,0,42,0,39,40,2,0
45,0,79,0,46,24,33,32,0,0
46,4,86,0,44,-7,40,42,2,0
45,0,87,0,44,-1,42,43,2,0
53,5,88,0,52,-3,35,37,2,0
37,0,105,-6,24,0,68,82,14,0
55,0,77,0,2,4,22,75,52,1
55,0,95,0,50,18,40,46,6,1
55,0,96,0,38,-7,41,57,16,1
41,-4,75,0,42,11,34,34,0,0
47,2,87,-1,46,0,40,41,0,0
37,0,104,0,26,5,67,78,12,0
64,0,111,0,62,-1,47,49,2,0
44,0,89,0,44,18,45,45,0,0
55,-1,86,0,54,-5,31,32,2,0
53,0,87,0,54,5,34,33,0,0
51,0,88,0,52,24,37,36,0,0
37,-51,106,-1,30,0,69,75,6,1
41,1,81,0,38,-6,40,42,2,0
37,0,77,-4,-10,0,40,87,46,0
45,-4,81,0,44,0,36,37,2,0
37,0,93,0,28,-4,56,65,8,0
37,0,83,0,30,-20,47,52,6,0
55,0,78,-2,8,-7,23,70,48,1
44,0,81,-1,44,1,38,37,0,0
56,0,96,6,52,0,40,44,4,1
37,0,84,0,24,-1,47,61,14,0
45,0,85,0,44,143,41,41,0,0
42,0,86,-7,42,0,44,45,0,0
48,0,88,0,46,-1,39,41,2,0
45,0,88,0,46,16,42,41,0,0
49,-1,77,0,50,12,28,28,0,0
46,0,79,0,44,-25,33,35,2,0
37,0,77,0,28,-1,40,48,8,0
56,1,86,0,56,0,29,29,0,0
37,0,78,0,0,-7,42,78,36,0
55,0,86,0,56,18,30,29,0,0
50,0,82,7,50,0,32,33,2,0
37,0,80,0,20,18,43,59,16,0
37,-1,78,-3,2,-10,41,75,34,0
58,-2,84,0,56,0,25,27,2,0
48,-1,83,-5,46,-7,35,37,2,0
45,0,83,0,46,13,37,36,0,0
42,1,97,0,38,-30,56,59,2,0
81,0,84,0,-14,5,3,100,96,1
45,0,77,0,46,23,32,31,0,0
51,0,86,0,50,-27,35,37,2,0
54,0,79,3,54,0,26,25,0,0
42,0,83,7,42,0,41,42,2,0
51,1,86,0,52,2,35,35,0,0
42,2,75,0,42,0,32,34,2,0
55,0,81,-5,54,0,26,27,2,0
37,0,104,0,26,-14,67,78,12,0
37,0,77,-1,-20,5,41,98,58,0
56,0,95,0,54,-4,40,41,2,0
45,0,79,0,46,29,33,32,0,0
55,0,77,0,-2,-6,21,79,58,1
45,-5,84,0,44,0,39,40,0,0
40,-5,81,0,38,0,41,43,2,0
55,0,92,0,-2,13,36,94,58,1
44,0,86,0,44,22,43,42,0,0
44,-1,79,0,44,4,35,35,0,0
49,0,82,0,50,9,33,33,0,0
49,0,81,0,50,25,33,32,0,0
50,5,87,-1,50,0,37,38,0,0
39,-1,79,-1,38,0,39,40,0,0
56,3,97,0,54,8,40,42,2,0
53,0,86,-1,54,-2,32,32,0,0
53,-2,83,0,52,-27,30,32,2,0
56,0,78,0,8,-14,22,70,48,1
53,0,78,0,54,22,25,24,0,0
49,0,95,4,46,-30,46,49,2,0
105,5,106,0,70,0,1,36,36,1
41,3,108,1,38,-19,66,69,2,0
46,-1,85,-1,46,0,39,39,0,0
42,-2,86,0,42,0,45,45,0,0
58,-5,85,0,56,0,28,28,0,0
45,1,76,0,46,31,30,29,0,0
37,0,79,0,36,2,42,43,2,0
49,1,78,0,50,9,29,29,0,0
45,0,81,2,44,0,36,37,2,0
56,0,78,0,44,12,22,34,12,1
101,0,102,1,70,-15,1,33,32,1
46,4,79,0,46,0,33,32,0,0
37,5,100,0,28,0,63,72,8,0
46,2,86,0,46,7,41,40,0,0
57,-3,81,0,56,0,24,24,0,0
45,0,83,0,46,5,37,36,0,0
41,-1,81,0,38,-18,41,43,2,0
51,0,79,0,52,5,27,27,0,0
44,0,82,0,42,-24,38,41,2,0
38,1,76,0,38,2,37,37,0,0
56,0,95,0,44,20,40,51,12,1
43,0,89,0,44,19,46,45,0,0
49,0,106,0,46,-25,57,59,2,0
53,-1,79,0,54,19,26,24,0,0
37,0,77,0,28,18,40,48,8,0
44,-1,77,0,44,2,33,33,0,0
41,0,79,2,38,-9,38,40,2,0
56,0,76,0,-10,0,20,86,66,1
73,-13,77,-13,-40,2,4,119,114,1
40,1,78,8,38,0,38,39,2,0
37,0,80,0,12,8,43,67,24,0
41,1,76,0,38,-4,35,37,2,0
39,0,79,-5,38,0,40,40,0,0
41,0,86,-1,42,24,45,44,0,0
43,0,87,0,44,29,44,43,0,0
56,0,86,0,56,7,31,30,0,0
41,0,81,0,38,-6,40,42,2,0
37,0,103,0,34,0,66,69,4,0
38,0,81,-1,38,0,43,42,0,0
37,-3,81,0,36,-14,43,44,2,0
43,0,84,6,42,-15,41,43,2,0
46,0,102,0,46,2,57,56,0,0
56,0,77,10,-4,0,21,83,62,1
56,0,80,0,-2,-6,24,83,58,1
37,0,106,4,24,-4,68,82,14,0
37,0,77,0,12,0,40,64,24,0
82,0,86,0,-2,14,3,88,84,1
55,0,77,0,-18,-21,21,95,74,1
55,-3,81,0,-22,-7,26,105,78,1
53,1,87,0,52,-1,34,35,2,0
41,0,76,0,42,19,35,35,0,0
55,0,83,0,-30,-25,27,114,86,1
48,0,79,0,50,31,30,30,0,0
43,0,75,0,42,-10,32,34,2,0
56,0,92,6,-2,0,36,95,58,1
52,1,88,0,52,-1,35,36,0,0
53,0,87,-5,52,-9,34,35,2,0
38,3,76,0,38,11,38,37,0,0
37,0,77,0,2,-21,40,75,34,0
43,3,79,0,42,0,37,38,2,0
55,0,82,0,-40,-19,26,123,96,1
84,-28,107,0,64,-2,22,42,20,1
46,4,78,0,46,9,32,32,0,0
44,0,79,0,42,-26,35,37,2,0
37,0,82,4,34,0,45,48,2,0
37,0,79,0,24,-18,43,56,14,0
43,0,79,0,44,22,35,35,0,0
45,0,79,2,46,22,34,33,0,0
56,0,95,0,52,9,40,44,4,1
41,0,77,0,42,12,37,36,0,0
37,0,104,0,16,-8,67,88,22,0
49,3,88,0,46,0,39,41,2,0
37,0,80,-7,36,0,43,44,0,0
55,0,97,4,38,0,41,58,16,1
55,0,92,1,26,9,37,66,30,1
49,0,88,-4,50,6,40,39,0,0
49,0,106,-1,50,17,57,57,0,0
53,0,79,0,54,27,26,24,0,0
37,0,97,-7,34,16,60,64,4,0
60,0,110,-7,60,0,50,51,2,0
62,-1,111,0,62,0,50,49,0,0
56,5,95,0,50,14,40,46,6,1
43,0,90,0,44,23,47,46,0,0
37,0,98,0,28,-1,61,70,8,0
55,0,96,0,44,-14,41,52,12,1
44,0,76,2,44,10,32,32,0,0
55,0,77,0,30,-9,22,46,24,1
43,-3,83,0,42,-1,40,41,2,0
37,0,97,0,18,-18,60,79,18,0
52,-4,82,0,52,0,29,30,0,0
44,0,82,0,42,-10,38,41,2,0
55,0,92,0,28,-31,36,63,28,1
42,0,80,-4,42,0,38,39,0,0
48,0,86,2,46,0,37,39,2,0
51,0,81,0,52,21,30,30,0,0
51,0,88,0,50,-15,37,39,2,0
37,0,105,-2,30,2,68,74,6,0
37,0,78,0,16,2,41,63,22,0
50,0,81,-1,50,0,31,32,2,0
53,2,86,0,54,21,33,32,0,0
56,0,96,4,46,0,40,50,10,1
50,4,83,0,50,0,33,34,0,0
37,0,76,-1,34,11,39,42,2,0
37,0,76,-5,28,9,39,47,8,0
41,-5,77,0,38,-26,36,38,2,0
37,0,78,0,-2,-1,42,81,40,0
58,5,80,0,56,0,22,23,2,0
37,0,95,0,28,5,58,67,8,0
56,0,77,-4,24,-3,22,54,32,1
37,0,80,-3,26,0,43,54,10,0
37,-1,76,-5,30,-8,40,45,6,0
44,5,81,0,44,26,37,37,0,0
48,0,85,7,46,0,37,39,2,0
41,2,79,0,42,9,38,38,0,0
104,-2,105,-1,72,5,1,33,32,1
38,0,90,0,8,6,52,82,30,0
37,2,82,-3,34,0,45,48,4,0
50,1,83,0,50,0,32,33,2,0
49,0,79,0,50,15,30,30,0,0
85,4,88,0,6,0,3,83,80,1
52,1,81,0,52,0,29,29,0,0
37,0,78,0,18,-11,42,60,18,0
58,2,86,0,56,0,28,30,2,0
55,1,91,0,54,-3,35,37,2,0
55,0,82,0,54,0,27,28,0,0
38,0,104,0,38,0,67,66,0,0
50,-5,77,1,50,0,28,28,0,0
46,1,76,0,46,4,30,29,0,0
37,0,80,0,34,-26,43,46,2,0
45,1,76,0,44,-12,30,32,2,0
37,0,77,2,24,-1,40,54,14,0
37,0,81,0,26,-1,45,55,10,0
57,-2,88,2,56,0,31,31,0,0
37,0,81,-1,24,-7,44,57,14,0
79,0,83,0,-38,31,4,122,118,1
78,-1,82,0,-40,0,4,123,120,1
41,-2,76,-5,42,0,35,35,0,0
37,0,79,0,18,-27,43,61,18,0
54,-1,83,0,54,0,29,29,0,0
41,-1,108,0,38,-11,67,69,2,0
37,0,92,0,20,0,55,71,16,0
48,0,86,0,46,-2,38,40,2,0
41,0,84,-3,42,-3,43,43,0,0
41,0,89,2,38,-12,48,50,2,0
55,0,77,0,6,-2,22,72,50,1
55,-2,99,0,38,0,43,60,16,1
37,0,83,0,28,9,46,54,8,0
53,-1,87,0,54,1,34,33,0,0
56,0,86,0,54,-14,31,32,2,0
37,-37,106,-3,34,-6,69,72,4,1
55,-5,81,0,54,-2,25,26,2,0
55,0,77,0,-22,17,21,100,78,1
37,0,80,0,10,11,43,70,26,0
37,0,79,0,2,-17,42,76,34,0
43,0,84,0,44,16,41,41,0,0
55,0,93,0,16,6,38,78,40,1
84,4,86,0,-2,0,3,89,86,1
55,0,88,-1,54,0,34,34,0,0
37,-5,79,4,36,0,42,43,0,0
37,0,106,0,28,15,68,77,8,0
55,0,81,0,-22,-27,26,105,78,1
42,1,83,-3,42,0,41,41,0,0
41,-3,108,1,42,0,67,67,0,0
37,0,97,-7,28,0,60,69,8,0
37,0,76,0,26,-7,40,50,10,0
55,0,78,0,6,21,23,73,50,1
37,0,78,0,36,-6,41,42,2,0
37,0,76,0,24,-12,39,52,14,0
37,0,77,0,2,28,40,74,34,0
57,1,87,0,56,0,30,30,0,0
55,5,88,0,54,0,33,33,0,0
43,0,86,7,44,17,43,42,0,0
53,2,104,0,54,3,50,49,0,0
56,0,81,-1,-10,29,25,92,66,1
37,0,95,-5,26,25,58,70,12,0
41,-1,83,0,38,-11,42,44,2,0
48,0,90,8,46,-3,42,44,2,0
37,0,81,0,24,22,44,58,14,0
49,-1,81,-3,50,-4,32,32,0,0
40,-2,109,0,38,0,70,71,2,0
37,1,111,13,28,0,73,82,8,0
45,0,87,3,44,-17,42,43,2,0
56,0,82,0,54,-18,26,28,2,0
37,0,103,0,18,-1,66,85,18,0
80,3,84,0,-40,5,4,125,122,1
52,-5,88,0,52,0,36,36,0,0
55,6,77,0,-22,0,23,101,78,1
44,1,85,6,44,16,41,41,0,0
56,0,81,0,-18,31,25,99,74,1
45,-5,85,0,46,3,40,39,0,0
50,3,79,0,50,0,28,30,2,0
46,0,100,-3,46,0,54,53,0,0
37,0,79,-1,6,-18,43,74,32,0
47,-4,83,0,46,0,36,37,0,0
56,0,97,0,52,-3,41,45,4,1
39,3,85,-2,38,0,46,46,0,0
46,-1,87,-7,46,0,41,41,0,0
46,-5,75,0,46,0,29,28,0,0
49,0,80,0,46,-28,31,34,2,0
37,0,79,0,36,7,42,43,2,0
37,0,77,0,10,11,41,67,26,0
81,1,84,0,-14,-4,3,99,96,1
37,0,82,0,16,5,45,66,22,0
37,0,76,4,30,18,40,45,6,0
47,2,102,0,46,0,56,56,0,0
43,0,76,27,42,-9,33,35,2,0
37,0,76,0,28,22,40,48,8,0
82,0,87,2,-42,-30,5,131,126,1
44,0,81,0,42,-12,38,40,2,0
55,0,88,3,54,0,32,33,2,0
107,-5,108,0,70,0,1,38,36,1
49,0,78,0,50,9,29,29,0,0
37,0,77,8,28,21,41,49,8,0
53,3,82,0,52,0,29,30,2,0
37,0,79,-2,10,-10,43,69,26,0
37,0,75,0,34,19,38,41,4,0
43,0,99,0,42,-7,56,58,2,0
37,0,107,0,36,-12,69,71,2,0
46,-3,81,0,46,0,34,34,0,0
80,3,84,0,-28,-10,4,112,108,1
37,0,81,-4,26,-9,45,55,10,0
43,0,82,-2,42,0,39,41,2,0
49,0,88,-1,50,27,39,39,0,0
37,0,80,0,24,24,43,57,14,0
39,-1,82,1,38,0,43,43,0,0
56,0,76,0,-6,1,20,84,64,1
56,2,87,6,54,-19,31,33,2,0
55,0,93,0,20,6,38,73,34,1
40,0,80,2,38,0,40,41,2,0
51,2,78,0,52,14,27,26,0,0
51,0,88,-1,50,-6,37,39,2,0
39,4,81,0,38,0,42,42,0,0
47,-3,88,0,46,0,41,41,0,0
63,-4,111,0,62,0,48,49,2,0
56,0,98,0,44,7,42,54,12,1
45,0,76,7,44,0,32,32,0,0
50,5,78,0,50,0,28,29,0,0
37,0,78,0,0,5,41,78,36,0
50,0,87,2,50,0,37,38,2,0
44,0,85,0,42,-30,41,44,2,0
52,-4,88,0,52,0,35,36,0,0
37,0,81,-4,20,0,44,61,16,0
49,2,82,0,50,25,33,33,0,0
37,10,77,-3,-22,4,41,101,60,0
52,0,90,0,52,0,37,38,0,0
42,-3,77,4,42,0,35,35,0,0
37,0,75,3,24,0,38,52,14,0
37,0,97,0,28,6,60,69,8,0
37,0,104,0,26,-3,67,78,12,0
38,1,102,0,36,-16,64,66,2,0
37,0,95,2,8,-27,57,87,30,0
37,0,76,0,24,-17,39,53,14,0
44,-1,81,0,42,-25,37,39,2,0
56,1,86,0,56,13,30,29,0,0
43,1,80,0,42,0,37,39,2,0
37,-1521,77,0,20,0,40,57,16,1
46,0,83,0,46,17,37,36,0,0
52,0,86,5,52,0,33,34,0,0
42,1,106,0,42,0,64,64,0,0
37,0,76,2,30,0,39,45,6,0
43,0,90,8,42,0,46,48,2,0
41,1,81,0,38,-17,40,43,2,0
45,4,86,0,44,-2,40,42,2,0
55,0,95,4,36,-8,40,59,20,1
45,0,78,0,46,28,33,32,0,0
56,4,77,0,0,1,22,77,56,1
47,0,88,0,46,0,41,42,0,0
39,4,80,0,38,0,41,41,0,0
55,0,95,0,38,-30,40,57,16,1
46,0,86,8,46,0,40,40,0,0
39,0,79,-1,38,-2,40,40,0,0
47,3,83,-3,46,0,36,36,0,0
84,0,88,0,0,15,3,88,84,1
43,-3,81,0,42,-22,38,40,2,0
47,1,78,0,46,0,31,32,0,0
55,0,81,-3,-12,9,26,94,68,1
51,0,86,-1,50,-20,36,37,2,0
58,-4,87,0,56,0,30,30,0,0
37,0,76,-1,34,-5,38,42,4,0
55,0,83,0,-28,-4,27,111,84,1
55,0,83,0,-28,7,27,111,84,1
55,-1,78,0,8,-5,23,70,48,1
46,0,84,0,44,-20,38,40,2,0
53,0,88,1,52,-9,35,36,2,0
41,1,86,0,38,-18,45,48,2,0
37,0,86,-1,36,0,49,50,0,0
55,0,92,0,-2,0,36,94,58,1
56,0,96,0,52,9,40,44,4,1
38,3,76,0,38,19,38,37,0,0
45,0,86,-8,44,-2,40,42,2,0
80,4,84,0,-28,-13,4,112,108,1
41,0,86,0,38,-6,45,47,2,0
44,-3,79,0,44,0,36,35,0,0
55,0,98,-5,46,-19,42,51,8,1
41,0,81,0,38,-15,41,43,2,0
37,0,83,0,8,1,46,75,30,0
37,-2,77,0,0,9,40,77,36,0
38,0,92,1,16,4,54,77,22,0
56,0,79,1,12,-6,23,66,42,1
47,0,86,-3,46,0,39,39,0,0
53,-1,102,-2,54,1,49,48,0,0
56,0,77,0,-18,-8,21,95,74,1
52,5,84,0,52,0,32,33,0,0
82,0,85,0,-10,0,3,95,92,1
37,0,75,0,34,-4,37,41,4,0
49,1,88,0,46,-7,39,41,2,0
52,1,79,-2,52,0,28,28,0,0
52,2,78,0,52,0,26,26,0,0
116,4501,106,-2,30,47,-10,75,84,1
37,0,76,0,20,12,39,55,16,0
51,0,84,0,50,-26,33,35,2,0
37,0,82,0,34,-6,45,48,4,0
37,-1,82,-2,38,9,45,43,0,0
37,0,105,0,24,6,68,82,14,0
54,4,89,1,54,0,35,35,0,0
47,-4,85,4,46,0,38,39,0,0
37,0,103,-2,24,0,66,80,14,0
55,0,97,0,50,16,42,48,6,1
37,0,76,4,30,21,40,45,6,0
55,0,77,0,2,-14,22,75,52,1
37,0,76,0,20,-3,40,55,16,0
43,-5,86,-2,42,0,44,45,2,0
37,-5,80,0,38,17,43,41,0,0
56,0,76,0,-14,-7,20,92,72,1
43,-2,87,0,42,0,44,46,2,0
45,3,88,0,44,-2,42,44,2,0
41,0,86,-5,38,0,46,48,2,0
105,0,106,-1,72,1,1,33,32,1
37,0,74,0,30,7,37,43,6,0
51,0,85,0,52,7,34,33,0,0
55,0,93,0,0,-12,38,93,56,1
56,0,77,1,-4,-7,21,82,62,1
37,0,77,0,2,-3,40,75,34,0
54,-2,82,7,54,0,28,28,0,0
37,2,80,0,18,-11,43,62,20,0
77,2,82,6,-40,15,5,123,118,1
51,0,82,0,50,-17,31,33,2,0
49,2,88,0,46,-3,39,41,2,0
49,-1,82,0,50,0,33,33,0,0
44,-3,88,0,44,0,44,44,0,0
37,0,80,-1,38,13,43,41,0,0
39,1,78,4,38,0,39,39,0,0
42,0,81,-18,42,0,38,39,2,0
55,0,97,0,50,27,41,48,6,1
38,2,90,0,8,15,52,82,30,0
102,0,102,-7,70,-6,1,33,32,1
37,0,95,0,12,-9,58,82,24,0
49,2,87,0,50,22,38,38,0,0
41,2,81,0,42,11,39,39,0,0
37,0,79,0,6,-6,42,74,32,0
85,0,88,-2,6,-7,3,83,80,1
37,0,104,0,26,-4,66,78,12,0
45,-1,108,0,44,0,63,64,2,0
45,-1,81,0,44,-22,35,37,2,0
44,0,80,0,44,0,36,36,0,0
55,0,95,1,42,-1,40,54,14,1
49,0,83,-5,50,0,33,33,0,0
55,-3,98,0,38,-8,42,59,16,1
55,0,93,0,6,-3,37,88,50,1
38,0,105,2,38,0,67,66,0,0
49,0,79,0,50,17,30,30,0,0
37,0,104,8,24,0,67,80,14,0
49,0,88,0,50,16,40,39,0,0
37,0,80,0,20,15,43,59,16,0
40,0,78,0,38,0,38,39,2,0
45,0,83,0,44,6,38,39,0,0
50,0,87,-6,50,0,37,38,0,0
45,-1,83,-5,44,-8,38,39,2,0
56,1,98,0,52,10,42,46,4,1
37,0,79,0,12,-30,43,66,24,0
55,0,92,0,-2,-3,36,94,58,1
45,0,86,0,46,28,40,39,0,0
55,0,96,0,50,-5,41,47,6,1
44,0,80,0,44,12,36,36,0,0
49,5,87,0,50,1,38,38,0,0
45,-1,76,0,44,0,32,32,0,0
37,4,104,0,20,-22,66,83,16,0
37,0,104,0,20,0,67,83,16,0
45,0,88,0,44,-14,43,44,2,0
41,0,106,0,38,-3,65,67,2,0
79,0,83,0,-38,20,4,122,118,1
56,0,77,-3,24,-1,22,54,32,1
61,0,111,0,62,23,50,49,0,0
41,-1,80,0,42,12,39,39,0,0
46,0,86,0,46,14,41,40,0,0
48,-1,86,0,46,0,38,40,2,0
46,4,87,0,44,-22,41,43,2,0
41,0,88,0,38,-21,48,50,2,0
55,0,81,-4,-14,0,26,97,70,1
41,-4,81,0,38,-26,41,43,2,0
79,1,83,0,-42,0,4,127,122,1
80,0,84,0,-42,-9,4,128,124,1
43,-1,75,0,42,0,32,34,2,0
37,0,107,0,36,-2,69,71,2,0
56,0,81,3,-22,0,25,105,80,1
55,5,71,-8,0,0,16,71,56,1
55,0,97,2,50,21,41,48,6,1
56,-2,77,10,0,0,21,77,56,1
41,0,81,0,42,5,40,40,0,0
41,0,81,0,38,-19,40,43,2,0
56,3,81,0,56,1,25,24,0,0
47,1,84,0,46,0,38,38,0,0
41,0,77,0,42,11,37,36,0,0
37,0,80,0,34,8,43,46,2,0
37,1,83,7,38,31,45,44,0,0
41,0,77,0,38,-25,36,38,2,0
105,0,106,-7,72,5,1,33,32,1
37,0,90,0,26,23,52,64,12,0
37,0,79,0,24,-5,43,56,14,0
37,0,76,1,26,-13,40,50,10,0
48,-2,108,0,46,0,60,61,2,0
48,2,88,6,46,0,40,41,2,0
37,0,96,0,12,-6,59,83,24,0
44,-5,97,8,44,0,53,53,0,0
55,0,77,-1,24,-3,22,54,32,1
83,0,87,6,-4,0,4,92,88,1
37,0,77,0,18,6,41,59,18,0
42,0,81,0,42,132,39,40,0,0
43,4,77,0,42,0,34,35,2,0
45,-1,86,0,46,16,40,39,0,0
37,0,76,0,30,12,40,45,6,0
50,5,77,0,50,0,28,28,0,0
37,0,82,0,24,-10,45,59,14,0
44,3,81,0,42,-7,38,40,2,0
45,3,86,0,44,0,41,42,2,0
43,0,86,0,44,17,43,42,0,0
41,-1,78,-3,42,-5,37,37,0,0
55,-2,98,0,50,-6,42,49,6,1
56,2,99,0,46,-28,42,52,10,1
46,0,100,0,44,-17,54,56,2,0
37,0,76,-5,20,0,39,55,16,0
55,0,79,2,20,-20,24,59,34,1
78,0,83,6,-46,0,4,129,124,1
41,-5,75,0,42,14,34,34,0,0
37,0,79,0,16,2,43,64,22,0
53,0,81,-6,54,11,28,27,0,0
56,-1,79,2,56,5,23,22,0,0
55,0,93,0,6,-30,37,88,50,1
37,0,75,0,34,21,38,41,2,0
56,4,95,0,38,-2,39,57,18,1
46,5,86,0,46,11,40,39,0,0
37,0,93,0,16,11,55,77,22,0
51,0,91,0,50,-2,40,42,2,0
55,0,86,-1,54,0,31,32,0,0
57,3,92,0,56,0,35,35,0,0
56,1,98,0,44,22,42,54,12,1
55,0,77,0,-22,-6,21,100,78,1
49,5,82,0,50,7,33,33,0,0
37,0,106,2,20,-9,69,85,16,0
41,0,77,0,38,-23,36,38,2,0
46,-1,78,-3,46,-20,32,32,0,0
43,0,84,0,44,26,41,40,0,0
56,1,96,0,54,1,40,42,2,0
43,-5,81,0,44,16,38,37,0,0
49,0,82,0,50,1,33,33,0,0
37,0,95,0,24,10,58,72,14,0
48,0,83,-3,46,-5,35,37,2,0
55,0,90,-2,54,0,36,36,0,0
37,0,79,0,6,24,42,74,32,0
45,5,90,0,44,0,45,46,0,0
55,0,82,0,-20,-6,26,103,76,1
41,0,82,0,38,-22,41,43,2,0
37,-2,106,0,34,-11,68,72,4,0
83,0,87,0,-40,1,4,128,124,1
45,0,86,0,46,7,41,40,0,0
49,1,94,0,50,25,45,45,0,0
56,0,96,2,42,1,40,55,14,1
45,0,88,0,46,28,43,42,0,0
56,1,79,0,54,-9,23,24,2,0
56,0,82,1,-12,5,26,95,68,1
37,-1,76,0,38,9,38,37,0,0
37,0,80,0,28,-28,43,52,8,0
55,-1,95,0,56,31,40,39,0,0
45,3,78,0,44,0,33,34,2,0
37,0,86,0,36,-14,48,50,2,0
53,4,77,0,-22,0,25,101,76,1
37,0,80,0,38,7,43,41,0,0
55,0,77,2,28,0,22,49,26,1
55,0,97,0,46,-2,41,50,8,1
45,0,83,0,44,-13,38,39,2,0
37,0,107,0,38,26,69,68,0,0
55,0,77,0,-10,17,21,87,66,1
41,0,81,1,42,3,39,39,0,0
80,0,84,-2,-20,0,4,105,100,1
41,0,77,-1,38,-2,36,38,2,0
43,-5,76,1,42,-19,33,35,2,0
51,0,80,0,52,8,29,28,0,0
55,-4,96,-1,54,-4,41,42,2,0
86,5,89,0,6,28,3,84,80,1
53,1,88,0,54,20,35,34,0,0
45,0,77,0,44,-22,32,34,2,0
49,2,79,2,50,7,30,30,0,0
44,5,77,0,44,3,33,33,0,0
56,0,77,0,-14,4,21,92,72,1
54,-1,83,0,54,0,28,28,0,0
55,0,82,-5,-32,-17,26,115,90,1
37,0,76,0,34,13,39,43,4,0
43,0,80,0,44,19,37,36,0,0
37,0,79,0,30,20,42,48,6,0
52,-4,79,0,52,0,26,27,0,0
45,4,82,2,44,0,37,38,0,0
48,5,81,2,46,0,33,34,2,0
37,0,97,-5,30,0,60,66,6,0
41,0,86,0,38,-8,45,47,2,0
56,0,78,0,6,-4,22,73,50,1
41,0,79,0,38,-24,38,40,2,0
55,0,81,0,-4,30,25,86,60,1
51,-3,81,0,50,-12,30,32,2,0
45,-1,79,0,46,5,33,32,0,0
37,0,80,0,8,-3,43,72,30,0
41,0,83,0,42,3,42,42,0,0
44,0,83,4,44,1,40,39,0,0
44,-3,76,0,44,6,32,32,0,0
56,0,81,0,-14,13,25,97,72,1
55,0,79,0,24,23,24,56,32,1
37,0,106,0,26,7,68,80,12,0
45,-1,76,-3,44,-5,31,32,2,0
45,0,88,-1,44,0,43,44,2,0
49,-1,77,0,50,5,28,28,0,0
41,5,78,0,42,23,37,37,0,0
55,0,76,0,-14,-9,21,92,70,1
56,0,95,0,50,22,40,46,6,1
37,0,76,0,26,21,40,50,10,0
44,5,81,0,42,-19,37,39,2,0
56,1,83,0,56,6,27,26,0,0
41,0,85,-4,38,0,44,46,2,0
57,1,86,-4,56,0,30,30,0,0
50,0,87,-3,50,-4,37,38,0,0
41,4,76,0,38,-16,35,37,2,0
44,4,79,0,44,15,35,35,0,0
82,4,86,0,-22,0,4,109,106,1
45,-3,78,0,44,0,33,34,2,0
44,5,76,0,44,16,32,32,0,0
37,0,78,0,6,8,42,73,32,0
45,0,82,-30,44,0,37,38,0,0
38,0,77,0,38,14,40,39,0,0
37,0,97,0,12,2,59,84,24,0
37,0,95,0,8,-11,58,87,30,0
45,0,83,0,44,0,39,39,0,0
43,0,86,0,44,23,42,42,0,0
53,1,88,0,52,-9,35,36,2,0
53,-2,80,0,54,0,27,26,0,0
37,0,90,0,36,8,53,54,2,0
37,0,79,0,18,-5,42,61,18,0
45,0,88,0,46,3,42,41,0,0
49,-4,80,0,50,2,31,31,0,0
55,0,82,0,-42,-18,26,126,100,1
80,-2,84,0,-42,0,5,128,124,1
37,0,107,0,28,-7,69,78,8,0
46,5,83,0,46,12,37,36,0,0
56,0,81,0,54,-26,25,27,2,0
55,0,83,0,56,28,28,26,0,0
44,0,77,0,44,0,33,34,0,0
39,-1,77,8,38,0,38,39,0,0
51,0,77,0,50,-26,26,28,2,0
52,0,78,-3,52,0,26,26,0,0
82,0,86,6,-12,0,4,99,94,1
45,0,82,0,46,25,37,35,0,0
55,0,77,-1,16,-3,22,62,40,1
55,0,95,-2,44,9,40,51,12,1
37,-1,104,0,24,11,67,80,14,0
45,0,83,0,44,-17,38,39,2,0
45,-1,79,0,44,-20,33,35,2,0
37,0,77,0,6,-29,40,72,32,0
56,0,97,0,46,4,41,51,10,1
47,0,77,0,46,0,30,30,0,0
53,0,81,0,54,6,28,27,0,0
56,0,81,0,54,-22,25,27,2,0
103,-2,104,0,70,0,1,35,34,1
37,0,75,0,36,16,37,39,2,0
46,0,76,0,46,14,30,29,0,0
37,0,76,0,28,28,39,48,8,0
41,0,82,-5,38,-4,41,43,2,0
56,0,79,2,-22,0,23,102,80,1
55,0,79,-1,20,-3,24,59,34,1
55,1,77,0,44,3,22,34,12,1
76,-5,81,0,-40,0,5,122,118,1
56,0,95,0,44,11,40,51,12,1
68,0,111,-6,68,0,44,44,0,0
37,0,83,0,28,7,46,54,8,0
45,0,86,-6,44,-9,40,42,2,0
49,0,77,3,46,-22,28,30,2,0
53,0,87,0,52,-9,34,35,2,0
44,-1,79,-5,44,4,36,35,0,0
41,0,86,0,42,18,46,45,0,0
37,-28,77,0,20,0,40,56,16,0
44,-41,88,0,44,0,44,44,0,0
45,0,86,0,46,16,41,40,0,0
44,0,77,5,44,14,34,34,0,0
50,0,111,6,50,0,60,62,2,0
49,0,81,0,46,-23,33,35,2,0
37,0,90,0,36,-9,52,53,2,0
53,0,86,0,52,-28,33,34,2,0
57,4,86,0,56,0,29,30,0,0
43,-4,86,0,42,0,44,45,2,0
43,-2,81,0,42,0,38,39,2,0
41,-2,86,0,42,11,45,44,0,0
41,0,76,0,38,-9,35,37,2,0
45,0,84,3,44,0,39,40,2,0
41,0,87,2,38,-14,46,48,2,0
37,0,94,2,12,12,57,81,24,0
37,0,79,0,34,-3,41,45,4,0
43,1,102,0,42,-6,59,61,2,0
37,-2,75,-1,20,0,38,54,16,0
53,2,82,0,52,-10,29,30,2,0
43,0,81,3,42,-6,38,40,2,0
37,0,77,0,24,-30,41,54,14,0
47,-5,90,0,46,0,43,43,0,0
52,3,84,0,52,0,32,32,0,0
37,-2,79,0,24,0,42,55,14,0
52,-4,102,0,52,0,50,50,0,0
46,1,86,0,46,0,41,40,0,0
55,0,97,0,50,29,41,48,6,1
53,0,86,3,54,14,33,32,0,0
46,1,107,-6,46,4,61,60,0,0
56,0,92,0,46,-1,36,46,10,1
41,4,83,0,42,5,41,41,0,0
44,1,78,0,42,-17,34,37,2,0
55,-5,78,0,16,-1,23,63,40,1
44,3,86,-3,44,0,42,42,0,0
56,0,77,0,-20,-16,21,97,76,1
55,0,76,0,-12,0,21,89,68,1
44,0,79,0,42,-28,36,38,2,0
41,-2,86,0,38,-16,46,48,2,0
56,0,97,4,52,0,41,45,4,1
37,0,82,5,-4,0,45,87,42,0
37,-4,107,0,36,0,70,71,0,0
49,0,90,0,50,20,42,41,0,0
53,-2,81,0,54,0,28,27,0,0
51,0,82,0,50,-11,31,33,2,0
44,0,85,0,44,14,41,41,0,0
81,0,84,-1,-14,0,3,99,96,1
37,0,83,0,2,4,46,81,34,0
104,-3,105,0,72,2,1,33,32,1
56,0,98,0,52,18,42,46,4,1
37,0,77,5,24,-8,40,54,14,0
38,3,77,0,38,1,39,38,0,0
55,0,78,0,2,9,23,75,52,1
45,0,100,0,44,0,55,56,0,0
37,0,79,0,36,4,41,43,2,0
49,4,86,0,50,8,37,37,0,0
37,0,95,0,28,0,58,67,8,0
37,0,82,8,-2,4,45,85,40,0
56,0,97,-6,50,-13,41,48,6,1
37,0,76,0,34,8,39,43,4,0
37,0,76,0,30,17,40,45,6,0
55,0,77,0,36,0,22,41,20,1
55,0,77,0,-24,20,21,103,82,1
37,0,76,0,16,-10,39,61,22,0
56,0,79,3,56,16,23,22,0,0
44,0,96,8,44,0,52,52,0,0
50,-1,79,8,50,0,29,30,0,0
55,0,86,0,56,25,31,30,0,0
37,-2,76,-9,36,-14,39,40,0,0
51,0,86,-7,50,-5,36,37,2,0
51,5,78,-2,52,14,27,26,0,0
37,0,77,1,34,-6,40,43,2,0
37,-2,81,0,36,-29,43,44,2,0
38,2,79,0,38,7,41,40,0,0
51,0,77,0,50,-12,26,28,2,0
41,1,97,0,38,-16,56,59,2,0
37,0,79,0,0,1,42,79,36,0
37,0,107,8,30,0,70,76,6,0
43,0,84,6,42,-4,41,43,2,0
37,0,77,0,18,-13,40,59,18,0
49,0,107,3,46,-14,58,60,2,0
37,0,76,-7,24,8,39,52,14,0
37,0,79,0,20,11,42,58,16,0
37,0,83,2,-2,0,46,85,40,0
84,0,88,-2,0,24,3,88,84,1
107,0,108,-7,70,-24,1,38,36,1
56,0,76,0,-10,-4,20,86,66,1
56,0,81,0,56,3,24,24,0,0
85,0,88,6,2,0,3,86,82,1
37,3,82,-3,34,0,45,48,4,0
59,0,86,0,60,16,28,27,0,0
43,-4,81,0,42,0,38,40,2,0
55,0,96,4,54,0,41,42,2,0
53,-1,91,0,54,0,38,37,0,0
83,-1,86,0,-4,-8,4,92,88,1
47,5,86,0,46,0,39,40,0,0
55,2,81,0,54,0,27,27,0,0
37,0,99,0,28,-2,61,70,8,0
49,0,78,0,50,6,29,29,0,0
49,3,88,0,50,27,40,39,0,0
37,0,106,0,24,14,69,82,14,0
41,0,80,-1,42,1,39,39,0,0
37,0,97,-3,34,8,60,64,4,0
50,0,91,0,50,0,41,42,0,0
37,0,93,0,12,-12,55,80,24,0
46,0,81,0,46,8,35,34,0,0
45,0,81,0,46,11,36,35,0,0
56,0,81,0,-4,20,25,86,62,1
37,0,80,0,30,-5,43,49,6,0
45,0,76,0,44,-16,31,32,2,0
41,0,108,-4,42,18,66,66,0,0
51,0,84,1,52,0,33,33,0,0
37,0,97,-3,18,-3,60,79,18,0
37,0,84,0,24,-2,47,61,14,0
41,0,82,-4,38,0,41,43,2,0
45,-1,77,0,44,-10,31,33,2,0
52,2,85,-1,52,0,33,33,0,0
37,0,79,0,26,6,43,54,10,0
56,0,97,0,42,0,41,55,14,1
49,2,86,0,50,14,38,37,0,0
55,-1,98,0,42,29,42,57,14,1
48,-5,77,0,46,-4,29,31,2,0
41,-5,76,0,42,10,35,35,0,0
48,1,76,0,46,0,28,30,2,0
41,2,76,0,42,10,34,34,0,0
56,0,97,0,52,26,41,45,4,1
53,0,84,0,54,9,32,30,0,0
55,0,96,0,42,-17,41,55,14,1
78,1,83,1,-40,10,4,124,120,1
38,1,102,0,38,0,64,63,0,0
38,-2,76,-3,38,0,38,37,0,0
52,4,83,0,52,0,30,31,0,0
39,3,93,-4,38,0,54,55,0,0
55,-1,77,-3,16,-8,22,62,40,1
48,0,88,0,46,-5,39,41,2,0
37,0,90,0,34,-24,53,57,4,0
54,5,81,0,54,0,27,27,0,0
56,0,77,0,44,-24,22,34,12,1
67,1,112,0,68,1,45,45,0,0
43,0,108,0,42,-8,65,67,2,0
41,-1,78,0,42,11,37,37,0,0
56,0,92,0,52,13,36,40,4,1
55,0,77,0,-30,-13,22,108,86,1
42,0,89,-6,42,0,47,48,2,0
38,0,92,0,20,-6,54,71,18,0
55,0,92,0,30,-6,37,61,24,1
37,0,81,0,36,-20,43,44,2,0
41,0,79,0,38,-3,38,40,2,0
37,0,76,1,28,-8,40,48,8,0
55,0,79,0,20,-25,23,58,34,1
37,0,78,-2,34,-3,41,45,4,0
40,4,85,0,38,0,45,46,2,0
49,3,77,0,46,-6,28,30,2,0
53,-4,81,0,54,6,28,27,0,0
53,-4,78,0,54,8,25,24,0,0
48,0,83,2,46,0,35,36,2,0
102,0,103,1,72,26,1,31,30,1
52,4,102,0,52,0,50,51,0,0
37,5,79,5,24,0,42,56,14,0
37,0,104,0,18,-25,67,86,20,0
39,2,79,0,38,0,40,40,0,0
37,0,79,-1,10,0,42,69,26,0
37,0,77,0,38,27,40,39,0,0
37,0,93,0,12,0,55,80,24,0
51,-2,82,0,52,0,31,30,0,0
37,3,77,0,34,-13,39,43,4,0
41,0,84,6,42,30,43,43,0,0
41,0,85,0,42,21,44,44,0,0
46,-4,84,0,46,0,38,38,0,0
55,0,96,-1,50,-9,41,47,6,1
76,-3,81,-2,-40,30,5,123,118,1
44,0,80,0,44,3,36,36,0,0
44,0,79,0,44,17,36,35,0,0
37,0,81,7,12,0,45,68,24,0
55,-2,98,0,52,1,42,46,4,1
37,0,103,0,20,3,66,82,16,0
53,4,87,0,52,-1,34,35,2,0
55,0,80,0,54,-1,25,26,2,0
45,0,86,-1,44,-7,41,42,2,0
44,0,87,0,44,3,43,43,0,0
55,0,95,5,36,-5,40,59,20,1
45,1,86,0,46,28,41,40,0,0
82,3,86,0,-22,0,4,109,106,1
42,5,76,0,42,2,34,34,0,0
37,0,97,0,12,10,59,84,24,0
55,-1,80,-2,20,-5,25,59,34,1
50,-3,87,4,50,0,37,38,0,0
55,2,85,0,54,0,31,31,0,0
39,-1,106,0,38,0,67,67,0,0
47,3,95,3,46,0,48,49,0,0
37,0,77,0,-4,6,41,83,42,0
56,0,77,0,20,-6,22,57,36,1
37,0,76,-4,34,0,40,43,2,0
45,0,80,8,44,0,35,36,2,0
56,0,96,0,56,12,40,39,0,0
37,0,80,0,30,14,43,49,6,0
37,2,82,-2,34,0,45,48,4,0
104,0,106,0,72,9,1,33,32,1
45,-4,85,0,46,8,40,39,0,0
58,-3,85,0,56,0,28,28,0,0
37,0,77,-2,30,12,40,46,6,0
55,0,77,-1,28,3,21,48,28,1
40,0,80,0,42,25,40,39,0,0
55,0,95,0,54,24,40,41,2,0
37,0,80,0,30,13,43,49,6,0
74,5,78,6,-42,-1,4,122,118,1
58,2,97,0,56,0,39,40,0,0
55,-1,91,0,54,-7,35,37,2,0
55,0,96,-2,42,-4,41,55,14,1
37,1,75,-2,20,0,38,54,16,0
53,0,77,0,54,5,23,23,0,0
51,-1,90,0,50,-13,39,41,2,0
41,0,77,0,38,-3,37,39,2,0
41,0,86,0,42,3,45,44,0,0
55,0,95,0,46,12,40,49,8,1
45,-2,107,0,44,-18,62,63,2,0
37,0,78,0,12,30,41,65,24,0
56,0,81,0,-20,-9,25,102,76,1
50,-5,86,1,50,0,37,37,0,0
37,0,79,0,34,10,42,46,4,0
53,0,86,0,52,-5,33,34,2,0
82,0,86,0,-40,2,5,128,124,1
56,-3,98,0,52,0,42,46,4,1
46,0,76,0,44,-24,30,32,2,0
56,-1,81,0,54,-27,25,27,2,0
41,0,80,-1,38,0,39,41,2,0
37,0,76,-1,24,1,39,52,14,0
46,2,88,8,46,6,42,41,0,0
38,0,92,0,16,1,54,77,22,0
37,4,76,0,34,-29,39,42,4,0
108,-1,109,0,70,-28,1,39,38,1
37,0,75,0,34,6,38,41,4,0
48,0,88,-2,46,0,40,42,2,0
55,0,95,0,50,4,40,46,6,1
51,-1,77,0,52,22,26,25,0,0
55,0,83,0,-30,-9,27,114,86,1
39,-2,76,1,38,0,38,37,0,0
37,0,77,0,16,18,40,61,22,0
51,0,83,0,50,-17,32,34,2,0
49,0,77,4,46,-10,28,30,2,0
37,0,77,0,6,6,40,72,32,0
45,0,81,0,46,28,36,35,0,0
48,5,81,0,46,0,32,34,2,0
53,0,86,0,52,-2,33,35,2,0
44,5,79,0,44,0,35,35,0,0
55,0,83,0,54,0,27,28,2,0
45,0,77,0,46,10,31,30,0,0
45,-5,83,0,46,21,38,37,0,0
55,0,96,0,54,27,41,42,2,0
48,45,77,0,-22,0,29,101,72,1
37,1,90,0,20,7,53,70,16,0
51,0,81,0,52,22,30,29,0,0
56,1,97,0,54,30,40,42,2,0
44,0,76,-1,44,0,32,32,0,0
55,0,86,-4,54,0,31,32,2,0
49,0,78,-7,46,-20,29,32,2,0
56,0,79,6,0,5,23,79,56,1
56,0,86,0,54,-29,30,32,2,0
41,1,77,0,42,5,36,35,0,0
40,0,81,5,38,0,41,43,2,0
55,0,77,0,24,-3,21,54,32,1
43,4,77,0,42,0,34,36,2,0
42,0,86,0,42,0,44,45,0,0
51,0,80,0,52,23,29,28,0,0
37,0,95,0,20,17,57,74,16,0
55,0,97,-5,46,0,41,50,8,1
56,0,78,0,44,27,22,34,12,1
107,4,108,1,72,5,1,36,34,1
55,0,95,0,54,-1,40,41,2,0
37,0,96,0,34,1,59,62,4,0
55,0,79,0,20,-10,24,59,34,1
45,0,79,0,46,10,33,32,0,0
41,4,79,0,42,11,38,37,0,0
37,0,103,0,24,-23,66,80,14,0
43,-3,81,0,42,-2,38,40,2,0
37,0,77,0,-14,6,40,92,52,0
55,0,78,0,16,-26,23,63,40,1
56,5,97,0,54,24,40,42,2,0
49,-3,79,0,50,0,30,30,0,0
41,0,84,-1,42,-2,43,43,0,0
48,-1,79,0,46,0,31,32,2,0
46,0,83,-1,46,5,37,36,0,0
55,0,78,0,44,-10,23,34,12,1
37,0,77,0,18,-2,40,59,18,0
48,0,88,7,46,0,39,41,2,0
42,-5,79,0,42,0,37,38,2,0
53,-5,88,0,52,-30,34,36,2,0
37,0,80,0,28,21,43,52,8,0
37,0,81,0,28,-17,45,53,8,0
51,-1,78,0,52,5,27,26,0,0
79,0,83,0,-30,0,4,114,110,1
37,0,79,0,10,26,42,68,26,0
37,-1,76,-2,-2,0,39,79,40,0
49,2,81,0,50,0,31,32,0,0
37,0,79,0,36,28,41,43,2,0
44,1,86,1,42,-22,42,44,2,0
45,0,76,-1,44,-3,31,32,2,0
46,2,79,0,46,3,34,33,0,0
51,0,86,-2,50,-2,36,37,2,0
37,0,77,0,28,69,40,48,8,0
37,-2,82,4,-4,0,45,87,42,0
37,0,76,0,30,-9,39,45,6,0
38,0,92,0,18,25,54,74,20,0
37,4,77,-1,-22,2,41,101,60,0
40,0,81,-4,38,0,41,42,2,0
41,1,88,0,42,0,47,47,0,0
