52,-69,88,0,8,6,36,81,44,1
55,0,95,0,46,-4,40,49,8,1
79,0,84,1,-42,-1,4,128,124,1
79,4,83,0,-42,0,4,126,122,1
81,0,86,0,-40,4,4,127,122,1
56,0,95,-3,46,0,40,49,10,1
56,0,77,1,-2,22,21,79,58,1
103,5,104,2,70,-27,1,35,34,1
55,-3,77,-7,0,0,22,77,56,1
55,0,95,-4,44,0,40,51,12,1
55,0,77,-1,-4,74,21,82,60,1
43,0,76,0,44,22,33,32,0,0
42,0,84,-6,42,0,41,43,2,0
55,0,79,0,10,-15,23,68,46,1
55,0,96,0,54,3,41,42,0,0
49,0,95,-5,50,10,46,46,0,0
81,0,84,0,-18,31,4,103,98,1
42,-2,84,-7,42,0,42,43,0,0
46,5,89,0,46,8,43,42,0,0
41,-2,77,0,38,-11,37,39,2,0
46,5,83,0,46,0,37,37,0,0
37,0,76,0,20,19,40,55,16,0
58,1,84,0,56,0,27,28,0,0
55,0,97,0,50,17,42,48,6,1
49,0,81,0,46,-7,33,35,2,0
56,4,97,0,44,1,41,53,12,1
42,0,86,2,42,0,43,44,2,0
104,4,105,0,72,5,1,33,32,1
41,0,86,1,42,10,45,45,0,0
45,0,88,-2,44,-3,44,44,0,0
79,0,83,-3,-38,0,4,122,118,1
37,3,75,0,26,-1,38,49,12,0
41,0,78,4,42,23,37,37,0,0
56,0,96,0,54,0,40,42,2,0
37,0,79,2,8,0,42,71,30,0
56,5,95,0,42,0,39,54,14,1
55,-1,98,0,50,-21,42,49,6,1
37,0,76,0,28,-14,39,48,8,0
55,0,98,0,52,30,42,46,4,1
37,0,75,-2,20,-6,38,54,16,0
38,0,96,0,36,-28,58,60,2,0
53,0,80,0,52,0,27,28,2,0
37,0,92,3,10,0,54,81,28,0
45,0,76,0,44,-12,30,32,2,0
41,0,83,0,42,23,42,41,0,0
45,0,79,-1,44,-6,33,35,2,0
46,0,90,-2,46,0,43,43,0,0
51,0,87,0,50,-13,36,38,2,0
44,-2,86,0,44,0,43,42,0,0
45,-2,79,0,44,-24,33,35,2,0
55,0,95,0,52,11,40,44,4,1
44,-2,81,6,44,1,38,37,0,0
46,0,79,0,46,17,34,33,0,0
45,-1,79,0,46,11,33,32,0,0
27,-63,78,0,42,8,51,37,-14,0
39,2,93,0,36,21,54,57,2,0
41,0,83,2,42,29,42,41,0,0
37,0,104,0,18,-11,67,86,18,0
41,1,83,0,42,10,41,41,0,0
56,5,97,5,38,0,40,58,18,1
62,0,109,0,62,0,47,47,0,0
41,0,79,1,42,3,38,38,0,0
76,0,81,-2,-40,16,5,122,118,1
37,0,94,0,34,29,57,61,4,0
37,0,76,0,24,7,40,53,14,0
57,5,82,1,56,0,25,25,0,0
46,1,86,0,46,13,41,40,0,0
56,0,78,1,10,16,22,68,46,1
56,3,81,0,54,-1,25,27,2,0
48,-3,88,0,46,-4,39,41,2,0
37,-4,102,-1,34,0,65,69,4,0
44,0,84,0,44,11,41,41,0,0
55,-1,79,0,54,-1,23,24,2,0
43,-1,77,0,42,-11,34,36,2,0
43,0,79,-6,44,29,35,35,0,0
37,0,76,2,20,-7,39,55,16,0
43,0,87,5,42,-5,44,46,2,0
41,-3,89,1,42,0,48,48,0,0
45,-1,77,0,44,-16,32,34,2,0
46,0,85,0,44,-20,39,41,2,0
79,0,83,0,-30,18,4,114,110,1
43,-1,77,0,42,-8,34,36,2,0
37,0,76,0,34,-29,40,43,2,0
37,0,75,0,26,9,38,49,12,0
55,0,77,0,36,-21,22,41,20,1
104,1,105,1,70,0,1,35,34,1
37,0,81,0,38,26,43,42,0,0
103,0,104,-7,70,0,1,34,34,1
49,0,80,0,46,-14,31,34,2,0
37,0,97,5,34,0,60,64,4,0
38,3,77,0,36,-21,40,41,2,0
101,0,102,0,72,19,1,30,28,1
37,0,92,0,12,0,55,79,24,0
40,0,78,0,38,-6,38,39,2,0
46,0,86,3,44,-24,41,42,2,0
37,-1,79,0,28,0,42,50,8,0
43,-1,79,0,44,7,35,35,0,0
37,-1,81,4,-2,0,44,83,40,0
37,0,76,-3,34,-8,40,43,2,0
56,-1,96,-1,52,0,40,44,4,1
105,-5,107,0,72,0,1,35,34,1
46,0,102,0,46,3,57,56,0,0
49,5,81,0,50,14,32,32,0,0
37,1,77,0,-22,13,40,101,60,0
37,0,77,0,-4,24,41,83,42,0
53,0,83,6,54,8,30,29,0,0
49,2,81,0,50,16,33,32,0,0
47,-1,82,-5,46,-8,34,35,0,0
56,-3,92,0,54,0,36,38,2,0
51,1,83,0,50,-3,32,33,2,0
56,0,77,0,-4,2,21,82,62,1
45,0,86,1,44,-2,41,42,2,0
45,0,89,1,46,16,44,42,0,0
42,-2,77,0,42,0,36,36,0,0
53,2,81,0,52,-15,28,29,2,0
51,3,84,0,52,19,33,33,0,0
55,0,92,0,-6,-24,36,99,64,1
50,-2,86,-3,50,0,35,37,2,0
37,4,77,4,36,0,40,41,0,0
37,0,76,0,28,-5,39,48,8,0
102,1,103,0,70,-5,1,33,32,1
37,0,79,0,26,-26,42,53,12,0
37,0,96,0,12,-3,59,83,24,0
37,0,104,0,28,14,67,76,8,0
42,-4,80,0,42,0,38,39,2,0
46,0,81,4,46,2,35,35,0,0
81,0,84,0,-14,21,3,100,96,1
41,0,81,1,38,-3,40,42,2,0
37,0,83,0,34,-22,46,49,2,0
104,-9,107,-1,70,0,3,37,34,1
56,0,90,0,54,-18,34,35,2,0
46,-1,83,-2,46,-4,37,37,0,0
37,0,76,0,16,11,39,61,22,0
37,0,76,6,18,0,40,58,18,0
41,0,79,-3,38,-12,39,41,2,0
39,-5,79,0,38,0,39,40,0,0
45,0,79,4,44,0,34,35,2,0
104,3,105,0,72,2,1,33,32,1
63,0,112,4,62,0,49,50,0,0
37,0,74,0,28,26,38,46,8,0
58,2,91,0,56,0,32,34,2,0
56,0,78,-2,26,3,22,52,30,1
46,0,76,-1,46,0,29,29,0,0
48,0,81,5,46,0,32,34,2,0
79,0,84,0,-10,32,4,94,90,1
37,0,78,0,20,-6,41,57,16,0
42,0,81,0,42,677,39,40,0,0
37,0,78,0,12,8,42,65,24,0
43,0,87,5,42,0,44,46,2,0
37,0,106,0,28,-24,69,78,8,0
45,0,118,1751,310,15164,73,-191,-264,0
51,0,84,0,52,24,33,32,0,0
45,-2,87,0,46,20,42,41,0,0
37,0,77,3,36,2,41,41,0,0
51,1,80,0,52,9,29,28,0,0
81,-1,84,0,-14,6,4,100,96,1
53,0,87,-3,52,-6,34,35,2,0
38,0,93,6,28,10,55,64,10,0
44,0,79,-7,42,-10,36,38,2,0
37,0,78,0,24,17,41,55,14,0
56,-4,87,1,56,0,31,30,0,0
56,2,98,0,46,5,42,51,10,1
41,0,86,1,38,-24,46,48,2,0
37,0,81,-3,34,0,43,47,4,0
37,0,77,1,38,24,39,38,0,0
62,0,109,0,62,6,48,47,0,0
56,1,96,1,46,0,40,50,10,1
55,-3,80,0,-4,0,25,85,60,1
37,0,76,0,20,-2,39,55,16,0
49,0,86,0,46,-15,37,39,2,0
105,-2,106,-3,72,1,1,33,32,1
56,0,81,0,-6,-25,25,89,64,1
37,0,86,3,36,0,50,50,0,0
44,1,86,1,44,11,42,42,0,0
41,0,87,3,38,-6,46,48,2,0
49,-1,86,0,46,-22,37,39,2,0
41,0,77,0,42,20,36,36,0,0
51,0,81,0,52,7,29,29,0,0
46,5,84,0,46,0,38,37,0,0
56,-3,107,0,56,3,51,50,0,0
46,-3,79,1,46,0,34,33,0,0
37,0,76,-6,24,11,39,52,14,0
45,-5,83,0,44,-21,37,39,2,0
45,0,78,0,46,25,33,32,0,0
47,3,106,0,46,0,60,60,0,0
37,0,77,-1,36,18,40,41,0,0
57,0,79,3,56,0,22,23,0,0
42,0,79,-4,42,0,37,38,2,0
104,0,105,0,72,1,1,33,32,1
56,0,77,0,16,-5,22,62,40,1
55,-2,86,0,56,25,31,30,0,0
37,0,76,0,26,4,39,50,12,0
42,-1,81,0,42,0,39,39,0,0
81,1,84,0,-20,0,4,105,102,1
55,0,82,0,-36,-5,26,118,92,1
37,0,80,-3,36,0,43,44,0,0
45,0,82,-4,44,0,37,38,0,0
53,-4,83,0,52,-20,30,32,2,0
44,0,75,0,44,14,31,31,0,0
41,0,83,-1,42,17,41,41,0,0
37,0,83,0,34,6,46,49,2,0
53,0,82,0,54,8,29,28,0,0
107,1,108,0,70,0,1,38,36,1
37,0,79,1,2,-2,43,77,34,0
105,5,106,5,72,6,1,34,32,1
37,0,81,0,10,-2,45,71,26,0
56,0,86,3,56,2,31,30,0,0
37,-1,76,0,38,21,38,37,0,0
41,0,97,0,38,-9,57,59,2,0
46,3,87,8,46,0,41,41,0,0
81,0,84,0,-18,-12,3,103,100,1
56,0,97,-1,50,-11,41,48,6,1
44,0,79,0,44,18,35,35,0,0
38,0,76,0,38,-1,37,37,0,0
37,0,97,2,10,0,59,86,28,0
39,1,83,2,38,0,44,44,0,0
37,0,77,3,36,-8,39,41,2,0
104,0,106,0,70,0,1,36,34,1
53,4,88,0,52,0,35,36,2,0
55,-1,81,-3,54,-5,26,27,0,0
55,0,93,0,44,-13,37,49,12,1
55,0,97,0,50,31,41,48,6,1
81,-3,86,0,-22,0,4,109,104,1
41,1,88,0,38,-30,47,50,2,0
37,0,76,0,28,9,40,48,8,0
49,1,84,0,46,-7,35,37,2,0
53,0,83,0,52,-6,30,32,2,0
79,-1,84,0,-32,0,4,117,112,1
55,0,77,0,-20,18,21,97,76,1
45,0,84,-6,44,0,39,40,0,0
37,0,81,0,30,0,45,50,6,0
44,1,86,0,42,-11,42,44,2,0
53,-1,77,0,54,6,25,23,0,0
42,-4,81,-1,42,0,40,40,0,0
55,0,78,2,26,0,23,52,30,1
39,5,85,0,38,0,46,46,0,0
49,4,82,0,50,1,33,33,0,0
55,0,78,0,0,-20,23,78,56,1
49,0,102,0,50,6,53,53,0,0
53,0,77,0,52,-9,25,26,2,0
56,0,78,0,10,-14,22,68,46,1
49,0,107,0,46,-4,58,60,2,0
43,0,83,3,42,-10,40,42,2,0
52,-2,87,0,52,0,35,35,0,0
43,0,76,0,44,31,33,32,0,0
45,0,76,0,46,15,31,30,0,0
53,0,81,0,54,28,28,27,0,0
37,0,103,0,18,-13,66,85,20,0
43,0,79,-6,42,0,35,37,2,0
49,4,82,0,46,-7,33,35,2,0
42,5,83,0,42,0,42,42,0,0
43,-2,86,0,42,-12,42,44,2,0
41,0,77,0,42,31,37,36,0,0
55,0,96,0,42,-30,41,55,14,1
45,0,87,0,44,-20,42,43,2,0
81,0,84,0,-18,19,4,103,98,1
44,4,86,5,44,0,42,42,0,0
51,0,80,0,50,-1,29,31,2,0
50,-4,89,0,50,0,39,40,0,0
37,0,80,0,26,11,43,54,10,0
49,0,110,-3,50,29,61,61,0,0
75,3,79,3,-42,0,4,123,120,1
52,5,81,0,52,0,29,30,0,0
37,0,106,0,24,-20,68,82,14,0
37,0,77,0,26,15,40,51,10,0
48,2,80,0,46,0,32,34,2,0
49,3,80,0,50,2,31,31,0,0
43,0,84,-1,42,0,42,43,2,0
56,0,79,0,56,1,23,22,0,0
40,0,87,-1,38,-2,47,48,2,0
55,-3,98,1,46,0,42,51,8,1
37,0,94,0,34,15,57,61,4,0
49,3,81,0,50,1,32,32,0,0
37,0,81,0,28,20,44,52,8,0
49,1,85,0,50,0,36,36,0,0
37,0,76,6,34,0,39,43,4,0
84,-2,88,0,6,0,4,83,80,1
37,0,75,-3,36,0,38,39,0,0
49,5,77,0,50,7,28,28,0,0
47,4,78,-1,46,0,31,32,0,0
41,0,76,0,42,4,35,35,0,0
49,0,106,-5,46,-10,58,60,2,0
55,0,93,0,8,26,37,85,48,1
51,0,80,0,50,-5,29,31,2,0
45,0,81,5,44,0,36,37,2,0
49,0,95,5,50,12,47,46,0,0
55,0,92,0,30,0,36,61,24,1
53,0,86,0,52,-23,32,34,2,0
37,0,79,0,24,4,42,55,14,0
40,0,102,0,38,0,62,63,2,0
37,-23,106,-2,34,-3,69,72,4,0
37,0,77,0,-22,-1,41,101,60,0
37,0,74,0,28,22,38,46,8,0
47,0,88,8,46,0,40,41,0,0
37,0,76,-7,28,-5,39,47,8,0
55,-3,92,0,54,-3,37,38,2,0
63,-1,111,0,62,0,48,49,0,0
37,1,80,0,8,9,43,72,30,0
47,3,85,-1,46,0,38,39,0,0
102,0,103,0,70,-19,1,33,32,1
37,-1,106,258,34,-9,69,72,4,0
55,-5,91,0,56,24,35,34,0,0
49,3,79,1,46,-12,30,32,2,0
45,-2,86,0,44,-11,41,42,2,0
42,2,77,0,42,0,34,35,2,0
55,0,77,0,18,381,21,59,38,1
48,1,83,8,46,0,35,36,2,0
52,0,80,0,52,-3,27,28,0,0
37,0,76,6,34,0,39,42,2,0
56,0,97,0,44,-23,41,53,12,1
55,-3,108,0,54,-5,52,53,2,0
37,0,76,13,24,0,39,53,14,0
37,0,77,0,36,17,40,41,0,0
46,0,87,4,46,0,41,41,0,0
45,0,83,0,44,-3,38,39,2,0
49,0,95,0,50,22,47,46,0,0
62,0,109,8,60,0,47,49,2,0
37,0,104,0,18,3,66,86,20,0
37,0,82,-1,36,-5,45,46,2,0
37,0,76,0,34,-15,40,43,2,0
44,0,83,-2,44,0,39,39,0,0
37,0,79,0,10,16,42,68,26,0
37,0,95,1,10,6,57,84,28,0
41,0,83,0,38,-14,42,44,2,0
37,0,77,0,36,7,40,41,2,0
41,0,85,0,38,-10,44,46,2,0
45,3,81,-1,44,-1,36,37,2,0
56,0,80,2,-4,0,24,85,62,1
49,-1,77,0,50,0,28,28,0,0
85,0,88,-3,2,-7,3,86,82,1
37,0,79,8,0,0,42,79,36,0
37,0,94,-6,10,8,57,84,28,0
87,1,89,0,8,1,2,81,78,1
51,0,87,0,50,0,36,38,2,0
56,-1,92,0,56,3,36,35,0,0
42,4,77,0,42,0,35,35,0,0
53,1,80,0,52,-3,27,28,2,0
45,0,85,0,44,-15,40,41,2,0
39,0,81,-4,38,0,43,43,0,0
42,-3,78,0,42,0,37,37,0,0
46,0,80,0,46,15,34,34,0,0
51,0,102,0,52,4,51,50,0,0
46,0,77,0,46,14,31,30,0,0
46,0,89,3,46,0,43,42,0,0
43,-4,80,-1,42,-5,37,39,2,0
55,1,108,0,54,0,53,54,2,0
45,5,81,0,44,-2,36,37,2,0
56,0,79,2,8,0,24,72,48,1
37,0,78,0,-2,7,42,81,40,0
48,-2,77,8,46,0,29,30,2,0
51,0,87,0,52,17,36,35,0,0
37,-5,75,-3,20,0,38,54,16,0
55,0,97,0,52,27,41,45,4,1
37,0,78,0,8,26,41,70,30,0
37,4,80,0,6,0,43,75,32,0
42,0,79,7,42,0,38,38,0,0
37,0,79,0,30,-1,43,48,6,0
56,0,97,0,54,28,41,42,2,0
50,3,82,0,50,0,32,33,2,0
37,0,77,0,10,-6,40,66,26,0
55,0,91,-4,-6,-29,35,99,64,1
48,0,87,-2,46,0,39,41,2,0
43,0,76,0,42,-1,32,34,2,0
45,0,82,1,44,-8,37,38,2,0
37,0,79,0,12,-22,43,66,24,0
37,0,94,5,10,-24,57,84,26,0
45,1,102,0,44,0,57,58,2,0
37,0,82,0,18,-17,45,64,18,0
41,0,77,-5,42,15,37,36,0,0
55,0,82,0,-36,-1,26,118,92,1
55,0,77,0,10,2,22,67,46,1
56,0,86,2,54,-23,31,32,2,0
49,0,83,0,50,9,34,34,0,0
49,0,81,0,46,-13,32,34,2,0
37,1,92,5,6,0,54,86,32,0
37,0,96,-2,18,0,59,78,18,0
45,3,77,0,44,0,33,34,0,0
55,0,98,0,42,-9,42,57,14,1
45,-4,90,0,44,-1,45,46,2,0
45,0,79,2,44,0,34,35,2,0
56,4,84,0,56,0,28,28,0,0
37,0,76,4,38,1,39,37,0,0
39,1,79,0,38,0,40,40,0,0
42,0,83,0,42,0,42,42,0,0
48,0,87,2,46,0,39,41,2,0
49,0,88,1,50,15,39,39,0,0
37,-10,106,-4,34,-7,69,72,4,0
53,-4,86,0,54,15,33,32,0,0
51,2,86,0,50,-12,35,37,2,0
49,0,96,3,50,0,47,47,0,0
44,1,86,-3,44,15,42,42,0,0
45,0,81,0,44,0,36,37,2,0
46,3,78,0,46,1,32,32,0,0
45,-3,77,0,44,0,32,33,2,0
37,0,76,0,38,19,38,37,0,0
105,2,107,5,70,0,1,37,36,1
37,0,105,1,18,0,68,87,18,0
56,0,95,0,44,25,40,51,12,1
56,4,80,0,-4,6,24,85,62,1
37,0,75,0,20,-22,38,54,16,0
51,-1,81,0,50,-16,30,32,2,0
44,2,86,0,44,9,42,42,0,0
37,0,81,-7,-4,0,45,86,42,0
80,0,84,8,-20,0,4,105,100,1
51,-3,87,0,50,-10,36,38,2,0
47,4,79,0,46,0,33,33,0,0
55,0,82,0,-20,-4,26,103,76,1
43,-1,76,0,44,24,32,32,0,0
56,-3,97,0,46,0,41,50,10,1
55,0,77,0,42,-3,22,36,14,1
55,0,77,0,16,-9,22,62,40,1
37,0,76,-1,36,-2,39,39,0,0
37,0,107,0,28,-4,70,78,8,0
56,0,98,0,50,-4,42,49,8,1
53,0,104,0,54,12,51,49,0,0
37,0,104,6,24,0,67,80,14,0
37,0,76,4,20,0,39,55,16,0
44,4,81,0,42,-16,37,39,2,0
37,0,95,2,10,12,57,84,28,0
80,5,84,2,-38,-13,4,123,118,1
45,-1,88,-1,44,9,43,44,2,0
44,0,85,0,44,12,41,41,0,0
37,0,84,5,30,-11,47,53,6,0
43,-1,86,0,44,9,42,42,0,0
45,-4,85,2,44,0,40,41,2,0
37,0,106,2,24,-18,69,83,14,0
43,0,76,0,42,-18,32,34,2,0
43,0,80,0,44,25,37,36,0,0
49,-1,80,0,46,-25,31,34,2,0
45,0,83,0,44,-1,38,39,0,0
49,0,95,0,50,12,47,46,0,0
56,-2,84,0,56,0,28,27,0,0
43,0,76,2,42,-2,33,35,2,0
53,0,83,-3,54,3,30,28,0,0
52,-4,86,0,52,0,34,34,0,0
45,0,82,0,46,14,37,35,0,0
41,-4,78,0,42,2,37,37,0,0
37,0,78,-7,12,0,42,65,24,0
43,0,81,-3,44,19,37,37,0,0
56,3,98,6,52,-13,42,46,4,1
55,0,93,4,46,0,37,46,8,1
55,0,77,0,16,14,22,62,40,1
84,0,88,0,0,12,3,88,84,1
53,1,104,0,54,3,50,49,0,0
43,0,88,0,42,-11,44,46,2,0
51,0,81,4,50,-13,30,32,2,0
47,-1,108,8,46,0,61,62,0,0
41,0,89,0,38,-4,48,50,2,0
44,1,75,0,44,14,31,31,0,0
55,0,77,2,-28,11,22,106,84,1
37,0,75,-1,24,-3,38,52,14,0
50,-3,86,1,50,0,37,37,0,0
46,4,85,0,46,0,39,39,0,0
56,-5,83,0,56,9,27,26,0,0
43,0,86,0,42,-19,43,45,2,0
44,4,93,0,44,1,49,50,0,0
55,0,76,0,-14,-3,21,92,70,1
80,3,84,0,-40,6,4,126,122,1
37,-1,77,0,38,18,39,38,0,0
53,-1,83,0,54,7,30,29,0,0
45,0,77,-1,46,31,31,30,0,0
55,0,82,0,-32,-4,26,115,90,1
55,-2,96,0,54,0,41,42,0,0
48,0,87,0,46,-3,39,41,2,0
56,0,81,0,-4,15,25,86,62,1
37,0,83,0,34,6,46,49,4,0
53,0,87,3,52,-17,34,35,2,0
37,0,104,0,28,8,67,75,8,0
43,0,86,2,44,16,43,42,0,0
42,0,76,-1,42,-2,34,35,0,0
47,4,95,-5,46,0,47,48,0,0
51,0,90,0,50,-1,39,41,2,0
48,-4,108,0,46,0,60,61,2,0
55,0,97,0,52,-1,41,45,4,1
50,0,79,0,50,0,29,30,0,0
37,0,79,0,26,16,42,53,10,0
51,0,77,0,50,-7,26,28,2,0
67,3,112,0,68,1,45,45,0,0
38,1,79,0,38,13,41,40,0,0
37,0,78,0,-2,5,42,81,40,0
79,0,83,0,98,8098,4,-14,-18,1
37,0,77,0,26,9,40,51,12,0
56,0,96,0,50,-7,40,47,6,1
41,4,86,0,38,0,45,47,2,0
58,1,81,-1,56,0,24,24,0,0
42,1,84,0,42,0,42,43,2,0
37,0,77,5,34,0,41,44,2,0
44,0,108,0,42,-30,63,66,2,0
53,0,87,0,54,15,34,33,0,0
37,0,76,0,26,6,39,50,10,0
106,3,107,1,72,0,1,35,34,1
51,0,88,0,52,14,37,36,0,0
44,-1,89,0,44,2,45,45,0,0
54,-2,86,0,54,0,32,32,0,0
49,-4,77,0,46,-21,29,31,2,0
44,3,82,0,42,-14,38,41,2,0
47,0,87,-1,46,-1,40,41,0,0
55,0,86,-1,54,-9,31,32,2,0
47,0,83,-2,46,0,36,36,0,0
76,0,80,-3,-42,-11,4,124,120,1
55,4,96,0,52,0,41,44,4,1
37,0,81,1,-2,5,44,84,40,0
37,0,91,0,10,7,53,81,28,0
56,0,96,0,52,-25,40,44,4,1
41,0,88,0,38,-5,48,50,2,0
56,0,77,2,-18,0,21,95,74,1
51,0,77,0,52,2,26,25,0,0
42,5,77,0,42,0,35,36,0,0
55,-5,86,0,54,0,31,32,0,0
47,-2,88,0,46,0,42,42,0,0
102,3,102,0,72,12,1,30,30,1
48,0,86,8,46,0,38,40,2,0
55,0,82,0,-40,-11,26,123,96,1
41,0,86,-1,38,0,46,48,2,0
56,-1,97,0,50,5,41,48,6,1
49,0,107,1,50,0,58,58,0,0
37,0,76,1,30,-16,39,45,6,0
48,2,77,-6,46,0,29,30,2,0
45,0,77,0,46,16,32,31,0,0
45,0,83,-3,44,-14,37,39,2,0
43,0,83,-2,42,-4,40,42,2,0
45,0,80,0,46,14,35,34,0,0
54,-5,83,0,54,0,29,29,0,0
43,0,76,0,44,31,32,32,0,0
37,0,77,0,34,7,40,43,2,0
44,-1,80,2,44,5,36,36,0,0
56,-5,92,0,54,-30,36,38,2,0
55,0,79,0,8,-7,23,71,48,1
56,0,78,2,0,16,22,78,56,1
79,0,84,2,-32,-7,4,117,112,1
53,0,79,0,52,-15,26,27,2,0
49,2,86,0,46,-19,38,40,2,0
55,-1,88,0,54,-1,32,33,2,0
56,0,108,1,56,19,52,51,0,0
41,2,89,5,38,0,48,50,2,0
37,0,77,0,20,1,40,57,16,0
43,0,102,0,42,-22,59,61,2,0
50,-4,79,0,50,0,28,30,2,0
47,-4,84,0,46,0,36,37,0,0
37,0,90,0,26,1,52,64,12,0
45,-3,78,0,44,-1,33,34,2,0
44,0,81,6,44,17,38,37,0,0
56,0,92,0,56,24,36,35,0,0
51,-3,77,0,50,-12,27,28,2,0
80,-3,84,-4,-42,-30,4,128,124,1
56,0,78,0,16,28,22,63,40,1
43,0,87,7,42,-2,44,46,2,0
37,0,79,0,16,10,42,63,22,0
43,0,88,0,42,-10,44,46,2,0
37,0,81,0,-2,5,44,84,40,0
37,0,81,-2,36,-7,43,44,2,0
58,0,86,-1,56,0,28,29,0,0
37,0,97,-3,30,0,60,66,6,0
39,-1,81,1,38,0,42,42,0,0
80,-2,84,-2,-40,12,4,126,122,1
46,0,77,0,44,-28,31,33,2,0
45,0,75,-3,44,-4,30,31,2,0
37,0,95,-2,18,0,58,77,18,0
44,5,86,0,42,-17,42,44,2,0
46,0,83,-5,46,8,37,36,0,0
37,0,77,0,36,4,40,41,2,0
45,0,108,0,44,-2,62,64,2,0
51,0,109,0,52,0,58,57,0,0
37,0,76,46,20,0,40,55,16,0
55,0,99,0,42,0,43,57,14,1
54,-3,86,0,54,0,32,32,0,0
48,1,77,-4,46,0,29,30,2,0
58,4,91,0,56,0,33,34,0,0
53,0,90,0,54,13,37,36,0,0
56,1,80,1,20,-1,24,59,36,1
46,0,75,-5,46,0,29,28,0,0
51,0,86,0,52,8,36,35,0,0
57,-5,86,-2,56,0,29,29,0,0
47,-5,81,0,46,0,34,34,0,0
55,0,82,0,54,12,26,28,2,0
37,0,75,0,36,4,37,39,2,0
49,1,78,0,50,17,29,29,0,0
42,-5,88,2,42,0,45,46,2,0
49,0,96,5,50,0,47,47,0,0
43,-2,80,0,44,22,37,36,0,0
55,0,79,0,20,-27,23,58,34,1
37,0,83,0,-2,-15,47,86,40,0
37,0,75,0,26,13,38,49,12,0
45,0,81,0,44,-16,35,37,2,0
58,0,87,6,56,0,30,30,0,0
41,3,81,0,38,-22,39,42,2,0
56,0,96,0,50,-18,40,47,6,1
39,-5,76,0,38,0,37,37,0,0
45,-3,87,0,44,0,42,43,2,0
39,0,110,0,38,0,71,71,0,0
55,0,77,0,-24,5,21,103,82,1
45,-2,88,0,44,-20,42,44,2,0
45,1,77,0,44,-6,32,34,2,0
45,-3,81,0,46,21,36,35,0,0
37,0,78,0,8,11,41,70,30,0
37,0,80,0,8,11,43,72,30,0
43,0,85,-3,42,0,42,44,2,0
42,0,87,4,42,0,45,46,0,0
55,0,77,0,28,12,21,48,28,1
47,0,90,1,46,0,43,43,0,0
48,-3,78,0,46,-3,30,32,2,0
37,0,97,0,24,-30,60,74,14,0
37,0,97,0,12,0,59,84,24,0
48,0,84,-1,46,-2,36,38,2,0
37,0,79,0,2,-6,43,77,34,0
37,5,83,-6,34,0,45,49,4,0
43,-1,89,-4,42,-6,46,48,2,0
102,0,103,1,70,-8,1,33,32,1
53,-3,81,0,54,5,28,27,0,0
87,3,89,0,8,0,2,81,80,1
84,-10,89,0,8,0,5,81,76,1
37,0,97,0,30,9,60,66,6,0
37,0,79,0,12,-4,43,66,24,0
44,1,81,0,44,8,38,37,0,0
41,-1,76,0,42,1,35,35,0,0
79,0,83,-3,-32,-3,4,117,112,1
82,5,86,0,-24,-24,4,112,108,1
43,-1,86,2,44,20,43,42,0,0
37,0,108,0,30,-6,71,77,6,0
42,-2,83,0,42,0,41,41,0,0
55,0,93,0,38,-4,37,54,16,1
39,0,83,-3,38,0,44,44,0,0
37,1,75,0,26,-5,38,49,12,0
38,0,76,0,36,-29,38,40,2,0
42,2,90,1,42,0,48,49,0,0
48,0,86,1,46,0,39,40,2,0
49,-2,77,0,50,0,28,28,0,0
53,3,86,0,52,-3,33,34,2,0
42,-4,79,0,42,0,37,38,0,0
37,0,82,0,24,-11,45,59,14,0
78,4,81,0,-40,0,4,123,120,1
37,0,106,0,30,9,69,75,6,0
55,-3,95,0,54,0,40,41,2,0
57,0,90,3,56,0,34,33,0,0
55,-2,77,0,26,0,22,52,30,1
37,0,79,-3,34,0,41,45,4,0
51,0,77,0,52,14,26,26,0,0
53,0,86,0,52,-6,33,34,2,0
41,5,83,8,42,25,42,42,0,0
55,0,92,-7,10,0,37,82,46,1
38,0,106,0,38,11,68,67,0,0
37,5,77,0,-22,27,40,101,60,0
102,0,103,0,72,31,1,31,30,1
37,0,77,0,18,5,41,59,18,0
47,-1,108,0,46,0,61,62,0,0
44,1,85,0,44,3,41,41,0,0
51,1,81,0,52,9,29,29,0,0
49,0,82,0,50,20,33,33,0,0
37,0,77,4,30,14,41,46,6,0
37,0,90,0,20,18,53,70,16,0
38,0,77,-2,38,0,39,38,0,0
102,-1,103,0,72,23,1,31,30,1
47,1,95,3,46,0,48,49,0,0
55,-2,91,0,54,-9,35,37,2,0
37,0,76,6,26,0,39,50,10,0
37,0,76,0,26,-21,39,50,10,0
56,0,86,2,56,0,30,30,0,0
50,5,84,0,50,0,34,35,0,0
37,0,78,0,10,19,41,68,26,0
55,0,79,0,26,8,23,53,30,1
55,0,79,-2,20,-5,24,59,34,1
37,0,79,0,8,12,42,71,28,0
53,-5,86,0,54,0,32,32,0,0
43,-2,86,0,42,-27,42,44,2,0
51,1,88,0,50,-9,36,39,2,0
46,0,88,-1,46,0,41,41,0,0
41,0,97,-2,42,15,56,55,0,0
87,4,89,0,8,0,2,81,80,1
84,5,86,0,-2,0,3,89,86,1
45,-3,85,0,44,0,41,41,0,0
57,2,83,0,56,0,26,26,0,0
41,0,81,4,38,-9,40,42,2,0
37,0,80,0,26,4,43,54,12,0
56,-4,99,0,46,0,43,52,10,1
37,0,107,-2,36,0,69,71,2,0
53,3,104,0,54,5,50,49,0,0
46,1,83,0,44,-19,37,39,2,0
37,-2,77,1,0,5,40,77,36,0
56,2,98,0,44,-9,42,54,12,1
55,1,77,0,26,0,22,52,30,1
44,0,86,0,44,1,42,42,0,0
37,0,81,0,26,-4,45,55,10,0
56,0,98,0,44,0,42,54,12,1
56,2,98,0,46,2,42,51,10,1
55,-1,78,0,8,-2,23,70,48,1
55,0,77,-3,18,2,22,59,38,1
41,0,79,0,38,-12,39,41,2,0
56,-3,96,0,56,9,40,39,0,0
37,0,92,0,16,1,54,76,22,0
37,0,76,6,36,7,39,40,2,0
41,0,76,-4,42,0,35,35,0,0
37,0,98,0,30,-4,61,67,6,0
55,0,95,0,34,-19,40,62,22,1
56,0,92,0,0,24,36,92,56,1
56,0,77,0,-18,21,21,95,74,1
37,0,74,0,24,2,37,51,14,0
55,0,97,1,38,0,41,58,16,1
37,3,76,0,28,0,39,47,8,0
37,0,78,-6,6,0,41,73,32,0
45,0,80,0,44,-18,35,36,2,0
37,0,100,0,28,-29,64,72,8,0
38,1,105,0,34,0,67,71,4,0
43,-2,77,1,42,-12,34,36,2,0
38,-2,91,-2,6,-9,53,86,32,0
37,0,106,-3,28,-1,69,77,8,0
43,-5,76,0,42,-17,33,35,2,0
37,-14,77,0,20,0,40,56,16,0
56,0,77,0,-12,3,21,90,68,1
47,-1,81,0,46,0,33,34,0,0
46,0,89,-3,44,-30,43,45,2,0
40,3,78,0,38,0,38,39,2,0
41,0,78,-5,38,0,37,39,2,0
53,-4,81,0,52,-24,28,30,2,0
55,0,83,0,56,25,27,26,0,0
49,-2,107,0,50,0,58,58,0,0
42,0,77,-4,42,0,34,35,2,0
37,-5,76,0,38,6,39,37,0,0
82,0,86,0,-10,23,3,96,92,1
56,0,77,0,20,-10,22,57,36,1
55,0,86,7,54,0,31,32,0,0
41,2,75,0,42,12,34,34,0,0
45,4,83,0,44,0,38,39,2,0
37,0,100,0,30,-9,64,69,6,0
56,1,107,0,56,2,51,50,0,0
56,0,82,0,56,14,26,25,0,0
55,0,78,-1,16,0,23,63,40,1
44,-5,77,0,42,-12,33,35,2,0
37,0,78,5,26,-4,42,52,10,0
43,0,81,-2,42,-7,37,39,2,0
37,0,80,0,10,3,43,70,26,0
37,0,83,0,12,-11,46,70,24,0
40,1,76,0,38,0,35,37,2,0
37,0,74,0,26,0,38,48,10,0
53,0,86,0,54,29,33,32,0,0
55,0,95,0,38,5,40,57,16,1
37,0,80,0,12,26,43,67,24,0
41,0,86,3,42,0,45,45,0,0
41,5,81,0,42,5,40,40,0,0
55,-1,96,-3,54,-4,41,42,2,0
37,0,81,0,26,-17,44,55,10,0
44,1,77,0,42,-14,34,36,2,0
53,0,84,0,54,6,31,30,0,0
41,-5,106,0,38,-18,65,67,2,0
37,0,76,0,24,-11,39,53,14,0
37,0,78,0,0,3,42,78,36,0
43,-5,83,0,42,0,40,41,2,0
45,4,83,0,44,0,39,39,0,0
37,0,78,0,-4,6,42,83,42,0
37,0,106,4,26,0,69,80,12,0
49,0,79,0,50,2,30,30,0,0
42,-5,85,0,42,0,43,44,2,0
37,0,94,0,16,6,57,79,22,0
44,0,85,-6,44,0,41,41,0,0
37,0,80,0,34,-16,43,46,4,0
55,0,78,0,2,11,23,75,52,1
56,1,95,0,54,0,39,41,2,0
49,0,95,0,46,-22,47,49,2,0
52,0,84,0,52,0,32,32,0,0
37,0,76,0,30,-27,40,45,6,0
101,-1,102,-1,72,0,1,29,28,1
105,6,106,2,70,0,1,36,36,1
39,0,81,6,38,0,42,43,0,0
37,0,77,3,-2,0,39,79,40,0
53,-2,83,0,54,13,30,29,0,0
80,-2,84,0,-14,-3,4,99,96,1
55,0,79,-2,-4,0,24,85,60,1
58,-2,86,0,56,0,29,30,0,0
37,0,79,0,10,-20,42,69,26,0
38,0,77,2,38,0,39,38,0,0
55,0,79,0,20,8,23,58,34,1
55,0,77,0,-30,-6,22,108,86,1
41,0,79,7,38,-18,39,41,2,0
37,0,79,-5,36,0,42,43,0,0
55,0,77,0,-24,19,21,103,82,1
82,0,85,-1,-2,0,3,88,84,1
37,-2,77,0,34,0,41,44,2,0
37,0,77,-1,20,-2,40,57,16,0
39,4,75,0,38,0,35,36,0,0
37,0,80,0,6,-1,43,75,32,0
43,0,86,-1,42,-2,43,45,2,0
55,0,95,4,36,0,40,59,20,1
55,-2,81,0,54,0,26,27,0,0
43,-5,79,0,42,0,36,37,2,0
44,-4,89,0,42,-30,45,48,2,0
45,0,77,0,46,24,31,30,0,0
44,0,85,-2,44,4,41,41,0,0
37,0,78,1,10,-30,42,68,26,0
37,0,83,0,2,9,46,81,34,0
56,0,81,0,-6,-4,25,89,64,1
37,-1,78,-4,34,-8,41,45,4,0
42,-1,76,-3,42,0,34,35,2,0
41,-2,81,0,42,19,41,40,0,0
54,0,108,3,54,0,54,54,0,0
48,0,89,0,50,31,41,40,0,0
37,0,76,0,28,25,40,48,8,0
47,-2,84,0,46,0,37,38,0,0
38,0,77,4,38,0,39,38,0,0
45,0,84,0,46,21,38,37,0,0
47,0,84,-1,46,0,37,37,0,0
37,0,106,-4,30,23,69,75,6,0
53,2,77,0,52,-30,24,26,2,0
37,0,82,0,30,-6,45,51,6,0
56,0,96,0,54,-20,40,42,2,0
37,0,77,-3,36,-6,39,41,2,0
55,0,92,0,-6,-25,36,99,64,1
41,0,80,-6,42,0,39,39,0,0
43,0,84,0,44,29,41,41,0,0
43,-1,96,-3,42,104,53,55,2,0
55,0,77,0,34,7,22,44,22,1
45,0,79,0,44,-16,34,35,2,0
52,-1,86,0,52,0,35,35,0,0
37,0,77,5,-12,0,41,90,50,0
55,1,91,0,54,-4,35,37,2,0
37,0,76,0,34,18,39,42,2,0
41,0,89,3,42,26,48,48,0,0
55,0,89,1,54,0,34,35,0,0
43,0,81,-1,42,-18,37,39,2,0
41,0,84,0,42,0,43,43,0,0
42,1,88,0,42,0,46,46,0,0
49,0,106,0,50,12,57,57,0,0
49,-3,88,0,50,5,39,39,0,0
48,4,83,5,46,0,35,36,2,0
48,0,86,0,46,-2,37,39,2,0
108,1,109,0,72,1,1,36,36,1
37,0,77,0,10,20,40,66,26,0
56,0,86,0,56,18,31,30,0,0
55,0,80,0,-2,-1,25,83,58,1
37,0,81,0,26,-14,44,55,10,0
53,-5,85,0,54,6,32,31,0,0
37,0,76,0,20,0,40,55,16,0
37,0,83,0,28,-8,46,54,8,0
37,0,103,0,24,0,66,80,14,0
43,-3,77,-5,42,0,34,35,2,0
41,0,87,2,42,16,46,46,0,0
37,0,103,0,34,31,66,69,4,0
37,2,77,-3,34,0,40,43,2,0
55,2,88,2,54,0,32,33,2,0
51,0,80,0,50,-3,29,31,2,0
37,0,79,-3,10,6,43,69,26,0
41,0,89,0,38,-8,48,50,2,0
47,2,84,0,46,0,36,37,0,0
85,0,88,0,2,25,3,86,82,1
107,0,108,0,72,8,1,36,34,1
44,2,75,0,42,-13,31,34,2,0
55,0,77,2,-22,0,22,101,78,1
53,-2,86,0,54,7,33,32,0,0
39,-4,82,0,38,0,42,43,0,0
37,0,76,0,16,-4,39,61,22,0
37,0,79,0,30,12,43,48,6,0
37,0,77,0,28,11,40,48,8,0
55,0,95,0,46,30,40,49,8,1
41,0,88,4,42,26,47,46,0,0
37,0,95,0,16,-21,58,79,22,0
49,4,106,0,50,27,58,57,0,0
37,0,80,2,12,-16,43,67,24,0
37,0,83,0,-2,-20,47,86,40,0
60,0,110,-6,60,0,50,51,2,0
55,-1,99,-6,50,0,43,49,6,1
49,0,80,0,50,12,31,31,0,0
37,-2,76,0,38,6,39,37,0,0
106,0,107,0,72,6,1,35,34,1
55,0,76,0,-14,5,21,92,70,1
37,0,77,0,36,-23,39,41,2,0
47,-4,86,0,46,0,38,39,0,0
80,0,84,0,-28,-28,4,112,108,1
46,0,86,0,46,6,41,40,0,0
51,4,88,0,52,21,37,37,0,0
45,0,77,0,46,31,32,31,0,0
55,0,96,0,52,-4,41,44,4,1
54,0,81,0,54,1,27,26,0,0
37,0,75,0,38,23,37,36,0,0
104,0,104,-4,70,0,1,35,34,1
45,0,85,0,44,-13,40,41,2,0
55,0,77,0,-10,-5,21,87,66,1
44,0,84,0,42,-27,40,43,2,0
41,0,89,0,38,-19,48,50,2,0
55,0,95,-6,44,0,40,51,12,1
46,2,76,0,46,10,30,29,0,0
41,0,77,0,42,4,36,36,0,0
56,0,78,0,8,-11,22,70,48,1
45,1,86,0,44,0,40,42,2,0
42,0,83,8,42,0,41,41,0,0
53,0,88,1,54,6,35,34,0,0
39,-5,90,3,6,0,51,85,34,0
56,0,97,8,50,-3,41,48,6,1
56,0,76,0,-12,18,20,89,68,1
55,0,93,0,12,-30,38,81,42,1
37,0,94,0,8,-28,57,86,30,0
55,-1,87,0,54,0,32,33,0,0
37,0,76,5,34,0,40,43,2,0
44,0,85,0,44,7,41,41,0,0
37,0,106,0,28,-15,69,78,8,0
43,0,86,1,44,17,43,42,0,0
37,0,77,1,36,4,40,41,0,0
45,0,88,0,46,4,42,41,0,0
51,0,82,3,52,20,31,30,0,0
81,-3,84,0,-14,1,4,100,96,1
43,0,86,0,42,-3,42,44,2,0
45,0,77,0,46,27,32,31,0,0
49,0,86,6,46,-14,38,40,2,0
46,0,85,-1,46,4,39,39,0,0
37,0,77,-4,8,0,40,69,28,0
41,0,80,-2,42,0,39,39,0,0
55,0,77,0,44,26,22,34,12,1
56,0,91,-1,0,0,35,91,56,1
45,-4,106,-6,44,0,61,62,2,0
56,0,96,0,44,1,40,52,12,1
37,0,77,0,26,1,40,51,12,0
56,0,81,0,54,-2,25,26,2,0
39,0,86,6,38,0,46,47,0,0
37,1,80,0,20,0,43,59,16,0
51,-1,81,0,52,0,29,29,0,0
42,0,84,-2,42,0,41,43,2,0
38,4,106,1,36,-3,68,70,2,0
45,-2,77,0,46,13,32,31,0,0
46,0,87,0,44,-12,41,43,2,0
45,0,74,-4,44,0,30,30,0,0
42,0,81,0,42,6,39,39,0,0
51,0,87,-5,52,0,36,35,0,0
55,0,77,0,20,-7,22,57,34,1
46,3,87,0,46,0,41,41,0,0
102,0,103,0,70,-4,1,33,32,1
55,0,76,0,-14,9,21,92,70,1
56,0,96,-5,50,-9,40,47,6,1
56,0,95,0,52,13,39,43,4,1
50,2,86,-1,50,0,36,37,0,0
43,-1,76,0,42,-15,33,35,2,0
45,5,81,4,44,0,37,37,0,0
82,0,86,1,-2,6,4,88,84,1
56,-1,90,-1,56,6,34,33,0,0
54,3,87,0,54,0,33,33,0,0
44,1,93,0,44,4,50,50,0,0
82,0,85,-2,-10,0,3,95,92,1
56,4,96,0,54,1,40,42,2,0
45,0,88,0,44,-14,42,44,2,0
37,0,79,0,38,18,42,41,0,0
48,-4,86,0,46,-1,38,40,2,0
79,4,83,0,-46,0,4,130,126,1
56,0,97,0,54,2,40,42,2,0
45,-9,81,0,44,0,36,37,2,0
46,2,86,0,46,8,41,40,0,0
56,0,77,0,-2,-1,21,79,58,1
52,0,84,-2,52,-3,32,32,0,0
53,0,82,1,52,-21,29,30,2,0
45,0,79,2,44,-11,34,35,2,0
37,-51,106,-1,34,-1,69,72,4,1
51,0,78,0,52,12,27,26,0,0
37,0,80,0,12,22,43,67,24,0
52,-4,88,0,52,0,37,37,0,0
59,0,87,0,60,12,28,28,0,0
37,0,107,0,38,23,69,68,0,0
55,-1,74,2,-4,-2,19,79,60,1
44,0,86,-1,44,7,42,42,0,0
37,0,77,0,34,4,40,43,4,0
47,5,81,0,46,0,34,34,0,0
51,1,78,0,52,10,27,26,0,0
37,0,96,0,30,4,59,65,6,0
37,0,106,0,28,17,68,77,8,0
51,0,81,0,50,-28,30,32,2,0
56,3,98,0,38,-11,42,59,18,1
45,0,83,2,46,25,37,36,0,0
46,0,93,0,46,9,48,47,0,0
55,0,77,0,18,-1,22,59,38,1
55,0,82,0,-24,-28,26,108,82,1
42,0,83,-6,42,0,41,41,0,0
37,0,78,0,16,-3,42,63,22,0
43,-4,86,0,42,0,43,44,2,0
56,5,97,0,54,-8,40,42,2,0
57,4,79,0,56,0,22,23,0,0
51,5,78,0,50,0,27,29,2,0
46,-5,86,0,46,0,40,40,0,0
37,0,77,0,26,22,40,51,12,0
37,0,82,-2,36,-8,45,46,2,0
41,0,87,0,42,28,46,46,0,0
37,-1,76,0,36,-16,38,39,2,0
56,0,95,0,42,30,40,54,14,1
46,5,77,0,46,11,32,31,0,0
37,0,83,0,6,5,46,78,32,0
53,0,86,0,52,-21,32,34,2,0
37,0,79,-4,10,0,42,69,26,0
50,-5,80,0,50,0,30,31,2,0
37,0,76,0,34,-4,38,42,4,0
37,0,92,-3,18,9,55,74,20,0
49,0,87,0,46,-26,38,41,2,0
38,4,77,0,36,-24,39,41,2,0
45,5,77,0,44,0,32,33,2,0
47,2,84,0,46,0,37,38,0,0
44,0,81,0,44,13,38,37,0,0
51,-4,83,-4,50,-15,32,34,2,0
49,1,95,5,50,0,46,46,0,0
56,0,107,2,56,0,51,50,0,0
45,3,86,0,44,0,41,42,0,0
56,1,95,0,54,10,39,41,2,0
37,0,74,0,24,4,37,51,14,0
55,-4,95,0,52,0,40,44,4,1
44,0,81,0,44,0,37,37,0,0
37,0,76,-2,20,-4,40,55,16,0
37,0,77,7,28,-4,41,49,8,0
39,0,83,1,38,0,45,44,0,0
39,-1,76,0,38,0,38,37,0,0
50,-3,84,0,50,0,34,35,0,0
37,0,78,-2,20,-6,42,57,16,0
46,1,76,0,46,6,30,29,0,0
48,-1,84,3,46,0,36,37,2,0
51,-2,102,0,50,-15,51,53,2,0
56,3,86,0,54,-11,31,32,2,0
37,0,82,0,-2,25,45,85,40,0
56,5,95,0,42,-17,39,54,14,1
39,3,76,0,38,0,37,37,0,0
37,4,77,0,36,0,41,41,0,0
40,-3,109,0,38,0,68,70,2,0
49,0,81,0,46,-22,33,35,2,0
47,-5,86,-2,46,-4,39,40,0,0
51,1,83,0,52,2,31,31,0,0
49,-3,86,0,50,0,38,37,0,0
48,0,109,-1,46,0,61,63,2,0
38,1,90,0,6,-26,52,84,32,0
44,-2,86,0,44,6,43,42,0,0
57,3,84,0,56,0,28,28,0,0
46,-1,77,1,46,0,31,31,0,0
46,0,77,2,46,2,32,31,0,0
58,-4,84,0,56,0,26,27,0,0
49,2,87,0,46,-10,38,41,2,0
49,0,77,0,46,-4,29,31,2,0
51,-1,83,0,50,-7,32,33,2,0
46,-3,79,-2,46,0,33,32,0,0
44,0,86,0,42,-28,43,45,2,0
37,-3,100,0,38,18,63,62,0,0
51,0,80,0,50,-4,29,31,2,0
105,0,106,0,70,0,1,36,34,1
47,0,84,2,46,0,38,38,0,0
46,0,85,-2,46,0,39,39,0,0
58,0,83,2,56,0,25,26,0,0
47,5,88,3,46,0,40,41,0,0
37,0,78,0,12,28,41,65,24,0
45,-2,88,0,44,23,43,44,2,0
56,0,81,0,-10,-2,25,91,66,1
81,0,84,0,-18,22,4,103,98,1
48,-2,77,0,46,-1,29,31,2,0
41,0,89,2,42,23,48,48,0,0
39,3,81,-2,38,0,41,42,0,0
37,0,78,0,10,-3,41,68,26,0
37,0,80,0,0,20,43,80,36,0
51,1,86,0,52,13,35,34,0,0
56,3,95,0,42,0,39,54,14,1
46,-5,87,0,46,0,41,41,0,0
37,0,76,2,34,0,39,42,2,0
45,0,88,-2,44,-4,44,44,0,0
37,0,79,0,0,-3,42,79,36,0
81,0,85,0,-40,4,4,126,122,1
45,0,82,0,46,15,37,35,0,0
76,0,81,-6,-42,-11,5,125,120,1
45,1,90,0,44,0,45,46,2,0
41,3,80,0,42,10,39,39,0,0
37,0,82,0,16,-7,45,66,22,0
41,2,79,0,42,7,38,37,0,0
37,0,83,0,2,9,46,80,34,0
53,-5,77,0,54,0,25,23,0,0
37,0,76,0,20,-30,39,55,16,0
37,0,77,0,34,9,40,44,4,0
83,0,86,0,-4,11,3,92,88,1
50,3,81,0,50,0,30,32,2,0
37,0,79,-1,26,0,42,54,12,0
41,0,79,0,38,-19,38,41,2,0
44,-4,109,0,44,0,65,66,0,0
41,5,77,0,38,0,36,38,2,0
37,0,76,3,26,-1,39,50,10,0
55,0,77,0,-2,15,21,79,58,1
37,0,79,0,24,19,42,55,14,0
84,1,88,0,0,2,3,88,84,1
46,-4,107,0,46,0,61,60,0,0
41,3,79,0,42,11,38,37,0,0
37,0,80,-7,38,18,43,41,0,0
55,0,83,0,-24,8,27,108,82,1
79,5,83,1,-42,0,4,126,122,1
44,2,86,0,42,-23,42,44,2,0
41,1,77,0,38,-6,36,38,2,0
37,0,75,0,34,15,38,41,2,0
37,0,81,0,12,11,45,68,24,0
41,0,87,-4,38,0,46,48,2,0
56,3,84,0,56,16,29,28,0,0
85,0,88,-1,0,0,3,88,84,1
46,1,88,0,46,4,42,41,0,0
37,0,78,0,-4,-23,42,83,42,0
37,0,80,0,36,-25,43,44,2,0
37,0,79,0,10,-11,42,69,26,0
49,0,76,-5,46,-5,27,30,2,0
48,-1,83,0,46,-4,35,37,2,0
49,0,107,0,50,16,58,58,0,0
45,-1,81,0,44,-25,36,37,2,0
37,0,105,0,24,12,68,82,14,0
55,0,92,0,-4,20,36,97,60,1
37,0,76,0,36,15,40,40,0,0
43,2,76,-3,42,-5,33,35,2,0
37,0,79,0,10,-5,43,69,26,0
45,0,86,-1,46,17,40,39,0,0
41,0,86,0,38,-24,46,48,2,0
46,0,85,0,46,6,39,39,0,0
55,0,96,0,54,14,41,42,0,0
53,1,88,0,54,0,34,33,0,0
46,0,85,0,46,9,39,39,0,0
48,3,88,5,46,0,40,42,2,0
55,-4,98,0,52,7,42,46,4,1
80,1,84,0,-32,0,4,117,114,1
43,0,77,0,42,-18,34,36,2,0
53,0,77,-2,54,4,25,23,0,0
53,0,88,0,54,16,35,33,0,0
37,0,76,-1,24,-11,39,52,14,0
51,0,87,-6,52,0,36,35,0,0
37,0,76,-2,24,9,39,52,14,0
82,0,85,-1,-2,7,3,88,84,1
42,1,76,0,42,0,33,34,2,0
41,0,77,0,42,16,36,35,0,0
41,1,85,3,42,8,44,44,0,0
37,0,78,0,-4,0,42,83,42,0
56,0,91,0,2,5,35,88,54,1
49,-4,85,0,50,6,36,36,0,0
52,5,91,0,52,0,39,39,0,0
71,5,75,2,-40,16,4,116,112,1
37,0,75,0,36,-4,37,39,2,0
42,0,83,-5,42,0,41,41,0,0
37,-13,106,-15,30,-10,69,75,6,0
48,5,94,0,46,0,46,48,2,0
39,1,110,0,38,0,71,71,0,0
37,0,76,0,18,24,39,58,18,0
41,0,88,-3,38,-15,48,50,2,0
105,0,106,-7,72,16,1,34,34,1
37,-1,94,0,10,26,57,84,26,0
37,0,77,6,-12,0,41,90,50,0
37,0,86,0,36,0,49,50,0,0
42,0,89,2,42,0,47,48,2,0
43,0,87,2,42,-7,44,46,2,0
61,-1,111,0,60,-19,50,52,2,0
46,2,85,4,46,10,39,39,0,0
37,0,77,0,-24,-10,41,103,62,0
37,0,75,0,28,54,38,46,8,0
45,-1,78,0,44,0,33,34,2,0
51,0,81,6,50,0,30,32,2,0
40,0,97,0,38,0,57,58,2,0
49,1,84,0,46,-22,35,37,2,0
85,-38,107,0,64,-3,22,42,20,1
38,1,75,0,36,-19,37,39,2,0
85,0,89,6,2,-11,4,86,82,1
37,0,81,3,20,0,44,60,16,0
39,-5,79,0,38,0,40,40,0,0
53,0,79,0,54,6,25,24,0,0
49,-1,88,0,50,1,40,39,0,0
55,0,92,0,-4,25,36,97,60,1
59,0,108,0,60,0,49,49,0,0
53,0,84,0,52,-23,31,32,2,0
37,0,76,0,24,15,39,53,14,0
37,0,76,1,36,-26,39,40,2,0
47,-2,87,4,46,0,40,41,0,0
52,1,88,0,52,0,35,36,0,0
58,2,84,0,56,0,26,27,2,0
44,1,86,0,44,17,42,42,0,0
42,0,84,-4,42,0,42,43,0,0
37,0,79,0,6,-7,43,74,32,0
51,0,77,0,52,3,26,26,0,0
76,1,81,1,-40,9,5,122,118,1
55,0,77,-2,-28,1,21,105,84,1
37,0,81,2,20,0,44,60,16,0
39,0,78,-2,38,-4,39,39,0,0
38,0,78,0,38,3,40,39,0,0
56,0,98,2,50,-1,42,49,8,1
55,0,79,0,16,-4,23,63,40,1
53,-4,81,0,54,0,28,27,0,0
37,0,76,0,20,21,39,55,16,0
59,0,84,0,56,-9,25,27,2,0
56,0,78,0,26,31,22,52,30,1
53,0,102,0,52,-15,49,50,2,0
41,2,76,0,38,-29,35,37,2,0
48,0,80,0,50,23,32,31,0,0
56,0,97,4,52,31,41,45,4,1
56,1,85,0,54,-12,29,31,2,0
45,0,76,0,44,-14,30,32,2,0
42,1,85,0,42,0,43,44,2,0
53,0,86,-2,54,4,33,32,0,0
40,0,81,3,38,0,41,43,2,0
55,0,93,0,52,-7,38,42,4,1
52,0,86,0,52,-4,34,35,0,0
56,0,81,-2,-4,0,25,86,62,1
44,0,86,1,44,0,42,42,0,0
55,-3,78,1,44,0,23,34,12,1
44,0,95,0,44,2,52,51,0,0
84,-1,88,-2,-2,-8,3,90,88,1
37,0,77,0,26,-21,40,51,10,0
37,0,107,-3,36,-4,69,71,2,0
50,5,77,0,50,0,26,28,2,0
37,0,77,0,8,13,40,69,30,0
37,0,104,0,20,-9,67,84,16,0
42,2,77,0,42,0,35,35,0,0
55,1,78,-3,44,26,23,34,12,1
39,0,77,-5,38,0,39,39,0,0
51,2,88,0,52,17,37,37,0,0
38,0,102,-2,34,0,65,69,4,0
49,0,84,0,46,-26,36,38,2,0
41,0,79,0,42,9,38,38,0,0
37,0,78,0,16,0,42,63,22,0
41,0,81,0,38,-30,40,43,2,0
37,0,79,0,18,5,43,61,18,0
56,0,80,-2,-4,0,24,85,62,1
37,0,78,0,16,15,41,63,22,0
42,0,77,1,42,0,35,36,0,0
56,0,94,2,50,0,38,45,6,1
56,0,95,0,50,-7,40,46,6,1
55,0,83,0,54,-5,28,29,2,0
43,0,88,0,44,25,45,44,0,0
45,0,84,-3,44,0,39,40,0,0
56,0,78,0,42,-28,22,37,14,1
53,4,82,0,52,0,29,30,2,0
43,0,83,0,42,-7,39,41,2,0
37,0,102,6,28,0,65,73,8,0
37,0,76,-2,36,-3,39,39,0,0
49,4,79,1,50,1,30,30,0,0
41,-1,80,0,38,-14,39,41,2,0
37,0,77,0,36,-21,40,41,2,0
51,1,79,1,52,9,27,27,0,0
55,-4,98,0,44,-3,42,54,12,1
45,3,93,0,46,27,48,47,0,0
53,1,90,0,54,6,37,36,0,0
37,0,93,0,10,-8,55,82,28,0
37,0,78,0,-4,-2,42,83,42,0
43,0,81,0,42,-9,38,40,2,0
37,0,99,0,28,0,61,70,8,0
37,-4,79,3,36,0,42,43,0,0
41,0,77,5,42,0,36,35,0,0
56,3,79,0,56,26,24,23,0,0
86,3,89,0,8,19,3,81,78,1
41,-6,78,-5,42,-7,37,37,0,0
39,-8,76,-1,-2,0,37,79,42,0
58,0,81,-1,56,0,24,24,0,0
41,0,88,4,38,-1,47,49,2,0
51,0,83,0,52,25,32,31,0,0
48,-4,106,0,46,0,58,60,2,0
56,0,90,6,56,0,33,33,0,0
47,1,93,-1,46,0,47,47,0,0
55,0,77,0,-2,-30,21,79,58,1
85,0,88,-273,0,0,3,88,84,1
39,-3,77,0,38,0,39,39,0,0
37,0,76,0,30,1,40,45,6,0
45,-4,86,0,44,-7,41,42,2,0
37,0,106,0,24,-28,69,82,14,0
48,0,95,0,50,25,47,46,0,0
45,0,81,-1,44,-3,36,37,2,0
38,-5,91,0,6,0,53,86,32,0
56,0,97,-1,46,-4,41,51,10,1
39,-4,77,0,38,0,38,38,0,0
46,2,86,-4,46,0,40,40,0,0
51,0,77,0,50,-10,26,28,2,0
37,-1,94,0,10,18,57,84,26,0
39,0,79,-4,38,0,40,40,0,0
48,0,94,0,46,-7,46,48,2,0
37,0,76,0,34,-14,40,43,2,0
37,0,83,0,6,-26,47,78,32,0
38,0,76,0,38,9,38,37,0,0
37,-1,106,-5,34,-25,69,72,4,0
49,5,79,0,46,-3,30,32,2,0
44,0,88,0,44,7,44,44,0,0
38,0,78,0,-2,0,40,81,40,0
53,0,86,1,54,8,33,32,0,0
37,-64,106,-1,34,-2,69,72,4,1
38,0,97,0,38,3,59,59,0,0
55,0,82,0,-36,-24,26,118,92,1
56,0,107,0,56,16,51,50,0,0
49,1,85,0,46,-1,36,39,2,0
45,0,86,0,46,31,41,39,0,0
37,0,79,0,16,18,43,64,22,0
45,-4,88,0,46,14,42,41,0,0
51,0,79,0,50,-3,28,30,2,0
39,-1,81,-3,38,0,41,42,0,0
53,0,86,1,54,29,33,32,0,0
56,0,92,6,-2,0,36,94,58,1
80,0,84,0,-40,31,4,125,122,1
47,0,78,-2,46,0,31,32,0,0
56,1,80,-5,56,13,24,23,0,0
40,0,88,8,38,0,48,50,2,0
51,1,81,-6,52,9,30,30,0,0
42,0,84,-7,42,0,42,43,0,0
37,0,80,-2,12,-7,43,67,24,0
56,0,96,0,50,-11,40,47,6,1
38,0,92,0,18,8,54,74,20,0
40,0,109,4,38,0,69,71,2,0
45,0,86,-2,44,-8,40,42,2,0
45,0,83,-1,44,-2,38,39,2,0
56,5,97,0,52,17,40,45,4,1
45,-2,81,0,46,12,36,35,0,0
44,0,81,-7,44,0,37,37,0,0
55,0,93,0,50,2,37,44,6,1
56,3,80,0,-4,0,24,85,62,1
77,0,81,0,-40,6,4,123,118,1
55,0,92,0,-4,21,36,97,60,1
37,0,77,8,30,3,41,46,6,0
44,-1,81,1,44,9,37,37,0,0
55,0,82,-2,-24,0,26,108,82,1
44,0,76,0,44,19,32,32,0,0
37,0,79,0,2,-15,42,76,34,0
45,4,83,0,44,-6,38,39,2,0
37,0,78,0,0,9,42,78,36,0
38,-2,109,-1,38,0,72,71,0,0
55,0,95,-2,52,-22,40,44,4,1
44,-1,81,5,44,0,37,37,0,0
51,1,83,0,52,4,31,31,0,0
46,5,80,0,46,8,34,34,0,0
41,0,83,4,38,-8,42,44,2,0
43,0,85,-2,42,-13,42,44,2,0
37,1,76,0,36,2,39,39,0,0
43,0,81,6,42,-1,37,39,2,0
37,0,77,0,30,-5,40,46,6,0
47,0,86,8,46,0,38,39,0,0
58,0,84,0,56,-1,25,27,2,0
37,0,81,0,20,-11,44,60,16,0
37,0,77,8,36,-26,39,41,2,0
37,0,92,6,6,0,54,86,32,0
37,0,80,1,36,0,43,44,0,0
37,0,80,0,18,16,43,62,18,0
55,3,93,0,54,0,38,39,2,0
53,1,84,0,54,1,30,30,0,0
49,2,80,0,46,-17,31,34,2,0
51,4,84,0,52,12,33,32,0,0
37,0,81,0,36,-4,44,45,2,0
44,-1,88,2,44,0,44,44,0,0
41,1,93,0,42,26,53,52,0,0
47,3,79,0,46,0,32,32,0,0
37,0,82,2,24,0,45,59,14,0
49,0,76,-5,46,-18,27,30,2,0
44,-2,86,0,44,3,42,42,0,0
38,0,92,2,16,15,54,77,22,0
37,0,79,8,2,-11,43,77,34,0
44,1,79,0,44,16,35,35,0,0
55,0,97,0,52,8,41,45,4,1
49,0,77,0,50,10,28,28,0,0
53,0,77,-2,54,3,25,23,0,0
48,-2,86,0,46,-1,37,39,2,0
46,-1,93,2,46,4,47,46,0,0
56,-3,79,2,56,0,23,22,0,0
37,0,79,0,8,-15,43,72,28,0
55,-3,98,0,52,4,42,46,4,1
37,0,83,0,2,18,46,80,34,0
48,0,88,-1,46,0,40,42,2,0
60,-1,111,0,60,0,50,51,2,0
42,4,76,0,42,0,34,35,0,0
44,0,76,-4,44,8,32,32,0,0
41,0,78,-2,42,-4,37,37,0,0
37,0,76,-7,28,0,40,48,8,0
45,0,87,0,46,9,42,41,0,0
63,3,111,0,62,0,48,49,2,0
37,0,97,0,36,0,60,61,0,0
37,-11,106,0,34,11,69,72,4,0
59,0,84,0,56,-14,25,27,2,0
40,0,97,0,38,0,57,59,2,0
106,0,108,0,70,0,1,38,36,1
105,1,107,6,70,0,1,37,36,1
45,-1,82,0,46,22,37,35,0,0
47,-5,86,1,46,0,39,40,0,0
37,0,92,-3,12,0,55,79,24,0
51,0,78,0,50,-4,27,29,2,0
44,0,81,6,44,12,38,37,0,0
53,-4,108,0,52,-19,55,56,2,0
43,-4,86,0,44,18,43,42,0,0
37,0,79,1,2,0,42,76,34,0
82,0,85,-1,-6,6,3,93,90,1
37,0,83,0,6,6,46,78,32,0
42,0,78,-1,42,-1,36,37,2,0
52,-4,79,0,52,-1,26,27,0,0
37,0,97,0,20,-13,60,77,16,0
49,0,102,0,50,2,53,53,0,0
38,0,106,0,38,12,68,67,0,0
44,3,76,0,44,8,32,32,0,0
38,0,76,-1,36,-25,38,40,2,0
58,4,91,3,56,0,33,34,2,0
47,4,77,0,46,0,31,31,0,0
55,0,93,1,8,0,37,85,48,1
51,0,83,0,52,11,31,31,0,0
43,0,83,-5,42,-13,39,41,2,0
43,-1,77,0,42,-7,34,36,2,0
52,-1,82,0,52,0,29,30,0,0
52,-5,88,0,52,0,36,37,0,0
37,0,76,2,30,27,39,45,6,0
51,0,88,1,52,2,36,36,0,0
48,0,83,0,46,-8,34,36,2,0
55,0,93,0,42,-30,37,51,14,1
49,0,85,0,46,-14,36,39,2,0
53,0,84,0,54,16,31,30,0,0
48,-1,77,0,46,0,28,30,2,0
37,0,108,0,30,-4,71,77,6,0
41,0,80,-2,38,-33,39,41,2,0
50,-2,86,-1,50,0,36,37,0,0
37,0,77,0,8,11,40,70,30,0
55,-5,93,0,46,0,37,46,8,1
56,0,77,0,-22,-4,21,100,80,1
55,3,83,0,54,0,28,28,0,0
37,0,106,8,18,0,69,88,18,0
37,0,77,0,6,13,40,72,32,0
51,0,88,1,50,0,37,39,2,0
55,0,96,0,46,-21,41,50,8,1
45,0,84,1,44,-11,39,41,2,0
59,0,108,-2,56,-17,49,51,2,0
56,0,97,-1,46,-3,41,51,10,1
37,0,97,0,24,-15,60,73,14,0
37,0,75,0,24,21,38,52,14,0
45,0,78,0,44,-2,33,34,2,0
55,0,77,0,-18,-4,21,95,74,1
56,-1,80,0,56,3,24,23,0,0
37,0,80,-6,16,0,43,65,22,0
37,0,93,-2,12,0,56,81,24,0
39,4,82,0,38,0,43,43,0,0
85,0,88,0,6,16,3,83,80,1
56,0,77,0,-10,-8,21,87,66,1
51,5,91,0,50,0,40,42,2,0
55,0,77,1,54,0,22,23,0,0
49,0,106,7,50,14,58,57,0,0
56,0,84,0,56,0,28,28,0,0
37,0,77,0,8,-7,40,69,30,0
37,0,76,0,28,-16,39,47,8,0
41,0,81,-4,38,0,40,42,2,0
46,0,82,0,46,-1,36,35,0,0
48,-3,86,0,46,-15,37,39,2,0
53,0,86,1,52,-3,33,35,2,0
49,1,85,0,46,-7,36,39,2,0
45,1,86,0,46,29,41,40,0,0
56,0,83,0,56,14,27,26,0,0
56,1,81,1,-4,0,25,86,62,1
37,0,81,0,24,26,44,57,14,0
44,-1,84,0,42,-29,41,43,2,0
81,0,84,7,-14,0,4,100,96,1
37,0,74,0,28,1,38,46,8,0
37,-1,106,-4,30,241,69,75,6,0
56,-2,88,0,56,0,31,31,0,0
40,-4,77,0,38,0,37,38,2,0
55,0,78,0,6,7,23,73,50,1
49,5,102,0,50,3,53,53,0,0
56,-2,97,-1,42,-14,41,55,14,1
37,5,81,0,38,31,43,42,0,0
40,0,86,0,38,-6,46,48,2,0
55,0,78,0,16,8,23,63,40,1
37,-1,76,-4,36,-7,39,40,0,0
55,0,76,6,-22,0,21,99,78,1
41,1,85,2,42,5,44,44,0,0
42,5,89,0,42,0,47,48,0,0
41,0,77,0,38,-28,36,38,2,0
52,0,102,0,52,0,50,51,0,0
45,-3,83,0,46,11,38,37,0,0
37,0,77,0,38,31,40,39,0,0
41,-5,82,0,42,0,41,41,0,0
37,0,106,0,28,-15,68,77,8,0
41,3,80,0,42,4,39,39,0,0
49,4,88,0,50,2,39,39,0,0
56,0,107,0,54,-15,51,53,2,0
48,-3,86,0,46,0,39,40,2,0
46,-1,79,-7,46,0,33,32,0,0
37,0,103,-7,28,0,66,75,8,0
55,-1,89,-6,54,0,34,35,0,0
52,-1,103,1,52,-4,51,51,0,0
55,4,84,0,54,0,30,30,0,0
55,0,96,0,50,-2,41,47,6,1
56,0,96,0,44,8,40,52,12,1
44,-4,106,0,44,0,62,62,0,0
56,2,95,0,56,12,39,39,0,0
57,-3,85,0,56,0,28,28,0,0
37,0,82,0,36,0,45,46,2,0
37,-2,76,0,38,7,38,37,0,0
56,0,87,3,56,0,31,30,0,0
55,0,97,0,44,-13,41,53,12,1
55,0,78,0,2,-17,23,75,52,1
37,0,81,0,38,11,43,42,0,0
56,0,81,0,-6,1,25,88,64,1
51,-2,77,0,50,-10,26,28,2,0
37,0,76,0,20,-3,39,55,16,0
42,-1,79,0,42,0,38,38,0,0
49,-1,89,0,50,0,40,40,0,0
49,0,80,0,46,-16,31,34,2,0
55,0,95,0,46,-19,40,49,8,1
43,0,83,0,42,0,40,41,2,0
55,-5,81,0,-4,11,26,86,60,1
37,0,78,0,0,-7,41,78,36,0
45,0,78,0,46,11,33,32,0,0
41,0,86,8,38,-4,46,48,2,0
49,0,88,-1,50,3,39,39,0,0
55,0,77,0,28,-2,21,48,28,1
39,1,77,0,38,0,39,39,0,0
37,0,75,0,34,0,38,41,2,0
37,0,96,-3,36,0,59,60,2,0
80,0,85,2,-40,3,5,126,122,1
49,0,83,0,50,2,33,33,0,0
49,-2,87,0,46,-15,38,41,2,0
41,2,80,0,42,4,39,39,0,0
37,0,76,0,26,3,39,50,12,0
45,0,80,0,44,-6,35,36,2,0
49,0,82,0,46,-2,33,35,2,0
37,0,90,0,28,-13,53,62,8,0
37,-203,106,0,36,8,69,69,0,0
43,-4,109,0,42,0,66,67,2,0
44,0,86,3,44,6,43,42,0,0
38,-1,76,-1,38,0,38,37,0,0
37,0,93,0,12,6,56,81,24,0
45,-4,88,0,46,17,42,41,0,0
53,5,86,0,54,11,33,32,0,0
42,1,96,0,42,0,54,55,0,0
55,-2,81,0,54,-5,26,27,2,0
37,0,104,3,26,24,67,78,12,0
37,0,106,0,26,-7,69,80,12,0
37,0,78,1,12,6,42,65,24,0
46,0,87,-1,46,-1,41,41,0,0
37,0,76,0,34,-26,40,43,2,0
55,4,74,-12,-4,-27,19,79,60,1
41,0,86,2,42,0,45,45,0,0
54,2,81,2,54,0,28,27,0,0
56,0,81,0,0,15,25,81,56,1
37,0,83,0,2,11,46,80,34,0
41,0,77,0,42,26,37,36,0,0
85,1,88,1,-2,0,3,91,88,1
49,-1,83,0,50,7,34,34,0,0
48,0,86,5,46,0,37,39,2,0
45,-2,81,0,46,8,36,35,0,0
37,0,79,-3,36,-5,42,43,0,0
37,0,78,0,20,-21,42,57,16,0
37,0,82,-2,36,0,45,46,0,0
37,0,75,0,28,6,38,46,8,0
55,0,92,3,30,-2,37,61,24,1
37,0,80,4,2,0,43,77,34,0
56,0,97,6,52,-1,41,45,4,1
49,-3,101,6,46,-29,52,55,2,0
45,0,84,0,44,0,39,40,2,0
37,-9,106,0,34,9,69,72,4,0
37,0,106,1,28,-21,69,78,8,0
39,1,82,0,38,0,42,43,0,0
44,0,84,0,42,-19,40,43,2,0
51,-3,80,-1,52,2,29,28,0,0
43,0,76,0,44,26,33,32,0,0
38,0,76,0,36,-28,38,40,2,0
56,0,78,0,42,-23,22,37,14,1
37,0,78,0,-4,10,41,83,42,0
45,-2,82,0,44,-23,37,38,2,0
44,4,79,0,44,23,35,35,0,0
55,0,79,0,20,20,23,58,34,1
51,5,81,0,50,-12,29,32,2,0
44,0,76,1,44,14,32,32,0,0
49,2,81,0,46,-1,33,35,2,0
37,0,79,0,18,21,42,61,18,0
43,0,81,6,42,-3,37,39,2,0
37,0,77,0,26,2,40,51,12,0
37,0,82,0,18,4,45,64,18,0
84,2,87,0,-2,0,3,90,86,1
44,0,89,0,42,-27,45,48,2,0
56,0,87,8,56,0,31,30,0,0
37,0,76,-1,26,-4,39,50,12,0
39,4,83,0,38,0,44,44,0,0
38,0,92,0,18,7,54,74,20,0
55,-1,98,3,46,0,42,51,8,1
39,-2,88,0,38,0,49,50,0,0
55,0,96,2,38,-13,41,57,16,1
55,0,77,0,26,-8,21,51,30,1
37,-1,82,0,36,-19,45,46,2,0
41,0,79,0,42,22,39,38,0,0
83,0,86,5,-2,0,4,89,86,1
41,0,88,4,38,-8,47,49,2,0
45,0,86,-4,46,14,41,40,0,0
47,5,81,2,46,0,34,35,0,0
48,-1,84,0,46,0,37,38,2,0
37,0,104,0,26,30,66,78,12,0
43,0,86,0,44,12,43,42,0,0
46,-2,82,0,46,0,36,35,0,0
56,2,83,0,54,-9,27,28,2,0
55,0,81,0,-20,10,26,102,76,1
53,1,81,0,54,14,28,26,0,0
38,-2,91,0,6,1,53,86,34,0
51,0,87,0,50,-2,36,38,2,0
41,0,87,0,42,21,46,46,0,0
37,0,74,0,26,-11,38,48,10,0
45,-1,77,0,44,-15,32,34,2,0
41,0,82,0,42,1,41,41,0,0
37,0,78,0,30,3,41,47,6,0
37,0,77,8,24,-14,40,54,14,0
37,-2,92,-2,6,-7,55,86,32,0
49,0,81,0,50,2,32,32,0,0
48,3,102,0,46,0,53,55,2,0
43,0,79,0,42,-16,35,37,2,0
56,0,86,2,56,2,31,30,0,0
49,1,94,0,46,-7,45,48,2,0
55,0,77,0,38,-30,22,39,16,1
44,0,76,0,42,-27,32,34,2,0
41,-1,83,0,42,0,41,41,0,0
48,-2,83,-8,46,-12,35,37,2,0
37,0,83,0,0,8,46,83,36,0
56,0,81,1,54,-5,25,26,2,0
37,0,104,0,26,0,67,78,12,0
37,0,81,0,30,-9,45,50,6,0
47,1,79,4,46,0,32,32,0,0
56,0,81,-2,-2,0,25,83,58,1
37,0,83,0,30,-15,46,52,6,0
56,1,83,0,56,8,27,26,0,0
44,0,79,0,44,12,36,35,0,0
66,0,109,0,64,-23,43,45,2,0
56,0,98,7,46,-3,42,51,10,1
52,0,86,0,52,-2,33,34,0,0
106,-5,108,2,72,0,2,35,34,1
43,0,77,-3,42,-12,34,35,2,0
56,-5,81,0,56,2,25,24,0,0
43,0,75,-2,42,-22,32,34,2,0
46,0,81,-1,46,-4,35,34,0,0
55,-1,98,0,44,-9,42,54,12,1
55,0,82,1,54,86,26,28,2,0
45,0,79,0,46,7,34,33,0,0
37,-4,81,0,36,-1,44,44,0,0
56,0,78,5,8,-30,22,70,48,1
82,1,86,0,-40,9,4,128,124,1
79,2,83,0,-30,0,4,114,110,1
44,4,85,0,44,2,41,41,0,0
45,0,87,0,44,-5,42,43,2,0
49,-5,101,2,50,11,52,52,0,0
56,0,77,0,-24,1,21,103,82,1
58,-3,91,0,56,0,33,34,0,0
55,0,95,-2,44,-3,40,51,12,1
38,-2,82,0,38,0,44,43,0,0
43,-5,77,0,42,0,35,36,2,0
37,0,80,0,20,-10,43,59,16,0
45,0,81,-1,44,-2,36,37,2,0
44,0,75,0,44,1,31,31,0,0
41,0,79,-2,42,3,38,37,0,0
37,0,77,0,-22,1,41,101,60,0
48,0,79,0,50,31,31,30,0,0
41,-4,80,0,42,20,39,39,0,0
56,0,97,0,52,29,41,45,4,1
37,1,81,-4,34,0,44,48,4,0
37,0,81,0,36,-18,43,44,2,0
45,0,90,0,44,-8,45,46,2,0
43,0,77,0,44,18,34,34,0,0
39,-5,76,-3,38,0,38,37,0,0
37,0,106,0,28,-4,69,78,8,0
51,3,86,0,52,16,35,35,0,0
55,0,93,0,50,-11,38,44,6,1
55,0,95,-2,36,-5,39,59,20,1
45,0,74,1,44,0,29,30,2,0
41,-3,80,0,42,8,39,39,0,0
53,0,102,0,52,-19,49,50,2,0
39,-3,76,1,38,0,36,37,0,0
52,0,78,1,52,0,26,26,0,0
37,0,81,0,24,-6,44,57,14,0
45,2,86,0,44,-2,41,42,2,0
55,-3,77,0,28,0,22,48,26,1
44,5,88,0,44,15,44,44,0,0
48,0,88,0,46,-2,40,42,2,0
37,0,83,0,-4,-3,46,88,42,0
56,5,95,0,46,0,40,49,10,1
84,0,88,0,0,14,3,88,84,1
56,-4,99,2,46,0,43,52,10,1
41,0,81,0,42,6,40,40,0,0
43,-1,79,0,42,-7,35,37,2,0
37,0,79,0,12,39,42,66,24,0
37,0,95,-5,12,-14,58,82,24,0
56,0,96,0,42,1,40,55,14,1
37,0,83,-3,18,0,47,65,18,0
45,0,87,6,44,-19,42,43,2,0
55,0,98,0,54,22,42,44,2,0
41,-3,78,0,42,0,37,37,0,0
56,0,77,0,-20,-4,21,97,76,1
56,0,98,0,46,5,42,51,10,1
37,0,78,0,-6,-16,42,86,44,0
52,2,79,0,52,0,26,27,0,0
55,0,77,-2,-28,5,21,105,84,1
37,0,75,0,26,11,38,49,12,0
46,2,84,0,46,0,38,37,0,0
47,-5,85,0,46,0,38,39,0,0
49,0,86,5,50,19,38,37,0,0
56,3,98,0,46,28,42,51,10,1
37,0,106,0,24,21,69,82,14,0
37,0,106,0,30,-12,69,75,6,0
56,0,95,0,44,24,40,51,12,1
45,-5,76,0,46,7,31,30,0,0
55,0,77,-1,12,0,22,65,42,1
56,0,78,-1,44,8,22,34,12,1
102,0,102,-6,72,25,1,30,30,1
44,2,79,0,44,6,36,35,0,0
46,0,76,4,46,0,30,30,0,0
38,0,86,0,38,0,48,48,0,0
44,5,79,0,42,-11,35,37,2,0
37,0,83,0,16,6,46,67,22,0
37,0,77,0,24,-7,40,54,14,0
37,0,77,0,30,-27,40,46,6,0
52,3,88,0,52,0,36,37,0,0
37,0,106,0,36,1,68,69,2,0
54,0,87,7,54,-1,33,33,0,0
40,-1,76,-3,38,0,36,37,2,0
41,1,83,0,42,4,42,42,0,0
37,0,79,0,8,9,42,71,28,0
46,0,85,0,46,12,39,39,0,0
41,0,83,2,38,-6,42,44,2,0
37,0,77,0,-10,-21,41,88,46,0
37,0,79,0,12,6,43,66,24,0
37,0,76,-3,28,-36,40,48,8,0
56,0,79,0,16,7,23,63,40,1
41,0,79,5,42,1,38,38,0,0
55,3,77,0,28,0,21,48,28,1
43,-2,76,-1,42,-8,32,34,2,0
37,0,93,0,30,16,56,62,6,0
43,0,75,0,44,25,32,31,0,0
48,0,106,0,50,31,58,57,0,0
43,0,83,-1,42,-12,40,42,2,0
37,0,79,0,6,-10,42,74,32,0
56,0,98,0,44,24,42,54,12,1
56,4,77,0,16,-3,22,62,40,1
37,-3,79,7,36,-28,42,43,2,0
81,0,84,0,-22,-28,4,108,104,1
51,1,82,0,52,4,31,30,0,0
45,-2,88,0,46,7,43,42,0,0
55,-3,98,0,44,-4,42,54,12,1
43,0,79,-3,42,0,37,38,2,0
106,0,108,1,72,2,1,35,34,1
48,0,108,5,46,0,59,61,2,0
37,0,104,0,18,27,67,86,18,0
38,1,76,0,38,19,38,37,0,0
49,1,95,0,46,-11,47,49,2,0
49,0,81,-1,50,-7,32,32,0,0
44,0,86,5,42,-28,43,45,2,0
58,5,90,-6,56,0,32,33,2,0
41,0,82,-1,42,2,41,41,0,0
47,3,78,-6,46,0,31,32,0,0
55,0,96,3,44,0,41,52,12,1
37,0,79,2,16,-4,42,63,22,0
37,0,77,6,-18,-1,41,96,54,0
45,0,87,4,46,18,42,41,0,0
41,0,81,0,38,-26,39,42,2,0
49,0,88,0,50,7,39,39,0,0
45,-3,78,0,44,0,34,34,0,0
53,2,87,0,52,0,34,35,2,0
82,5,86,1,-2,4,3,88,84,1
55,0,78,0,16,-1,23,63,40,1
45,0,78,0,46,15,33,32,0,0
38,0,77,0,38,6,40,39,0,0
37,0,77,0,10,15,40,66,26,0
48,3,88,-4,46,0,40,41,2,0
43,-3,83,0,42,-11,39,41,2,0
37,0,79,-7,8,0,42,72,30,0
41,0,82,-7,38,0,41,43,2,0
37,0,77,0,34,14,40,44,4,0
37,0,75,0,28,-12,38,46,8,0
48,3,102,0,46,0,54,55,2,0
45,-1,76,0,46,9,31,30,0,0
41,0,77,0,42,12,36,36,0,0
55,0,91,0,56,28,35,34,0,0
55,0,76,-5,-12,-27,21,89,68,1
52,0,84,0,52,-6,31,32,0,0
37,0,108,5,36,0,71,71,0,0
55,0,95,7,36,-3,40,59,20,1
46,0,88,-5,46,-4,41,41,0,0
53,0,88,2,52,-5,35,36,2,0
40,-1,83,8,38,0,43,44,2,0
37,0,74,0,30,-10,37,43,6,0
51,-1,88,-3,52,13,37,37,0,0
40,0,82,6,38,0,42,43,2,0
41,1,79,0,38,-16,38,40,2,0
45,-5,87,-2,44,0,43,43,0,0
52,0,83,0,54,29,30,28,0,0
42,4,88,0,42,0,46,46,0,0
37,4,100,0,34,0,64,67,4,0
51,0,81,0,50,-24,30,32,2,0
82,0,86,-1,-40,8,4,128,124,1
55,0,95,-7,54,7,40,41,2,0
41,0,83,2,38,-9,42,44,2,0
37,0,106,-7,30,0,69,75,6,0
37,0,77,0,-14,23,40,92,52,0
43,-5,81,6,42,0,38,40,2,0
56,0,87,-1,56,1,31,30,0,0
52,0,86,0,52,-1,34,35,0,0
80,0,84,7,-38,-2,5,123,118,1
37,0,76,0,26,-9,39,50,12,0
48,-1,76,-1,46,0,28,30,2,0
51,0,88,0,50,-13,37,39,2,0
45,-4,88,0,44,56,43,44,2,0
37,0,77,0,36,-1,39,41,2,0
38,3,76,0,38,9,38,37,0,0
50,4,83,0,50,0,34,34,0,0
37,0,103,0,24,-17,66,80,14,0
55,0,77,-4,12,-2,22,65,42,1
37,0,74,-3,28,0,37,46,8,0
55,0,79,0,20,-12,23,58,34,1
49,0,87,0,46,-3,38,41,2,0
37,0,77,0,36,-18,39,41,2,0
55,0,92,0,36,-5,37,56,20,1
47,-1,89,0,46,0,42,42,0,0
56,0,86,0,54,-10,31,32,2,0
56,-3,107,0,56,4,51,50,0,0
55,0,98,0,52,-9,42,46,4,1
45,0,88,0,44,-20,42,44,2,0
37,-2,82,0,36,0,45,46,0,0
41,0,83,-3,42,19,42,41,0,0
44,5,88,0,44,6,45,44,0,0
54,-2,81,0,54,0,26,26,0,0
37,0,75,0,18,-10,38,57,18,0
37,3,109,21,28,0,72,81,8,0
47,0,88,2,46,0,41,41,0,0
56,0,83,0,54,-9,27,28,2,0
49,0,107,3,50,20,58,58,0,0
55,0,78,-3,16,0,23,63,40,1
37,0,92,-1,26,13,55,66,12,0
37,0,106,0,24,-16,69,83,14,0
82,0,86,0,-42,-29,5,130,126,1
55,0,82,0,-40,-16,26,123,96,1
39,-4,82,0,38,0,43,43,0,0
52,5,86,0,52,0,34,34,0,0
104,2,105,2,70,0,1,35,34,1
51,0,81,0,50,-1,30,32,2,0
37,0,77,0,0,16,41,77,36,0
37,0,105,3,34,15,68,71,4,0
51,0,81,0,52,1,29,29,0,0
43,-4,81,6,42,-11,38,40,2,0
46,4,77,0,46,3,31,31,0,0
37,0,76,0,24,2,39,53,14,0
56,0,76,0,-4,10,20,81,62,1
37,0,78,0,10,-5,42,68,26,0
56,0,97,-1,46,0,41,50,10,1
41,0,79,0,42,4,38,37,0,0
37,0,108,-2,34,0,71,75,4,0
37,0,76,6,30,-22,40,45,6,0
51,5,84,0,52,16,33,32,0,0
46,3,77,0,46,17,32,31,0,0
46,2,83,0,46,0,36,36,0,0
55,2,77,0,54,0,23,23,0,0
49,0,78,0,46,-24,29,32,2,0
44,0,80,-7,44,17,36,36,0,0
42,3,76,0,42,0,35,35,0,0
44,0,83,0,44,18,39,39,0,0
85,-4,89,0,2,0,4,86,82,1
52,0,84,-3,52,-4,32,32,0,0
56,0,77,0,-14,5,21,92,72,1
45,0,76,2,44,0,32,32,0,0
52,4,85,0,52,0,33,33,0,0
49,1,86,0,50,19,37,37,0,0
40,-5,76,1,38,0,36,37,2,0
38,1,76,0,38,4,38,37,0,0
37,0,81,0,36,-1,44,45,2,0
49,4,84,0,50,20,35,35,0,0
51,4,77,0,50,0,26,28,2,0
81,0,84,-2,-18,17,4,103,98,1
80,0,84,4,-36,25,5,121,116,1
53,4,83,2,54,1,30,29,0,0
37,0,75,0,20,31,38,54,16,0
46,0,82,0,44,-15,36,38,2,0
44,0,79,0,42,-30,35,37,2,0
37,0,76,3,26,16,39,50,12,0
49,0,100,0,46,-14,52,54,2,0
44,0,83,0,44,9,40,39,0,0
37,0,80,0,28,12,43,52,8,0
54,-4,83,0,54,0,28,28,0,0
43,3,86,0,42,0,43,44,2,0
38,0,77,0,38,2,40,39,0,0
41,0,81,0,42,17,41,40,0,0
52,-2,86,0,52,-5,33,34,0,0
56,4,98,0,38,-1,42,59,18,1
37,0,79,-2,10,-5,42,68,26,0
45,0,76,0,46,21,30,29,0,0
37,0,80,0,24,-16,43,57,14,0
53,0,84,0,54,23,32,30,0,0
44,4,88,0,44,12,44,44,0,0
56,0,95,0,46,-7,40,49,10,1
56,0,77,0,-20,3,21,97,76,1
37,0,78,0,20,12,42,57,16,0
80,0,84,3,-20,0,4,105,100,1
53,0,86,0,52,-12,33,34,2,0
56,0,77,0,0,13,21,77,56,1
51,-3,87,0,52,0,36,35,0,0
45,-2,79,0,46,17,33,32,0,0
44,0,77,0,44,4,33,33,0,0
44,-2,106,4,44,7,63,62,0,0
37,0,76,0,26,29,39,50,12,0
41,0,80,0,42,4,39,39,0,0
55,-2,82,0,56,28,26,25,0,0
37,1,90,0,28,1,53,62,8,0
39,0,80,-3,38,0,41,41,0,0
55,0,79,0,20,0,23,58,34,1
37,0,76,0,34,24,40,43,2,0
37,5,83,0,36,0,46,46,0,0
54,-3,79,8,54,0,26,25,0,0
55,-2,98,0,38,-1,42,59,16,1
76,-5,81,0,-40,0,4,122,118,1
49,0,81,0,50,22,32,32,0,0
55,0,98,0,54,26,42,44,2,0
45,0,88,2,44,2,43,44,2,0
41,-3,77,0,42,0,36,36,0,0
43,2,87,0,42,0,44,46,2,0
47,3,81,8,46,0,34,35,0,0
37,0,76,0,28,2,39,47,8,0
42,4,82,0,42,0,40,41,0,0
56,-1,76,13,0,0,20,76,56,1
56,0,86,0,56,20,30,29,0,0
37,0,80,-2,12,-5,43,67,24,0
37,-2,97,0,36,0,60,61,0,0
45,0,85,-2,44,-3,40,41,2,0
37,0,78,0,20,30,41,57,16,0
55,1,91,0,54,0,35,37,2,0
45,0,79,6,44,-2,33,35,2,0
57,3,75,17,0,1,18,75,56,1
48,0,78,0,46,-4,30,32,2,0
56,0,97,-5,50,-15,41,48,6,1
51,0,83,0,52,29,32,31,0,0
49,0,95,0,46,-21,47,49,2,0
44,-10,88,0,44,0,44,44,0,0
45,-1,79,0,44,-26,33,35,2,0
64,4,113,0,62,-11,48,51,2,0
42,-1,77,2,42,0,35,35,0,0
47,0,84,2,46,0,36,37,0,0
50,1,85,0,50,0,35,36,2,0
46,5,79,0,46,0,33,32,0,0
56,-1,96,0,52,7,40,44,4,1
42,-1,76,0,42,0,34,35,2,0
37,0,79,2,12,0,43,66,24,0
56,-3,97,0,52,0,41,45,4,1
56,0,77,0,0,20,21,77,56,1
44,0,82,0,42,-8,38,41,2,0
37,0,76,-1,28,20,39,47,8,0
53,0,86,1,52,-1,33,35,2,0
48,0,81,4,46,0,33,34,2,0
47,-1,81,-4,46,-5,34,34,0,0
78,-1,83,0,-40,1,4,124,120,1
37,0,82,0,18,13,45,64,18,0
49,3,102,0,46,-16,53,55,2,0
55,-1,90,0,54,-3,34,35,2,0
37,0,81,-4,-4,0,44,86,42,0
56,0,78,-1,0,0,22,78,56,1
51,-1,78,0,50,-9,27,29,2,0
79,-40,107,0,62,-6,28,45,16,1
49,0,80,0,46,-4,31,34,2,0
38,0,93,0,30,2,55,62,8,0
37,0,105,-4,20,-6,68,84,16,0
37,0,76,0,36,-6,39,40,2,0
37,0,80,0,34,-6,43,46,4,0
51,0,79,0,50,-5,28,30,2,0
85,0,88,-1,6,19,3,83,80,1
38,0,92,0,18,4,54,74,20,0
105,4,106,2,72,6,1,33,32,1
37,0,104,0,28,21,67,75,8,0
48,2,106,-6,46,0,58,60,2,0
37,0,95,0,28,2,58,67,8,0
45,-1,83,0,44,-5,37,39,2,0
56,0,95,0,54,-12,40,41,2,0
45,0,82,5,46,17,37,35,0,0
37,0,78,0,-6,-12,41,86,44,0
37,0,93,0,30,8,56,62,6,0
47,-1,109,1,46,0,62,62,0,0
48,4,81,4,46,0,32,34,2,0
56,0,95,0,50,21,40,46,6,1
46,0,108,-2,44,-13,62,64,2,0
47,5,88,0,46,0,41,42,0,0
48,4,88,0,46,0,40,41,2,0
56,2,81,0,-4,0,25,86,62,1
56,0,96,-5,50,0,40,47,6,1
37,0,83,0,0,-27,46,83,36,0
55,0,76,0,-14,-2,21,92,70,1
51,1,84,0,52,14,33,32,0,0
83,0,86,0,-4,-7,4,92,88,1
40,-3,100,7,38,-1,60,62,2,0
45,0,87,0,44,-24,42,43,2,0
37,-5,106,0,34,6,69,72,4,0
106,0,108,0,70,-1,1,38,36,1
42,0,78,0,42,-1,36,37,2,0
37,0,79,3,12,4,42,66,24,0
55,0,81,-4,-12,0,26,94,68,1
37,0,107,0,28,26,69,78,8,0
45,0,77,-4,44,0,32,33,2,0
57,0,90,-2,56,0,33,33,0,0
48,0,77,0,46,-9,28,30,2,0
56,0,76,0,-4,8,20,81,62,1
56,0,97,-1,46,0,41,51,10,1
81,0,84,-2,-22,0,3,108,104,1
46,0,100,-2,46,0,54,53,0,0
45,-3,82,-7,46,5,37,35,0,0
53,-3,104,0,54,0,50,49,0,0
37,0,81,0,-2,3,44,84,40,0
56,0,78,-4,16,0,22,63,40,1
79,0,83,0,-42,-81,4,127,124,1
44,0,84,-4,44,1,41,41,0,0
37,0,103,-2,28,0,66,75,8,0
44,3,81,0,44,18,37,37,0,0
56,0,96,2,42,0,40,55,14,1
43,0,75,0,44,9,32,31,0,0
38,1,81,0,38,3,43,43,0,0
44,-3,81,0,44,6,38,37,0,0
42,5,83,0,42,0,41,41,0,0
38,0,76,0,38,15,38,37,0,0
44,4,85,1,44,0,41,41,0,0
51,0,84,0,52,14,33,32,0,0
85,5,89,0,6,-5,4,84,80,1
56,0,91,0,-2,19,35,93,58,1
56,0,97,0,50,8,40,48,8,1
55,0,97,5,42,0,41,55,14,1
55,0,97,0,52,1,41,45,4,1
37,0,77,-2,28,-3,40,48,8,0
42,-5,88,-6,42,0,46,46,0,0
37,0,80,0,16,-18,43,65,22,0
45,0,100,0,44,0,55,56,2,0
43,-3,79,0,42,0,36,37,2,0
37,-4,81,-3,38,-25,43,42,0,0
45,-1,81,0,46,17,36,35,0,0
48,1,88,4,46,0,40,42,2,0
62,0,109,-1,60,0,47,49,2,0
41,9,78,0,42,-19,37,37,0,0
37,3,81,0,36,-4,43,44,2,0
51,0,80,0,52,24,29,28,0,0
46,1,76,-1,46,0,29,29,0,0
37,0,80,0,24,-7,43,57,14,0
37,0,74,-3,20,-6,37,54,16,0
47,1,90,0,46,0,42,43,0,0
37,0,77,3,36,4,40,41,0,0
37,0,97,-6,18,-9,60,79,18,0
37,0,76,4,26,0,39,50,12,0
42,-1,97,0,42,0,54,55,2,0
55,-3,80,-6,20,-13,25,59,34,1
56,0,78,0,24,-4,22,55,32,1
80,1,84,6,-40,9,5,126,122,1
46,0,82,2,46,11,36,35,0,0
55,5,81,-1,54,0,26,26,0,0
51,-2,83,0,50,-7,32,34,2,0
37,0,99,-1,28,-3,61,70,8,0
41,1,83,0,42,25,42,42,0,0
52,0,82,8,52,0,30,30,0,0
56,0,79,0,8,-9,23,71,48,1
80,0,84,-3,-42,0,4,128,124,1
55,-3,98,0,44,-18,42,54,12,1
55,0,78,0,8,0,23,70,48,1
56,0,95,0,46,12,40,49,10,1
37,0,77,0,-22,19,41,101,60,0
51,0,80,0,52,20,29,28,0,0
37,0,78,0,26,6,41,52,12,0
37,0,83,0,16,-22,47,68,22,0
83,-5,86,0,-4,-15,4,92,88,1
44,0,81,-4,44,6,38,37,0,0
55,0,77,0,18,26,22,59,38,1
37,0,103,0,18,-12,66,85,18,0
56,-1,87,5,56,0,31,30,0,0
55,0,81,0,54,-5,26,27,2,0
46,0,88,-3,46,0,43,42,0,0
49,1,83,0,50,15,34,33,0,0
41,0,86,5,42,0,45,45,0,0
37,0,78,0,18,14,42,60,18,0
37,0,78,0,10,-3,42,68,26,0
41,0,85,0,42,32,44,44,0,0
37,-1,77,0,38,14,39,38,0,0
47,-1,83,0,46,0,36,36,0,0
56,4,77,0,-24,0,21,103,82,1
37,0,79,0,10,5,43,69,26,0
37,0,79,0,26,3,43,54,10,0
37,0,77,6,28,-19,41,49,8,0
55,0,81,0,-22,-8,26,105,78,1
37,0,76,0,36,31,39,40,2,0
55,0,79,0,2,-23,23,76,52,1
80,-32,88,-6,8,0,9,81,72,1
48,0,88,-4,50,29,40,39,0,0
39,0,79,6,38,0,41,41,0,0
43,-4,87,0,42,0,44,46,2,0
104,-1,106,-3,70,-4,1,36,34,1
53,-1,81,3,54,0,28,27,0,0
53,-5,81,0,54,0,27,26,0,0
38,0,92,0,18,1,54,74,20,0
53,1,86,-1,54,1,32,32,0,0
42,2,81,0,42,-1,40,40,0,0
43,0,76,0,44,13,32,32,0,0
56,0,92,0,54,11,36,38,2,0
37,0,79,0,28,13,42,50,8,0
37,0,96,0,34,12,59,62,4,0
53,-5,86,0,52,-24,33,35,2,0
45,-2,106,-4,44,0,61,62,2,0
45,2,77,0,44,0,32,33,2,0
53,0,83,0,52,-26,30,32,2,0
55,0,78,0,54,-1,23,24,2,0
56,0,97,0,42,3,41,55,14,1
55,0,77,-2,10,7,22,67,46,1
37,0,77,0,34,-3,40,43,2,0
46,3,88,-4,44,-24,42,44,2,0
37,0,103,-1,24,-2,66,80,14,0
43,-3,84,0,44,14,41,40,0,0
56,0,86,0,56,16,30,29,0,0
37,0,100,0,34,16,64,67,4,0
43,1,88,-1,42,0,45,47,2,0
41,0,83,2,38,-3,42,44,2,0
45,-3,77,0,46,8,32,31,0,0
56,0,76,0,-2,10,20,79,58,1
37,0,77,0,34,15,40,43,4,0
55,0,77,0,30,-3,22,46,24,1
37,0,102,5,28,0,65,73,8,0
85,0,88,0,2,-13,3,86,82,1
37,3,77,0,34,0,39,43,4,0
41,0,88,0,38,-23,48,50,2,0
41,3,78,0,42,6,37,37,0,0
37,4,80,0,34,5,43,46,4,0
56,-1,77,-3,24,-8,22,54,32,1
101,-4,102,0,70,-6,1,33,32,1
41,-2,77,0,38,-24,37,39,2,0
37,0,77,0,38,22,40,39,0,0
56,1,82,0,56,17,26,25,0,0
73,11,77,9,-42,-5,4,121,118,1
51,1,86,0,52,3,35,34,0,0
56,0,95,0,52,31,40,44,4,1
71,3,75,1,-40,16,4,116,112,1
41,0,84,0,38,-19,43,45,2,0
55,0,96,0,42,3,41,55,14,1
49,0,95,0,46,0,47,49,2,0
38,1,96,0,38,10,58,57,0,0
55,-4,81,0,54,0,26,26,0,0
49,1,87,0,50,1,38,38,0,0
37,0,75,0,36,-2,37,39,2,0
55,0,80,-1,-2,8,25,83,58,1
37,0,82,-2,-2,15,45,85,40,0
37,0,105,-6,34,0,68,71,4,0
54,-2,80,0,54,0,26,26,0,0
40,-2,100,0,38,0,61,62,2,0
37,0,79,0,10,0,42,69,26,0
79,5,83,0,-42,0,4,127,122,1
37,0,78,-2,12,18,42,65,24,0
56,1,98,0,42,-10,42,57,14,1
40,0,79,1,38,0,39,41,2,0
56,0,91,-1,56,23,35,34,0,0
55,-3,83,0,54,-4,28,29,2,0
56,0,77,0,18,26,22,59,38,1
56,0,79,0,54,-22,23,24,2,0
78,1,82,1,-40,12,4,123,120,1
56,0,81,0,54,-20,25,27,2,0
102,0,103,0,70,-3,1,33,32,1
37,0,95,0,12,-16,58,82,24,0
44,0,82,1,44,7,38,38,0,0
56,0,76,0,-14,10,20,92,72,1
53,0,83,5,54,3,30,29,0,0
56,0,96,0,54,-28,40,42,2,0
37,0,95,-5,18,0,58,77,18,0
38,-2,100,0,38,0,62,62,0,0
43,1,79,0,42,-6,35,37,2,0
46,0,92,6,46,0,46,46,0,0
41,-1,76,-1,42,0,35,35,0,0
37,-1,77,0,34,-3,41,44,2,0
41,1,81,0,42,6,39,39,0,0
53,0,81,0,54,13,28,27,0,0
43,0,83,0,44,27,40,39,0,0
37,0,79,0,16,4,43,64,22,0
44,2,81,0,44,6,37,37,0,0
41,-2,83,0,38,-9,42,44,2,0
51,0,91,0,50,-18,40,42,2,0
55,-4,80,0,54,0,25,26,0,0
37,0,79,0,8,3,43,72,28,0
56,0,96,0,36,5,40,60,20,1
48,-2,84,0,46,-1,36,38,2,0
46,0,87,0,46,0,41,41,0,0
37,-4,83,0,36,-11,46,47,2,0
37,0,77,0,28,28,40,48,8,0
55,0,96,0,50,-21,41,47,6,1
46,-2,83,0,44,-27,37,39,2,0
37,0,83,7,-4,0,46,88,42,0
55,0,78,-4,18,0,23,60,38,1
85,7,89,0,8,22,4,81,78,1
42,4,84,1,42,0,42,43,0,0
37,0,76,0,20,14,40,55,16,0
37,4,75,0,26,-1,38,49,12,0
38,-5,76,0,-2,0,38,79,40,0
55,0,77,5,-22,1,21,100,78,1
55,0,95,0,34,-26,40,62,22,1
43,0,77,7,42,0,35,36,2,0
37,0,80,-1,36,-4,43,44,2,0
37,0,106,2,38,18,69,67,0,0
37,0,79,0,34,-1,43,46,2,0
40,-3,97,0,38,0,57,59,2,0
49,0,84,0,46,-3,36,38,2,0
47,-5,100,0,46,0,53,54,0,0
43,-2,81,0,42,-11,38,40,2,0
55,0,95,0,54,28,40,41,2,0
105,0,106,-2,70,-1,1,36,36,1
41,-4,81,0,42,0,40,40,0,0
41,3,83,0,38,-26,41,44,2,0
56,3,97,0,44,0,41,53,12,1
41,0,97,0,38,-4,56,58,2,0
37,0,76,0,24,-3,40,53,14,0
37,0,76,0,34,-11,39,42,2,0
52,1,86,0,52,0,35,35,0,0
41,-1,86,0,38,-29,46,48,2,0
47,4,86,3,46,0,40,40,0,0
37,0,82,-6,34,0,45,48,2,0
43,0,80,0,42,-4,37,39,2,0
56,0,96,0,54,-4,40,42,2,0
56,0,81,0,-18,5,25,99,74,1
43,0,96,3,42,-1,53,55,2,0
39,0,77,7,38,0,38,39,0,0
55,-3,98,0,46,24,42,51,8,1
49,-5,107,-1,50,0,58,58,0,0
37,0,104,0,24,27,67,81,14,0
45,0,77,0,46,8,31,30,0,0
55,0,91,-7,-4,7,35,96,60,1
41,0,86,0,38,-11,46,48,2,0
48,0,77,0,46,0,29,31,2,0
45,1,107,0,44,0,62,63,0,0
45,-3,81,3,46,7,36,35,0,0
53,1,84,0,52,-7,32,33,2,0
45,1,87,8,44,0,43,43,0,0
46,5,86,0,46,2,40,39,0,0
50,4,78,0,50,0,29,29,0,0
49,0,86,-2,50,-2,37,37,0,0
37,0,105,-2,18,11,68,87,18,0
49,-5,81,0,50,-1,32,32,0,0
37,0,81,4,36,-2,43,44,2,0
46,0,81,0,44,-5,35,37,2,0
37,0,106,0,26,-23,68,80,12,0
37,0,78,0,20,-8,41,57,16,0
45,0,77,-1,44,-2,31,33,2,0
41,0,79,2,42,5,38,38,0,0
37,1,83,4,34,0,45,49,4,0
37,0,80,0,18,4,43,62,18,0
52,-1,87,4,52,0,35,35,0,0
41,3,78,0,38,-27,37,39,2,0
56,0,81,0,-14,12,25,97,72,1
42,-1,108,0,42,0,65,66,2,0
55,0,97,0,50,13,42,48,6,1
44,0,106,-2,44,9,62,62,0,0
37,3,83,-1,34,0,45,49,4,0
52,0,82,0,52,0,29,30,0,0
56,0,97,0,56,7,40,40,0,0
55,0,95,4,42,0,40,54,14,1
41,0,88,0,42,21,48,47,0,0
46,-3,82,0,46,0,36,35,0,0
37,0,84,0,30,3,47,53,6,0
45,-1,86,-7,44,10,40,42,2,0
42,0,90,2,42,0,47,48,2,0
56,0,92,3,-2,0,36,94,58,1
55,0,96,0,42,14,41,55,14,1
46,0,100,0,46,0,54,53,0,0
37,0,79,0,26,-8,43,54,10,0
37,0,79,0,6,28,42,74,32,0
39,-1,83,2,38,0,44,44,0,0
37,5,76,-1,20,0,39,55,16,0
55,0,82,0,-36,1,26,118,92,1
55,-1,86,0,54,-4,31,32,2,0
44,-5,77,0,44,0,33,34,0,0
48,4,83,0,46,0,34,36,2,0
44,0,89,0,44,1,45,45,0,0
44,0,86,8,44,0,42,42,0,0
51,0,81,0,52,2,30,30,0,0
37,0,79,0,18,24,43,61,18,0
49,0,100,0,50,10,52,51,0,0
42,0,80,-4,42,0,38,39,2,0
50,0,86,-1,50,0,35,37,2,0
51,0,81,0,52,29,30,29,0,0
55,0,79,0,24,3,23,55,32,1
81,3,85,0,-12,0,4,98,94,1
108,2,109,0,72,4,1,36,36,1
56,0,97,0,42,-14,41,55,14,1
50,0,79,4,50,0,29,30,0,0
43,3,81,0,42,0,37,39,2,0
49,0,100,0,46,-8,52,54,2,0
37,0,90,0,34,31,53,57,4,0
56,0,97,0,44,-13,41,53,12,1
45,0,76,2,44,0,31,32,2,0
56,0,77,0,-20,14,21,97,76,1
55,0,77,0,10,7,21,66,46,1
41,1,79,0,42,7,38,38,0,0
55,0,77,0,36,-10,22,41,20,1
102,0,103,0,70,-2,1,33,32,1
37,0,78,0,18,-17,42,60,18,0
50,0,82,8,50,0,32,33,2,0
47,0,82,-6,46,0,34,35,0,0
37,0,77,-2,34,0,40,43,4,0
38,1,79,0,38,7,41,40,0,0
49,0,95,0,46,-2,47,49,2,0
37,0,76,0,28,23,39,47,8,0
51,0,82,4,52,2,31,30,0,0
53,5,78,0,52,0,25,26,2,0
37,0,78,0,-2,8,41,81,40,0
55,-2,85,0,54,0,31,31,0,0
55,0,77,0,12,8,21,64,42,1
41,2,78,0,38,-21,37,39,2,0
37,0,81,-2,20,0,44,61,16,0
37,0,83,0,16,-4,47,68,22,0
52,2,81,-6,52,0,29,30,0,0
37,0,77,3,28,17,41,49,8,0
42,0,102,0,42,0,60,61,2,0
85,1,88,0,2,3,3,86,82,1
53,1,85,0,54,19,32,31,0,0
55,0,96,0,44,4,41,52,12,1
37,0,78,0,-4,-6,42,83,42,0
56,0,96,0,38,-25,40,57,18,1
44,2,81,0,44,11,38,37,0,0
38,0,77,-6,38,0,39,38,0,0
106,0,107,-2,70,0,1,37,36,1
45,2,76,0,44,-2,31,32,2,0
47,1,88,2,46,0,41,41,0,0
56,0,97,0,50,0,41,48,6,1
47,3,88,2,46,0,41,41,0,0
56,0,97,1,44,-8,41,53,12,1
49,2,81,0,50,19,33,32,0,0
46,0,77,-1,46,-1,32,31,0,0
56,-1,97,0,52,2,41,45,4,1
43,0,77,0,42,-12,34,36,2,0
43,0,88,0,42,-10,45,47,2,0
45,-5,86,0,44,0,41,42,0,0
48,2,102,0,46,0,54,55,2,0
37,0,74,0,34,3,37,41,4,0
44,4,77,0,44,2,33,34,0,0
40,4,77,0,38,0,37,38,2,0
55,-1,99,7,38,0,43,60,16,1
45,4,79,1,44,0,35,35,0,0
55,0,97,-5,50,0,41,48,6,1
41,4,82,0,42,24,41,41,0,0
47,0,79,0,46,0,33,33,0,0
56,0,77,0,-14,-11,21,92,72,1
56,0,82,2,-12,13,26,95,68,1
55,2,87,2,54,0,32,33,2,0
41,0,79,1,42,22,38,37,0,0
37,0,76,0,26,25,39,50,12,0
56,0,97,0,52,14,41,46,4,1
52,4,79,6,52,0,27,27,0,0
42,-1,87,0,42,0,45,46,0,0
51,2,79,0,52,11,27,27,0,0
56,0,77,0,24,3,22,54,32,1
55,0,92,0,28,-2,36,63,28,1
44,0,82,7,44,0,38,38,0,0
39,-4,77,0,38,0,37,38,0,0
41,0,77,0,38,-11,36,39,2,0
41,0,76,0,38,-2,35,37,2,0
37,0,76,-1,28,-24,39,47,8,0
53,0,86,0,54,4,32,32,0,0
53,0,84,0,54,18,31,30,0,0
51,0,77,0,52,18,26,25,0,0
58,3,86,0,56,0,27,29,2,0
55,-2,98,-3,42,-4,42,57,14,1
41,-1,83,0,38,-25,42,44,2,0
55,0,77,-2,8,-26,22,70,48,1
59,-3,84,0,60,0,25,24,0,0
49,0,86,3,46,-8,38,40,2,0
46,5,83,0,46,8,37,36,0,0
56,0,84,0,56,1,29,28,0,0
83,0,86,0,-6,-12,3,94,90,1
83,0,86,0,-4,10,3,92,88,1
37,-2,80,0,20,26,43,59,16,0
56,5,95,0,42,-4,40,54,14,1
46,0,90,0,46,8,44,44,0,0
42,0,80,2,42,0,38,39,0,0
53,0,86,-3,54,7,33,32,0,0
55,-1,97,1,50,0,41,48,6,1
43,0,82,0,42,-12,39,41,2,0
46,0,82,0,46,9,36,35,0,0
41,0,76,0,38,-19,35,37,2,0
37,0,76,-1,24,-2,39,53,14,0
52,1,79,5,52,0,27,27,0,0
43,0,86,0,42,-1,42,44,2,0
41,0,77,0,38,-29,36,38,2,0
52,-2,88,1,52,-2,35,36,0,0
46,0,107,0,46,3,61,60,0,0
55,0,89,-3,54,0,34,35,0,0
40,2,75,0,38,0,35,36,2,0
53,-1,81,0,54,0,28,27,0,0
49,5,88,0,50,29,40,39,0,0
37,0,81,0,8,-9,44,73,28,0
55,0,93,3,20,0,38,73,34,1
37,0,76,0,38,25,39,37,0,0
55,0,96,0,42,-26,41,55,14,1
37,0,76,0,20,-4,40,55,16,0
55,0,94,2,18,-2,39,76,38,1
51,2,87,0,52,13,36,35,0,0
41,-4,76,-2,38,-10,35,37,2,0
53,-1,80,-2,54,-3,27,26,0,0
52,-3,102,0,52,0,49,50,0,0
37,-5,100,0,36,0,64,64,0,0
46,0,80,0,46,10,34,34,0,0
37,0,93,0,10,31,55,82,28,0
50,0,81,-2,50,-3,32,32,0,0
41,-3,77,0,38,-30,36,38,2,0
49,5,86,0,46,-4,37,39,2,0
37,0,95,0,10,5,58,84,26,0
39,0,86,7,38,0,46,47,0,0
55,0,77,0,20,12,22,57,34,1
46,-1,76,0,46,0,30,29,0,0
55,0,77,0,36,-1,22,41,20,1
44,0,80,0,44,11,36,36,0,0
41,0,77,0,38,-17,37,39,2,0
50,0,107,0,50,0,57,58,0,0
55,0,77,0,12,3,21,64,42,1
41,0,77,2,42,3,36,36,0,0
37,0,79,-3,36,-12,41,43,2,0
42,5,106,0,42,1,65,65,0,0
39,-5,90,2,6,0,51,85,34,0
37,0,77,0,2,0,40,75,34,0
43,-3,83,0,42,0,40,42,2,0
37,0,77,0,-14,24,40,92,52,0
53,0,77,0,54,21,25,23,0,0
58,0,86,0,56,-8,27,29,2,0
56,4,95,0,44,4,39,51,12,1
55,0,78,0,6,-19,23,73,50,1
56,0,97,0,38,18,41,58,18,1
43,0,83,0,42,-21,39,41,2,0
58,0,90,-5,56,0,32,33,2,0
55,5,84,5,54,0,29,30,0,0
41,-2,76,0,38,-14,35,37,2,0
50,5,84,0,50,0,34,35,2,0
43,0,81,4,42,-13,37,39,2,0
37,0,76,0,34,16,39,42,4,0
37,-3,90,-1,8,3,53,82,30,0
56,-1,97,0,46,7,41,51,10,1
41,0,86,-3,42,1,45,44,0,0
41,0,75,0,38,-1,34,36,2,0
42,2,76,0,42,0,33,34,2,0
37,0,80,0,28,14,43,52,8,0
56,2,99,0,50,2,43,49,6,1
56,0,81,0,-14,0,25,97,72,1
55,0,93,0,50,14,37,44,6,1
47,0,84,0,46,0,37,38,0,0
55,-1,98,5,50,20,42,49,6,1
37,1,81,-2,34,0,44,48,4,0
45,2,83,8,44,0,38,39,2,0
42,1,81,0,42,0,38,39,2,0
43,0,76,0,44,28,32,32,0,0
48,-4,83,0,46,0,35,37,2,0
43,1,79,0,42,0,36,37,2,0
42,-3,88,0,42,0,46,46,0,0
37,0,77,0,2,14,40,74,34,0
105,-5,106,2,70,0,2,36,34,1
46,0,80,-5,46,3,34,34,0,0
55,0,76,0,-22,5,21,99,78,1
37,-4,79,0,20,0,42,58,16,0
37,0,106,-4,36,0,69,70,0,0
37,0,104,0,18,-23,67,86,18,0
46,1,102,0,46,0,56,56,0,0
37,0,93,4,8,0,55,85,30,0
55,0,95,0,52,-26,40,44,4,1
46,1,87,1,46,5,41,41,0,0
37,0,95,2,8,-4,58,87,30,0
45,0,93,0,44,0,48,50,2,0
55,0,82,0,-38,0,26,121,94,1
54,4,88,-3,54,0,35,34,0,0
38,2,77,0,38,6,40,39,0,0
104,2,105,4,70,0,1,35,34,1
56,0,81,0,-6,-6,25,88,64,1
48,0,84,0,46,-2,36,37,2,0
42,0,78,-1,42,0,36,37,2,0
43,0,81,-2,44,31,37,37,0,0
46,4,86,0,46,12,40,39,0,0
48,0,86,0,46,0,38,39,2,0
55,0,77,0,10,-25,21,66,46,1
81,-6,86,-1,-40,0,5,127,122,1
55,0,80,-1,-10,0,25,90,66,1
45,-4,108,0,44,0,63,64,2,0
106,0,108,4,70,0,2,38,36,1
123,170,105,0,36,-1,-18,69,86,1
46,0,88,0,46,14,43,42,0,0
37,0,77,-5,34,0,40,43,4,0
40,5,81,0,38,0,41,43,2,0
55,0,92,0,-6,-21,36,99,64,1
82,1,86,0,-22,4,4,109,106,1
40,1,81,-4,38,0,41,42,2,0
39,0,79,-3,38,0,40,41,0,0
50,4,80,0,50,0,30,31,2,0
51,-1,84,0,50,-7,33,35,2,0
45,-1,107,0,46,13,62,60,0,0
44,0,79,-2,44,7,35,35,0,0
56,3,76,0,-18,-6,20,94,74,1
37,0,78,4,30,-9,41,47,6,0
44,-3,81,-1,44,0,37,37,0,0
37,0,77,0,2,-25,40,74,34,0
57,-3,96,0,56,0,39,39,0,0
49,0,106,-7,50,11,57,57,0,0
45,-2,83,-3,44,-4,38,39,0,0
37,0,77,0,20,5,40,56,16,0
37,0,75,0,30,13,38,44,6,0
47,2,86,-1,46,0,40,40,0,0
37,0,76,737,20,0,40,55,16,0
47,0,87,-4,46,0,40,41,0,0
56,2,98,0,46,8,42,51,10,1
64,-2,110,6,64,0,46,46,0,0
56,0,90,0,56,15,34,33,0,0
55,0,82,-3,-32,-17,26,115,90,1
37,0,76,-1,20,-3,40,55,16,0
37,0,77,-1,-14,0,40,92,52,0
54,0,108,0,54,0,54,54,0,0
55,0,95,0,36,11,40,59,20,1
55,0,81,0,-6,3,25,88,64,1
37,0,81,0,24,-14,44,57,14,0
48,-4,86,0,50,19,37,37,0,0
37,0,79,-5,34,-8,42,46,4,0
37,0,105,0,24,1,68,82,14,0
44,0,75,0,44,10,31,31,0,0
38,3,81,0,38,13,43,42,0,0
37,0,83,0,-4,-13,46,88,42,0
45,4,81,-2,44,-2,36,37,2,0
56,0,81,0,-6,10,25,89,64,1
38,4,81,0,38,3,43,42,0,0
80,-3,84,0,-40,4,5,126,122,1
53,0,83,0,54,3,30,28,0,0
56,-1,84,0,54,-30,28,30,2,0
41,0,86,4,38,-8,46,48,2,0
37,0,78,0,36,-14,41,42,2,0
41,1,77,0,42,8,36,36,0,0
37,0,78,-1,8,0,41,70,30,0
55,0,77,-3,10,3,22,67,46,1
37,0,76,0,18,-20,40,58,18,0
44,0,88,4,44,8,44,44,0,0
46,0,83,-7,46,21,37,37,0,0
48,0,88,5,46,-1,40,42,2,0
56,0,81,0,-14,28,25,97,72,1
59,0,108,0,56,-11,49,51,2,0
48,0,95,0,46,-3,47,49,2,0
38,0,77,0,38,10,40,39,0,0
37,-4,76,0,38,5,39,37,0,0
39,1,85,-1,38,0,46,46,0,0
41,0,78,0,42,28,37,37,0,0
37,0,83,-6,30,0,46,52,6,0
38,-1,82,-2,38,-3,44,43,0,0
48,0,88,3,46,-1,40,42,2,0
85,0,89,0,6,16,4,84,80,1
46,2,83,0,46,4,37,36,0,0
44,0,83,8,44,0,39,39,0,0
41,4,83,0,38,0,42,44,2,0
49,2,85,0,50,0,36,36,0,0
40,3,81,-7,38,0,41,42,2,0
45,-1,81,0,44,-12,36,37,2,0
56,0,78,0,12,-13,22,65,42,1
47,3,107,0,46,0,60,60,0,0
53,0,78,0,52,-10,25,26,2,0
56,0,97,8,54,-7,41,42,2,0
105,-4,106,0,70,0,2,36,34,1
56,0,96,-3,52,-5,40,44,4,1
44,0,81,4,44,1,37,37,0,0
37,0,79,0,34,-18,43,46,2,0
44,4,76,0,42,-19,32,34,2,0
42,-1,77,-3,42,0,34,35,2,0
81,-1,84,-3,-18,26,4,103,98,1
37,0,79,-1,20,-2,42,58,16,0
55,0,82,0,-20,-30,26,103,76,1
55,0,77,-2,16,-4,21,61,40,1
47,0,77,0,46,0,29,30,0,0
56,0,97,1,50,0,41,48,6,1
50,-1,89,0,50,0,39,40,0,0
37,0,77,3,36,0,40,41,0,0
37,0,79,0,34,-8,43,46,2,0
45,0,76,-5,44,0,31,32,2,0
56,0,79,5,-22,0,23,102,80,1
81,0,84,0,-18,0,4,103,98,1
56,0,95,0,54,13,39,41,2,0
102,0,103,0,70,-1,1,33,32,1
49,0,83,0,46,-16,34,36,2,0
41,-5,81,0,42,0,40,40,0,0
56,0,78,0,56,25,22,21,0,0
37,0,77,0,38,28,39,38,0,0
53,0,86,0,54,13,33,32,0,0
55,1,81,1,54,0,25,26,2,0
55,0,93,-5,0,0,37,93,56,1
80,0,84,0,-24,28,4,110,106,1
45,0,74,7,44,0,29,30,2,0
55,0,78,0,2,-6,23,75,52,1
56,0,97,0,36,-16,41,60,20,1
51,0,90,0,50,-26,38,41,2,0
38,1,79,0,38,8,41,40,0,0
81,-3,85,0,-22,0,4,108,104,1
37,0,84,0,26,-13,47,58,10,0
56,-3,99,0,46,-22,43,52,10,1
41,0,79,0,42,0,38,38,0,0
37,-32,106,0,34,-1,69,72,4,1
37,0,76,0,26,10,39,50,12,0
46,-1,87,1,46,0,41,41,0,0
105,-1,106,0,70,0,1,36,36,1
37,0,83,0,2,-5,46,80,34,0
56,-4,98,0,46,18,42,51,10,1
55,0,97,0,42,5,42,56,14,1
56,0,95,0,44,-13,40,51,12,1
37,0,106,-2,34,1,68,72,4,0
53,0,77,0,54,17,25,23,0,0
47,0,77,1,46,0,29,30,0,0
62,-2,108,1,60,0,46,49,2,0
37,0,76,2,34,3,40,43,2,0
37,0,77,5,38,25,39,38,0,0
48,-1,82,0,50,26,34,33,0,0
37,0,97,-4,30,0,60,66,6,0
37,0,77,4,28,0,40,48,8,0
55,0,86,-6,54,0,31,32,0,0
37,0,82,0,38,27,45,43,0,0
38,3,77,0,36,-18,40,41,2,0
37,0,77,-6,2,0,40,75,34,0
55,0,81,-2,54,0,26,26,0,0
53,0,86,0,54,0,32,32,0,0
55,0,95,0,38,-24,40,57,16,1
46,0,81,0,46,20,35,34,0,0
55,0,77,0,-2,12,21,79,58,1
46,0,81,0,44,-13,35,37,2,0
55,5,84,3,54,-1,28,30,2,0
47,22,79,0,42,0,31,37,6,1
80,0,84,0,-32,16,4,117,114,1
43,-2,81,0,42,-9,38,40,2,0
37,0,78,0,6,10,41,73,32,0
37,0,94,0,8,-2,57,86,30,0
37,0,77,3,38,12,40,39,0,0
55,-1,98,0,50,-7,42,49,6,1
47,-3,82,0,46,0,34,35,0,0
45,-1,79,0,44,-9,33,35,2,0
38,0,106,0,38,6,68,67,0,0
38,2,76,0,36,-4,38,39,2,0
37,0,106,0,26,4,68,80,12,0
56,0,96,2,52,0,40,44,4,1
37,0,77,-3,36,-5,40,41,0,0
43,0,81,-2,42,-18,38,40,2,0
51,0,85,0,50,-25,34,36,2,0
55,-2,83,0,54,0,28,28,0,0
83,0,87,0,-42,-30,4,131,126,1
50,0,86,0,50,0,36,37,0,0
56,0,81,0,-18,-19,25,99,74,1
52,0,86,0,54,29,33,32,0,0
56,2,81,0,-6,-22,25,88,64,1
37,0,76,0,24,27,39,52,14,0
43,1,76,0,42,-7,32,34,2,0
43,-3,87,0,42,-15,44,46,2,0
55,0,96,3,46,0,41,50,8,1
43,0,81,-2,42,-2,37,39,2,0
106,-4,107,-6,72,0,1,35,34,1
37,0,79,0,34,-30,43,46,2,0
80,0,84,0,-38,-4,4,123,118,1
44,-3,80,0,44,4,36,36,0,0
37,0,76,0,34,-4,39,43,4,0
44,5,81,0,44,6,37,37,0,0
43,2,86,0,42,0,42,44,2,0
43,-1,81,-1,42,-10,37,39,2,0
37,0,106,5,36,0,69,70,2,0
37,-1,79,0,26,6,42,53,12,0
49,0,88,-2,46,-7,39,41,2,0
52,-3,86,0,52,-1,33,34,0,0
41,-4,79,0,42,8,38,37,0,0
45,5,77,0,44,-2,32,34,2,0
49,-3,79,0,46,-27,30,32,2,0
44,0,84,0,44,19,40,40,0,0
56,0,95,0,38,-3,40,57,18,1
37,0,104,0,26,18,66,78,12,0
37,0,83,0,0,-6,46,83,36,0
48,3,88,0,46,0,39,41,2,0
37,0,76,-2,16,16,39,61,22,0
37,0,77,0,6,9,40,72,32,0
57,4,96,0,56,0,39,39,0,0
55,0,82,0,-24,-8,26,108,82,1
43,-3,76,-1,42,-15,33,35,2,0
41,-2,86,0,38,-6,45,47,2,0
37,0,84,0,30,15,47,53,6,0
42,0,100,2,42,0,58,59,0,0
83,-1,86,0,-6,0,4,94,90,1
52,0,88,0,52,0,37,37,0,0
37,0,76,-7,36,2,38,39,2,0
37,0,105,0,20,-25,68,84,16,0
83,0,86,2,-2,0,4,89,86,1
56,0,97,0,54,15,41,43,2,0
37,0,82,-1,-2,10,45,85,40,0
38,0,76,0,36,-24,38,40,2,0
37,0,103,0,24,-19,66,80,14,0
55,0,81,0,-20,28,26,102,76,1
37,0,77,0,34,-22,40,43,2,0
55,0,96,0,46,-12,41,50,8,1
38,5,76,0,38,7,38,37,0,0
37,0,83,0,-4,-12,47,88,42,0
45,0,82,0,44,-16,37,38,2,0
37,0,100,0,28,0,64,72,8,0
51,0,88,-2,50,-10,37,39,2,0
53,0,109,4,52,-8,56,57,2,0
55,0,82,0,-38,-16,26,121,94,1
37,0,75,0,28,13,38,46,8,0
56,0,96,0,42,11,40,55,14,1
41,0,83,0,38,-11,42,44,2,0
49,0,111,0,46,-30,62,64,2,0
47,0,107,3,46,0,60,60,0,0
37,0,80,0,6,-19,43,75,32,0
55,-1,81,0,-20,29,26,102,76,1
41,2,76,0,42,13,34,34,0,0
49,1,86,0,50,15,38,37,0,0
55,0,92,0,-4,30,36,97,60,1
56,0,77,0,-14,17,21,92,72,1
55,0,79,0,0,0,23,79,56,1
37,0,76,1,24,0,39,52,14,0
41,2,86,0,38,0,45,47,2,0
51,4,79,0,50,-15,27,30,2,0
38,0,76,5,38,0,38,37,0,0
55,-5,77,0,-4,1,21,82,60,1
40,4,81,1,38,0,41,43,2,0
43,3,79,0,42,0,36,37,2,0
50,5,79,1,50,0,29,30,0,0
43,-5,86,0,44,18,43,42,0,0
45,-3,77,0,46,13,32,31,0,0
37,0,78,0,8,-13,42,70,28,0
51,0,78,0,50,-10,27,29,2,0
45,0,93,0,44,-2,48,50,2,0
37,0,77,4,38,23,40,39,0,0
41,0,80,0,42,14,39,39,0,0
55,0,97,0,44,0,41,53,12,1
47,-2,81,0,46,0,33,34,0,0
41,0,97,0,42,6,56,55,0,0
49,0,86,0,50,0,38,37,0,0
58,5,82,4,56,0,24,25,0,0
37,-3,86,0,36,0,49,50,0,0
56,0,97,0,52,20,41,46,4,1
48,4,81,-3,46,0,33,34,2,0
37,0,76,-1,38,14,39,37,0,0
45,0,83,0,46,30,38,37,0,0
55,-5,90,0,54,0,35,35,0,0
49,-5,86,0,46,-24,37,39,2,0
50,-2,85,2,50,0,35,36,0,0
56,0,77,0,18,10,22,59,38,1
37,0,81,0,30,16,45,50,6,0
49,3,81,0,50,19,33,32,0,0
40,-1,75,0,38,0,35,36,2,0
38,0,75,0,38,16,37,36,0,0
37,0,106,-4,38,25,68,67,0,0
37,0,76,0,34,-3,38,42,4,0
53,0,77,0,54,4,23,23,0,0
46,0,86,0,46,15,40,39,0,0
37,0,104,-5,16,-22,67,89,22,0
40,-4,77,0,38,0,38,39,2,0
52,1,86,0,52,0,34,34,0,0
39,1,77,0,38,0,37,38,0,0
37,0,106,0,24,5,69,82,14,0
41,-1,78,-3,38,-11,37,39,2,0
57,5,79,0,56,0,22,23,0,0
43,0,77,-1,44,29,34,34,0,0
51,0,77,0,50,-20,26,28,2,0
53,0,80,0,52,-2,27,28,2,0
37,0,79,0,8,-8,42,71,30,0
44,0,75,-2,44,5,31,31,0,0
47,0,80,-7,46,0,33,34,0,0
46,1,81,0,46,13,35,35,0,0
89,-37,107,0,64,-14,18,42,24,1
55,0,97,0,50,-8,41,48,6,1
40,0,79,7,38,0,38,40,2,0
45,-2,77,0,44,0,33,34,0,0
55,0,97,-2,50,0,42,48,6,1
38,2,81,0,38,5,43,42,0,0
37,0,80,0,30,-23,43,49,6,0
43,0,82,0,42,-7,39,41,2,0
44,-1,77,-1,44,0,33,33,0,0
37,0,79,0,12,-8,42,66,24,0
55,-5,95,0,50,0,40,46,6,1
55,0,81,0,-6,-2,25,88,64,1
50,0,86,7,50,0,36,37,0,0
43,5,81,-1,42,0,38,40,2,0
55,1,96,7,50,0,41,47,6,1
41,0,84,4,38,-5,43,45,2,0
41,0,79,-2,42,0,38,37,0,0
105,4,106,4,72,5,1,34,32,1
51,-1,87,0,52,19,36,35,0,0
42,3,86,-1,42,0,44,45,2,0
41,0,85,-1,38,0,44,46,2,0
56,0,92,0,50,24,36,43,6,1
43,0,86,-1,42,-4,42,44,2,0
56,0,87,1,56,9,31,30,0,0
55,0,79,0,18,-5,23,61,38,1
43,0,87,1,44,27,44,43,0,0
37,2,104,0,18,10,66,86,20,0
83,0,86,-1,-4,15,3,92,88,1
37,0,90,6,6,-6,53,85,32,0
46,1,80,-6,46,9,34,34,0,0
37,0,77,0,24,-20,40,54,14,0
55,0,77,0,-18,0,21,95,74,1
42,4,79,-3,42,0,37,37,0,0
81,0,84,0,-22,-6,4,108,104,1
37,0,81,0,-2,12,44,84,40,0
52,0,85,-1,52,0,33,33,0,0
37,0,79,0,38,23,41,40,0,0
49,0,86,0,50,157,37,37,0,0
56,0,78,0,6,-9,22,73,50,1
42,0,76,-2,42,-4,34,35,0,0
43,0,76,-1,42,-5,32,34,2,0
37,0,78,0,2,-7,42,75,34,0
44,-2,83,3,44,0,38,39,0,0
84,3,86,0,-2,0,3,89,86,1
37,0,76,1,28,-3,39,47,8,0
37,-1,76,-3,28,-6,40,48,8,0
56,0,77,0,-4,11,21,82,62,1
67,5,112,0,68,2,45,45,0,0
46,0,86,0,46,2,41,40,0,0
46,0,82,0,46,6,36,35,0,0
44,0,83,0,44,8,39,39,0,0
47,0,90,4,46,0,42,43,0,0
43,0,86,6,42,-6,43,45,2,0
37,0,77,0,16,0,41,62,22,0
37,0,105,-2,34,0,68,71,4,0
43,5,88,0,42,0,45,46,2,0
37,0,77,0,12,-7,41,65,24,0
45,0,87,0,44,-4,42,43,2,0
37,0,97,0,28,-18,60,69,8,0
44,-1,77,0,44,7,33,33,0,0
37,0,80,-3,34,-2,43,46,2,0
37,0,74,0,30,18,37,43,6,0
82,-1,85,-7,-2,1,3,88,84,1
42,-4,86,1,42,0,45,45,0,0
37,0,77,0,8,0,40,69,30,0
45,4,81,0,44,0,36,37,0,0
37,5,75,0,20,0,38,54,16,0
56,0,97,0,46,-7,40,50,10,1
82,3,86,0,-22,15,4,109,106,1
84,6,89,0,8,23,5,81,76,1
55,-4,86,0,56,23,30,29,0,0
37,0,106,2,24,-3,68,82,14,0
37,0,81,0,36,-2,43,44,2,0
45,0,88,0,44,-5,42,44,2,0
55,0,79,0,12,-11,23,66,42,1
50,-4,86,0,50,0,35,37,2,0
37,0,76,2,26,13,39,50,12,0
51,0,88,1,50,-30,36,39,2,0
43,-1,79,0,44,18,35,35,0,0
40,-3,79,0,38,0,39,41,2,0
44,0,79,-1,42,-27,35,37,2,0
56,0,77,0,-2,-7,21,79,58,1
55,-1,81,-5,54,-7,26,27,0,0
79,5,83,1,-40,9,4,125,120,1
49,1,87,0,46,-5,38,41,2,0
43,-3,109,0,42,0,66,67,2,0
51,0,78,-1,52,6,27,26,0,0
37,0,77,0,10,11,40,66,26,0
55,-1,93,-3,50,-4,37,44,6,1
49,0,79,0,46,-19,31,33,2,0
37,0,93,0,28,7,55,64,8,0
37,0,76,0,26,-20,39,50,10,0
45,0,83,8,46,20,37,36,0,0
37,0,106,-6,26,0,69,80,12,0
56,-2,81,0,56,5,25,24,0,0
44,1,83,3,44,0,38,39,0,0
50,-3,107,0,50,0,57,58,0,0
50,-1,90,0,50,0,39,41,2,0
37,0,76,0,34,-16,39,42,2,0
37,0,76,0,20,-12,40,55,16,0
40,-5,79,1,38,0,38,40,2,0
49,-1,77,0,50,9,28,28,0,0
56,0,81,0,-2,2,25,83,58,1
101,-2,102,0,70,-2,1,33,32,1
46,0,83,-5,46,0,36,36,0,0
37,0,76,0,18,-14,39,58,18,0
54,2,81,1,54,0,28,27,0,0
55,0,78,0,12,-30,23,65,42,1
46,0,83,-3,44,-25,37,39,2,0
80,0,84,0,-42,0,5,128,124,1
37,0,78,0,10,-13,42,68,26,0
46,2,76,0,46,9,30,30,0,0
49,0,86,-2,46,-18,38,40,2,0
37,-27,75,0,28,19,38,46,8,0
62,-1,109,0,62,2,48,47,0,0
55,0,97,2,52,0,41,45,4,1
46,0,85,0,46,0,39,39,0,0
41,0,81,0,38,-17,41,43,2,0
55,0,82,0,-40,16,26,123,96,1
41,2,80,0,42,5,39,39,0,0
37,0,83,0,8,2,46,75,30,0
53,1,77,0,54,5,24,23,0,0
102,-3,104,-1,72,14,1,31,30,1
40,-2,79,1,38,0,38,40,2,0
85,0,88,-2,6,-6,3,83,80,1
53,1,79,0,52,-21,26,27,2,0
59,1,84,0,60,3,25,24,0,0
56,0,83,0,56,7,27,26,0,0
41,0,88,-7,38,-1,48,50,2,0
37,4,77,0,34,0,39,43,4,0
55,0,81,0,-20,0,26,102,76,1
37,0,81,0,16,7,44,65,22,0
53,-3,90,0,54,4,37,36,0,0
46,0,83,0,46,3,37,36,0,0
51,0,78,0,50,-5,27,29,2,0
37,0,105,-1,18,7,68,87,18,0
44,0,75,-4,44,0,31,31,0,0
44,0,86,0,42,-18,43,45,2,0
46,1,82,0,46,5,36,35,0,0
58,-1,86,0,60,30,28,27,0,0
53,0,81,0,54,7,28,26,0,0
49,5,81,0,50,2,32,32,0,0
56,3,97,1,44,14,41,53,12,1
55,3,77,0,34,0,22,44,22,1
41,0,76,0,42,10,35,34,0,0
46,0,82,0,44,-10,36,38,2,0
49,0,84,0,50,23,35,35,0,0
44,2,87,-2,44,1,43,43,0,0
45,0,76,4,44,-1,31,32,2,0
56,0,81,0,2,-3,25,78,54,1
45,-2,86,5,46,30,41,40,0,0
37,0,81,0,10,-3,45,71,26,0
37,0,104,0,20,9,67,84,16,0
55,3,79,0,54,0,24,25,2,0
53,3,86,0,52,-4,33,34,2,0
44,2,86,-2,44,0,42,42,0,0
55,0,97,0,42,0,41,55,14,1
44,0,84,-3,44,0,40,40,0,0
46,-1,85,-4,46,-14,39,39,0,0
45,0,77,0,44,-6,32,34,2,0
55,0,98,0,44,11,42,54,12,1
45,-2,88,-3,46,11,42,41,0,0
41,0,83,0,42,10,42,41,0,0
43,0,86,-4,42,-6,42,44,2,0
55,0,96,0,46,-6,41,50,8,1
44,0,86,1,42,-27,43,45,2,0
56,0,98,-1,42,-17,42,57,14,1
49,-5,82,0,50,10,33,33,0,0
55,0,78,-2,18,0,23,60,38,1
44,5,79,0,44,1,35,35,0,0
47,2,77,0,46,-1,30,31,0,0
45,4,77,0,44,0,31,33,2,0
37,0,79,0,30,9,42,48,6,0
43,-1,85,0,42,-10,42,44,2,0
43,0,76,8,42,0,33,35,2,0
37,0,80,0,30,24,43,49,6,0
38,2,79,0,38,18,42,41,0,0
101,0,102,0,70,-3,1,33,32,1
39,-2,80,-4,38,0,41,41,0,0
43,0,81,1,42,-9,37,39,2,0
49,0,87,0,46,-12,38,41,2,0
80,0,84,0,-36,-29,4,120,116,1
55,0,81,0,-20,25,26,102,76,1
55,0,77,0,12,-22,22,65,42,1
37,0,103,0,18,-16,66,85,20,0
56,2,98,0,52,1,42,46,4,1
