55,0,81,0,-6,11,25,88,64,1
56,0,96,0,52,-4,40,44,4,1
50,-1,89,-7,50,0,39,40,2,0
53,9,79,0,42,-2,25,37,12,1
55,2,82,0,54,-6,26,28,2,0
41,0,84,3,38,-4,43,45,2,0
37,0,100,0,36,-8,63,64,2,0
46,0,83,0,46,0,37,36,0,0
44,0,79,0,42,-17,35,37,2,0
44,-1,78,0,44,0,34,34,0,0
55,0,81,0,54,-10,25,26,2,0
56,0,95,0,52,-3,40,44,4,1
37,0,100,0,34,6,64,67,4,0
43,-3,86,2,44,14,43,42,0,0
46,-5,84,0,46,0,38,37,0,0
45,0,81,0,44,0,36,37,0,0
48,0,86,0,50,30,38,37,0,0
56,0,78,0,42,-2,22,37,14,1
56,0,77,0,18,-18,22,59,38,1
45,5,90,0,44,0,44,46,2,0
37,0,77,0,-20,27,41,98,58,0
37,0,90,-6,18,0,53,72,20,0
37,-8,77,0,20,0,40,57,16,0
50,5,95,-3,50,0,45,46,2,0
43,-2,76,0,44,15,32,32,0,0
42,-1,85,-5,42,0,44,44,0,0
55,0,97,0,46,-2,42,51,8,1
37,0,76,0,26,20,39,50,12,0
37,0,76,8,30,0,40,45,6,0
45,0,106,0,46,9,61,60,0,0
37,0,81,0,38,17,44,43,0,0
49,4,83,0,46,0,34,37,2,0
50,0,88,1,50,0,38,39,0,0
42,2,77,0,42,0,36,36,0,0
49,0,78,0,50,11,29,29,0,0
55,0,95,0,44,-12,40,51,12,1
37,0,77,0,34,-12,40,43,2,0
37,3,81,0,36,0,44,44,0,0
37,0,84,0,26,-3,47,58,10,0
53,0,86,0,54,0,33,32,0,0
44,0,81,-3,44,17,37,37,0,0
46,0,81,7,46,3,35,34,0,0
45,-4,83,0,44,-14,37,39,2,0
79,0,84,0,-36,-196,4,120,116,1
81,0,84,0,-20,26,3,105,102,1
55,-5,87,2,54,0,32,33,0,0
45,0,89,-3,44,0,44,45,0,0
51,0,86,0,52,22,35,34,0,0
80,0,84,-1,-28,-24,4,112,108,1
53,0,87,-6,52,-7,34,35,2,0
56,0,86,0,56,2,30,30,0,0
49,0,87,0,50,1,38,38,0,0
55,0,97,5,46,-19,41,50,8,1
56,0,96,0,56,10,40,39,0,0
37,0,95,0,18,-24,57,77,20,0
48,0,86,-4,46,0,39,40,2,0
108,3,109,0,72,7,1,36,36,1
41,5,93,0,38,0,53,55,2,0
85,0,88,7,2,0,3,86,82,1
55,0,78,1,26,0,23,52,30,1
56,3,77,0,-24,0,21,103,82,1
56,0,85,0,56,15,29,28,0,0
81,0,84,0,-20,-17,4,105,102,1
53,0,88,0,52,-4,35,37,2,0
37,0,78,0,-6,-5,42,86,44,0
41,5,80,0,42,7,39,39,0,0
45,2,108,0,44,0,63,64,2,0
48,2,89,0,46,0,41,42,2,0
56,0,95,0,50,-26,39,46,6,1
55,0,77,0,8,-18,22,70,48,1
49,0,85,0,46,-5,36,39,2,0
44,0,76,2,42,-29,32,34,2,0
49,0,95,4,50,0,46,46,0,0
51,0,88,0,52,8,36,36,0,0
56,0,97,0,44,6,41,53,12,1
49,3,95,0,46,-9,47,49,2,0
40,0,84,6,38,0,44,45,2,0
59,0,86,-2,60,18,27,26,0,0
37,0,108,15,26,-1,71,82,12,0
37,0,104,0,28,1,66,75,8,0
55,1,83,0,54,0,28,29,0,0
43,0,97,0,42,-9,53,55,2,0
45,-1,83,0,44,0,38,39,0,0
37,0,76,-7,20,-6,39,55,16,0
38,0,81,0,36,-30,43,45,2,0
37,0,77,0,30,-9,40,46,6,0
37,0,102,0,36,0,64,66,2,0
52,5,78,-1,52,0,26,26,0,0
43,0,88,0,42,-11,45,47,2,0
42,0,86,1,42,0,45,45,0,0
53,0,79,0,52,-26,26,27,2,0
37,0,74,-7,28,0,37,46,8,0
55,0,96,2,46,0,41,50,8,1
58,0,79,0,56,0,21,22,0,0
41,-1,84,-3,42,-1,43,43,0,0
56,0,97,3,50,-8,41,48,6,1
37,0,79,0,20,1,42,58,16,0
41,0,88,0,42,24,48,47,0,0
44,0,82,6,44,0,38,38,0,0
37,0,77,8,36,6,40,41,0,0
37,0,78,0,2,25,41,75,34,0
44,4,80,0,42,-14,36,39,2,0
41,1,86,0,42,26,46,45,0,0
39,2,85,-2,38,0,46,46,0,0
37,0,76,6,34,26,39,43,4,0
55,0,96,-1,38,-1,41,57,16,1
37,0,77,0,-20,6,41,98,58,0
50,-2,111,0,50,0,61,62,0,0
41,0,78,0,42,31,37,37,0,0
55,0,93,0,42,-20,37,51,14,1
43,3,76,0,42,-2,33,35,2,0
37,0,76,1,26,-6,39,50,10,0
56,0,76,0,-18,-25,20,94,74,1
42,-3,90,0,42,0,47,48,2,0
49,0,95,5,46,-10,46,48,2,0
46,-5,86,-1,46,-2,40,40,0,0
47,2,85,4,46,0,38,39,0,0
41,2,77,0,42,8,36,36,0,0
45,1,80,2,44,0,35,36,0,0
45,0,86,1,44,0,40,42,2,0
48,-1,89,-1,46,-4,41,42,2,0
46,0,92,6,46,0,45,45,0,0
37,0,80,-6,18,0,43,62,18,0
49,0,81,0,46,0,33,35,2,0
45,-3,77,2,44,0,32,33,0,0
37,0,77,0,34,9,41,44,2,0
48,-1,79,0,46,0,30,32,2,0
41,0,86,0,42,29,46,45,0,0
50,-5,83,0,50,0,32,33,2,0
37,1,99,0,28,0,62,71,8,0
46,-1,107,0,46,0,61,60,0,0
38,0,92,0,16,3,54,77,22,0
53,0,83,0,52,-30,30,32,2,0
47,1,78,-6,46,0,31,32,0,0
44,4,86,4,44,13,43,42,0,0
37,0,83,5,-2,0,46,85,40,0
37,5,79,0,18,0,42,61,20,0
55,0,77,0,26,2,21,51,30,1
55,0,95,0,38,0,40,57,16,1
41,-1,83,4,38,-3,42,44,2,0
56,2,95,0,34,0,40,62,22,1
46,2,90,0,46,8,44,43,0,0
48,-2,110,0,46,-3,62,64,2,0
81,0,84,0,-14,-2,4,100,96,1
54,-1,87,0,54,0,33,33,0,0
45,0,81,0,44,14,36,37,2,0
37,0,84,0,26,0,47,58,10,0
56,0,83,0,54,-11,27,29,2,0
37,0,82,0,16,11,45,66,22,0
80,-4,84,0,-42,0,5,128,124,1
49,-1,81,0,50,0,32,32,0,0
53,0,87,0,54,27,34,33,0,0
37,0,78,0,0,8,41,78,36,0
56,0,92,0,52,2,36,40,4,1
37,0,77,0,34,-30,40,43,2,0
55,-1,79,-3,24,-7,23,55,32,1
46,0,81,1,46,0,35,35,0,0
55,0,77,4,0,0,22,77,56,1
56,0,108,3,54,-5,52,53,2,0
56,0,81,0,-18,11,25,99,74,1
50,0,87,-2,50,0,37,38,0,0
41,0,76,-3,38,0,35,37,2,0
37,0,79,0,30,-7,43,48,6,0
37,0,79,2,12,0,42,66,24,0
81,0,84,0,-20,16,4,105,102,1
56,-4,79,0,56,0,22,22,0,0
44,0,76,-2,44,2,32,32,0,0
37,0,108,0,36,2,71,72,0,0
37,0,79,0,18,2,42,61,18,0
37,0,97,6,34,0,60,64,4,0
43,0,77,0,44,21,34,34,0,0
46,0,79,8,46,2,34,33,0,0
53,2,81,0,54,23,28,26,0,0
46,1,83,0,46,14,37,37,0,0
37,0,80,0,34,-1,43,46,2,0
46,0,76,2,46,2,30,30,0,0
37,0,80,2,26,0,43,54,10,0
56,-1,96,0,52,0,40,44,4,1
37,0,83,0,34,18,46,49,4,0
55,0,77,3,-24,0,22,103,82,1
47,0,88,-2,46,-4,41,41,0,0
56,2,97,0,42,0,40,55,14,1
45,0,80,0,44,-9,35,36,2,0
43,-1,81,4,42,-3,38,40,2,0
55,0,96,2,42,-24,41,55,14,1
39,1,106,0,38,0,68,67,0,0
56,0,85,0,56,5,29,28,0,0
45,-3,84,0,46,17,38,37,0,0
37,0,76,0,36,-18,38,39,2,0
50,0,86,-5,50,0,35,37,2,0
40,-1,80,-3,38,14,40,41,2,0
37,0,105,0,24,9,68,82,14,0
56,-5,97,0,50,0,41,48,6,1
38,0,92,0,20,17,54,71,18,0
43,-4,79,0,42,3,36,38,2,0
51,-1,86,0,50,-2,35,37,2,0
41,2,79,0,38,-21,38,41,2,0
37,0,76,-4,20,-6,40,55,16,0
37,0,74,0,34,2,37,41,4,0
56,0,77,0,16,-1,22,62,40,1
37,0,79,0,28,29,42,50,8,0
53,0,82,0,54,27,29,28,0,0
53,-3,81,0,54,15,28,26,0,0
46,0,82,0,46,3,36,35,0,0
36,-2,82,-1,36,0,46,46,0,0
37,-5,106,0,34,0,69,72,2,0
37,0,95,0,20,-26,58,75,16,0
76,0,81,0,-42,-20,5,125,120,1
49,0,90,0,46,-13,42,44,2,0
42,-1,76,1,42,0,34,35,0,0
53,0,88,0,54,8,35,34,0,0
82,0,86,0,-10,10,3,96,92,1
49,0,86,3,50,0,37,37,0,0
53,0,88,0,54,6,35,33,0,0
37,0,105,3,20,0,68,84,16,0
56,0,86,0,54,-11,31,32,2,0
37,0,83,0,16,-7,47,68,22,0
45,-4,76,0,44,0,32,32,0,0
45,0,83,6,44,-5,38,39,2,0
106,0,107,0,72,0,1,35,34,1
76,-1,81,0,-42,-3,5,125,120,1
46,0,83,0,44,-16,37,39,2,0
48,5,90,0,46,0,41,43,2,0
54,-3,86,-3,54,-4,32,32,0,0
41,-2,82,0,42,10,41,41,0,0
37,0,83,0,8,6,46,75,30,0
56,0,81,0,-18,24,25,99,74,1
84,-2,88,0,0,0,4,88,84,1
43,-3,83,0,42,-12,39,41,2,0
37,0,76,-3,34,-21,38,42,4,0
41,-5,86,0,42,0,45,45,0,0
55,0,77,0,12,4,22,65,42,1
37,0,79,0,8,-26,42,71,28,0
55,0,95,0,50,-1,40,46,6,1
41,0,83,6,38,-13,42,44,2,0
37,0,106,-1,26,0,69,80,12,0
55,0,96,1,52,0,41,44,4,1
38,1,77,0,38,5,40,39,0,0
55,0,76,0,-14,-8,21,92,70,1
42,1,85,0,42,0,43,44,0,0
55,0,76,-1,-18,0,21,94,74,1
55,0,96,5,54,0,41,42,2,0
37,0,74,0,26,-30,38,48,10,0
42,0,79,-7,42,0,37,38,2,0
39,6,76,-1,38,-1,37,37,0,0
47,-3,109,0,46,0,61,62,0,0
41,5,82,0,42,8,41,41,0,0
51,0,80,0,52,22,29,28,0,0
77,4,81,3,-40,10,4,123,118,1
38,-5,86,0,38,0,48,47,0,0
43,2,85,0,42,-1,42,44,2,0
37,0,97,0,36,9,59,60,2,0
56,0,96,-3,54,11,40,42,2,0
41,0,109,3,38,-6,68,70,2,0
45,0,81,0,44,-25,35,37,2,0
51,0,91,0,52,4,40,39,0,0
50,1,106,0,50,0,57,57,0,0
44,3,85,0,44,15,41,41,0,0
56,-4,88,0,54,-29,32,33,2,0
37,0,78,-2,2,5,41,75,34,0
37,0,77,0,18,17,40,59,18,0
53,0,85,0,52,-23,32,33,2,0
56,0,79,0,56,14,23,22,0,0
56,0,77,0,20,5,22,57,36,1
43,0,95,0,42,-20,52,54,2,0
55,-1,80,0,-4,5,25,85,60,1
37,0,105,0,36,10,68,69,2,0
56,7,74,9,-4,-1,18,79,62,1
55,0,95,0,42,-15,40,54,14,1
41,1,84,0,38,-30,43,45,2,0
50,5,83,0,50,0,33,33,0,0
46,1,87,0,46,8,41,41,0,0
84,0,86,-1,-2,0,3,89,86,1
50,4,88,0,50,0,39,39,0,0
41,1,81,0,42,11,39,39,0,0
51,3,86,0,50,-12,35,37,2,0
55,0,78,0,8,10,23,70,48,1
41,-3,77,0,42,8,37,36,0,0
55,0,77,0,26,-13,21,51,30,1
49,0,77,0,50,24,28,28,0,0
46,1,77,0,44,-10,31,33,2,0
37,0,79,0,12,-19,43,66,24,0
55,0,77,0,26,19,21,51,30,1
43,0,86,0,42,-20,42,44,2,0
37,0,81,0,24,7,44,57,14,0
37,0,79,-1,26,-21,42,53,12,0
44,0,81,0,42,-29,37,39,2,0
73,8,77,9,-42,-4,4,121,116,1
46,-5,79,0,46,0,33,32,0,0
102,0,102,-5,70,-10,1,33,32,1
37,0,95,0,18,5,58,77,20,0
37,0,77,0,20,3,40,57,16,0
41,0,84,0,42,10,43,43,0,0
44,0,87,-6,44,2,43,43,0,0
41,0,78,4,42,12,37,37,0,0
42,1,102,0,42,0,60,61,2,0
55,0,86,0,56,21,31,30,0,0
37,0,76,-3,28,-3,39,47,8,0
105,0,107,2,70,0,1,37,36,1
47,-2,80,0,46,0,33,34,0,0
43,0,82,0,42,-19,39,41,2,0
42,0,77,2,42,0,35,35,0,0
47,4,84,0,46,0,37,37,0,0
37,0,78,0,10,4,41,68,26,0
55,4,83,0,54,0,27,28,2,0
52,0,86,-6,52,0,33,34,0,0
85,0,88,0,0,-1,3,88,86,1
55,0,82,0,-18,7,26,100,74,1
44,2,77,0,42,-21,33,35,2,0
45,-4,100,0,44,0,55,56,2,0
48,-1,86,0,46,-11,38,40,2,0
55,0,89,0,56,29,34,32,0,0
49,1,86,0,50,2,37,37,0,0
45,0,83,8,44,-3,38,39,2,0
37,0,95,4,10,0,58,84,26,0
46,2,87,0,46,1,41,41,0,0
53,0,79,0,52,-22,26,27,2,0
37,0,79,0,0,-12,42,79,36,0
55,0,82,-7,-24,0,26,108,82,1
41,0,87,-4,38,-10,46,48,2,0
55,0,77,5,30,0,22,46,24,1
37,0,76,8,26,8,39,50,12,0
37,0,108,0,34,13,71,75,4,0
79,0,83,0,-42,21,4,127,122,1
44,0,83,0,42,-11,39,41,2,0
40,-2,86,0,38,0,46,48,2,0
55,0,82,0,54,889,26,28,2,0
55,0,80,0,54,0,25,26,2,0
45,0,79,0,44,-20,34,35,2,0
49,2,87,0,46,-6,38,41,2,0
74,5,79,10,-42,0,4,123,118,1
46,3,80,0,46,0,34,34,0,0
52,-5,86,0,52,-2,33,34,0,0
41,-5,100,2,42,0,59,59,0,0
82,0,86,0,-40,16,4,128,124,1
42,0,82,-7,42,0,40,41,0,0
49,-1,80,0,50,7,31,31,0,0
37,0,79,-4,36,0,41,43,2,0
44,0,79,0,42,-23,35,37,2,0
45,0,86,-1,44,4,40,42,2,0
57,-2,80,0,56,0,23,23,0,0
37,0,106,3,36,0,69,70,2,0
43,0,82,-6,42,-4,39,41,2,0
47,1,86,0,46,0,40,40,0,0
44,0,81,0,42,-25,37,39,2,0
54,-5,88,0,54,0,34,34,0,0
57,5,92,0,56,0,35,35,0,0
37,0,76,0,34,5,40,43,2,0
41,0,79,3,38,-4,39,41,2,0
49,1,84,0,46,-9,35,37,2,0
51,3,85,0,50,-12,34,36,2,0
38,0,75,0,36,-24,37,39,2,0
56,0,81,0,-6,13,25,89,64,1
37,3,108,0,36,0,71,72,0,0
55,0,77,0,-24,7,21,103,82,1
56,2,97,6,52,0,40,45,4,1
56,0,78,0,6,0,22,73,50,1
80,0,84,6,-36,29,5,121,116,1
52,-1,81,0,52,-1,28,29,0,0
55,0,96,0,52,-15,41,44,4,1
37,0,81,-1,30,0,45,50,6,0
48,-3,83,0,46,0,34,36,2,0
56,0,76,0,-14,14,20,92,72,1
55,0,78,0,6,2,23,73,50,1
46,1,86,3,46,0,40,39,0,0
45,1,90,0,44,0,45,46,0,0
37,0,108,1,36,5,71,72,0,0
45,0,77,8,44,0,32,33,2,0
55,0,87,-1,56,23,32,30,0,0
45,-1,109,0,44,0,64,66,2,0
37,0,79,-4,30,0,42,48,6,0
51,0,84,0,52,0,33,32,0,0
37,0,76,3,36,0,39,40,0,0
37,0,97,0,26,-12,60,71,12,0
79,0,83,-1,-40,7,4,124,120,1
47,-2,90,-2,46,0,43,43,0,0
49,0,77,0,46,-10,28,30,2,0
37,0,79,-1,26,-4,42,53,10,0
56,0,86,0,56,2,31,30,0,0
55,0,93,-1,10,-3,37,82,46,1
42,0,84,8,42,0,43,43,0,0
37,0,97,-2,34,5,60,64,4,0
37,0,79,0,16,14,42,63,22,0
81,5,85,0,-12,0,4,98,94,1
45,0,80,-2,44,0,35,36,0,0
46,1,83,0,44,-25,37,39,2,0
48,0,88,2,46,0,40,42,2,0
107,5,108,1,72,6,1,36,34,1
37,-2,77,0,36,0,41,41,0,0
55,0,99,8,42,-1,43,57,14,1
55,1,86,1,54,0,31,32,2,0
45,0,83,0,46,15,37,36,0,0
56,-3,87,1,56,0,31,30,0,0
56,0,96,0,52,-16,40,44,4,1
37,0,75,0,28,10,38,46,8,0
49,-2,88,0,46,-28,39,41,2,0
44,0,83,8,44,0,38,39,0,0
37,0,78,0,24,24,42,55,14,0
43,0,80,3,42,-17,37,39,2,0
41,0,78,0,38,-1,37,39,2,0
47,-3,75,0,46,0,28,28,0,0
55,-2,80,-5,20,-11,25,59,34,1
50,-1,88,0,50,0,38,39,2,0
37,0,100,0,34,-23,64,67,4,0
55,0,79,0,20,9,23,58,34,1
56,0,77,-3,24,0,22,54,32,1
45,1,81,0,44,-3,35,37,2,0
52,-1,81,0,52,-2,28,29,0,0
38,0,81,0,38,9,43,42,0,0
55,0,77,0,28,-4,21,48,28,1
43,0,76,6,42,-5,33,35,2,0
38,0,82,0,38,6,44,43,0,0
82,0,85,0,-6,5,3,93,90,1
43,1,77,0,42,0,35,36,2,0
56,0,81,2,54,-24,24,26,2,0
46,3,78,0,44,-25,32,34,2,0
37,0,79,0,28,10,42,50,8,0
44,0,77,4,44,0,33,34,0,0
47,-3,76,0,46,0,29,30,0,0
43,0,86,-3,42,-2,42,44,2,0
44,0,88,0,44,3,45,44,0,0
55,0,95,0,46,-3,40,49,8,1
37,1,83,0,36,0,45,46,2,0
37,0,77,0,6,-22,40,72,32,0
44,0,83,0,44,3,39,39,0,0
41,1,76,0,42,17,35,35,0,0
44,1,86,0,44,12,43,42,0,0
37,0,80,5,10,0,43,70,26,0
48,2,77,0,46,0,29,30,2,0
49,0,77,0,46,-7,28,30,2,0
45,0,86,-4,46,22,41,40,0,0
45,-2,83,0,44,-15,37,39,2,0
39,1,77,8,38,0,39,39,0,0
44,1,85,0,44,5,41,41,0,0
51,3,85,0,50,-9,34,36,2,0
56,-3,96,-3,56,0,40,39,0,0
41,0,81,1,42,25,40,39,0,0
38,4,96,0,38,14,58,57,0,0
44,-1,84,0,44,2,40,40,0,0
37,0,78,0,2,-10,41,75,34,0
58,2,84,0,56,0,25,27,2,0
50,0,101,-1,50,0,51,52,0,0
44,1,82,0,44,0,38,38,0,0
42,2,83,0,42,0,41,41,0,0
86,2,89,0,8,4,3,81,78,1
37,0,77,0,8,11,40,69,30,0
49,0,77,4,50,4,28,28,0,0
53,-1,77,4,54,18,25,23,0,0
38,-2,76,-1,38,0,37,37,0,0
51,0,88,0,52,20,37,37,0,0
51,0,83,0,52,10,32,32,0,0
37,0,107,0,30,3,70,76,6,0
46,0,76,1,46,8,30,29,0,0
46,0,88,0,44,-23,42,44,2,0
40,2,81,3,38,0,41,43,2,0
37,0,77,7,20,-6,41,57,16,0
51,0,88,0,50,-12,37,39,2,0
49,5,78,0,50,4,29,29,0,0
49,-1,81,-4,50,-6,32,32,0,0
52,-3,109,0,52,-1,56,57,0,0
57,2,86,0,56,0,29,30,0,0
49,0,77,0,46,-19,28,30,2,0
41,0,81,0,42,24,40,39,0,0
45,-3,81,-4,44,-27,35,37,2,0
37,0,78,0,18,-18,42,60,18,0
37,0,78,0,20,-20,41,57,16,0
56,-1,80,-6,54,-13,24,26,2,0
55,0,98,0,50,-9,42,49,6,1
37,0,78,0,10,6,42,68,26,0
37,0,79,0,28,19,42,50,8,0
51,1,81,0,52,11,29,29,0,0
37,0,90,0,34,-4,53,57,4,0
52,-1,82,0,52,0,30,30,0,0
53,3,86,0,52,-7,33,34,2,0
49,2,86,0,46,-16,38,40,2,0
49,0,79,0,46,-12,30,32,2,0
56,-2,96,-1,52,0,40,44,4,1
37,0,77,0,2,5,40,74,34,0
55,0,79,0,20,0,24,59,34,1
37,0,77,0,26,13,40,51,10,0
43,0,79,5,42,0,35,37,2,0
45,0,83,-1,44,-7,37,39,2,0
56,0,83,0,54,-7,27,28,2,0
49,0,81,0,50,4,33,32,0,0
55,0,77,0,18,5,22,59,38,1
40,0,97,-4,38,0,57,58,2,0
55,0,83,0,-30,-5,27,114,86,1
41,-3,81,0,42,18,40,39,0,0
37,0,82,0,10,31,45,72,26,0
43,0,90,3,42,0,46,48,2,0
52,2,82,0,52,0,30,30,0,0
41,0,86,0,38,-27,45,47,2,0
37,0,79,0,20,31,42,58,16,0
55,-1,91,0,54,-6,35,37,2,0
45,0,86,1,46,20,41,40,0,0
45,0,88,0,46,8,42,41,0,0
37,0,106,0,26,2,68,80,12,0
56,5,86,0,54,-2,30,32,2,0
37,0,108,4,36,0,71,71,0,0
55,0,77,0,-2,-8,21,79,58,1
53,2,84,0,52,-11,31,32,2,0
53,0,108,0,52,-12,55,56,2,0
40,-4,109,0,38,0,70,71,2,0
49,0,86,0,50,25,38,37,0,0
80,0,84,5,-42,0,5,128,124,1
55,0,82,0,-36,-3,26,118,92,1
37,0,77,2,28,0,40,48,8,0
58,-1,86,0,56,-6,27,29,2,0
105,-1,106,-4,70,-5,1,36,36,1
44,3,81,0,44,13,37,37,0,0
51,0,77,0,50,-14,26,28,2,0
56,0,95,0,46,8,40,49,10,1
56,0,78,-1,44,6,22,34,12,1
44,0,83,7,44,0,39,39,0,0
40,-1,88,0,38,0,48,49,2,0
55,0,79,0,-4,2,24,85,60,1
47,-5,90,7,46,0,43,44,0,0
64,-5,111,2,62,-9,47,49,2,0
55,0,77,0,12,-15,22,65,42,1
56,-4,81,0,54,-28,25,26,2,0
55,0,95,0,54,-8,40,41,2,0
37,0,80,-1,38,15,43,41,0,0
41,0,79,0,42,10,38,37,0,0
45,0,86,1,44,-17,41,42,2,0
44,0,79,0,42,-21,35,37,2,0
37,0,83,0,34,10,46,50,4,0
45,0,76,-1,44,-1,31,32,2,0
43,0,80,1,42,-24,37,39,2,0
53,1,81,0,52,-4,28,30,2,0
44,-1865,82,-2,44,-4,38,38,0,0
43,-1,86,0,42,-7,43,45,2,0
50,5,81,0,50,0,32,32,0,0
37,0,74,0,30,22,37,43,6,0
37,0,76,-4,36,0,39,39,0,0
55,0,93,8,6,0,38,88,50,1
43,0,80,2,44,17,37,36,0,0
52,-2,86,0,52,-1,34,35,0,0
45,2,90,0,44,0,45,46,2,0
45,-1,81,0,44,-15,36,37,2,0
56,0,97,6,54,0,41,42,2,0
37,0,93,0,12,14,56,81,24,0
44,0,85,0,44,0,41,41,0,0
43,0,84,2,42,-2,41,43,2,0
38,0,100,0,38,0,62,62,0,0
37,0,76,0,20,10,40,55,16,0
45,-1,79,2,46,13,33,32,0,0
37,0,79,0,24,-12,43,56,14,0
56,0,92,0,56,5,36,35,0,0
52,0,86,8,52,0,33,34,0,0
37,0,77,-3,-10,18,40,87,46,0
47,4,87,-5,46,0,40,41,0,0
37,0,94,1,30,-3,57,63,6,0
37,0,76,0,24,25,39,52,14,0
37,1,75,0,20,14,38,54,16,0
53,3,86,-1,52,-12,33,34,2,0
37,0,106,0,20,-22,69,85,16,0
56,4,85,0,56,1,29,28,0,0
48,-2,89,0,46,0,41,42,2,0
46,0,90,7,46,0,44,44,0,0
56,3,77,1,10,9,22,67,46,1
53,0,104,0,54,3,50,49,0,0
49,5,78,-7,50,2,29,29,0,0
45,2,83,0,44,0,37,39,2,0
45,0,90,0,46,11,44,43,0,0
104,0,106,0,72,2,1,33,32,1
54,0,81,-3,54,0,27,26,0,0
80,0,84,0,-36,0,4,120,116,1
53,0,77,0,52,-16,25,26,2,0
37,-18,106,-1,34,-3,69,72,4,0
45,0,80,0,44,-22,35,36,2,0
37,1,109,7,26,0,71,83,12,0
45,0,84,0,44,-2,38,40,2,0
37,0,76,0,28,-3,40,48,8,0
41,3,102,0,42,6,61,60,0,0
56,4,94,0,50,0,38,45,6,1
37,0,76,0,26,5,39,50,12,0
37,0,106,0,34,28,69,73,4,0
37,0,77,0,30,0,40,46,6,0
47,4,102,0,46,0,56,56,0,0
37,0,83,0,36,13,46,46,0,0
62,1,109,0,60,-30,47,50,2,0
56,0,77,0,-6,-24,21,85,64,1
81,0,86,0,-22,15,4,109,104,1
50,-4,111,3,50,0,61,62,0,0
52,0,88,0,52,-2,35,36,0,0
56,2,82,0,56,4,26,25,0,0
55,0,92,0,-6,-14,36,99,64,1
84,2,87,2,-4,0,3,92,88,1
41,2,81,0,38,-18,39,42,2,0
41,0,79,0,38,-11,39,41,2,0
55,0,97,0,52,14,41,45,4,1
47,0,83,0,46,-1,35,36,0,0
37,5,79,3,0,0,41,79,38,0
55,0,77,0,12,7,21,64,42,1
45,-3,83,0,46,20,37,36,0,0
37,-1,78,-3,12,22,42,65,24,0
56,1,89,0,56,0,33,32,0,0
101,0,102,0,72,8,1,29,28,1
78,1,82,3,-42,0,4,126,122,1
37,0,76,0,36,9,39,39,0,0
44,0,108,0,44,8,64,64,0,0
37,0,92,0,18,2,55,74,20,0
37,0,77,7,34,-6,41,44,2,0
37,1,81,-8,34,0,44,48,4,0
59,0,84,0,60,9,25,24,0,0
49,-4,83,0,50,0,34,34,0,0
37,0,74,-2,24,-5,37,51,14,0
55,5,83,0,54,0,28,28,0,0
49,5,106,0,50,13,56,57,0,0
56,0,84,0,54,-15,28,30,2,0
106,-1,108,0,72,3,1,35,34,1
55,1,82,3,54,0,27,28,0,0
44,2,76,0,44,13,32,32,0,0
37,0,77,0,26,-14,41,52,10,0
107,1,109,5,72,1,2,36,34,1
38,0,97,5,38,1,59,58,0,0
37,0,78,0,6,5,41,73,32,0
43,5,75,-1,42,0,32,34,2,0
56,1,81,0,-10,-16,25,91,66,1
56,0,97,0,54,26,40,42,2,0
37,0,79,0,16,-4,43,64,22,0
47,3,93,0,46,0,47,47,0,0
37,-1,77,0,0,0,40,77,36,0
47,0,84,-2,46,0,37,38,0,0
37,4,78,0,-6,0,41,86,44,0
45,2,83,0,44,0,39,39,0,0
48,0,78,0,50,24,30,29,0,0
56,0,76,0,-12,25,20,89,68,1
37,0,83,0,16,-2,47,68,22,0
55,0,77,-1,-10,0,21,87,66,1
37,-1,81,-4,36,-13,43,44,2,0
37,0,83,0,-4,-1,46,88,42,0
47,1,79,5,46,0,32,32,0,0
57,-4,86,0,56,0,30,30,0,0
46,-1,82,0,46,0,36,35,0,0
37,0,83,0,2,-19,46,80,34,0
61,0,111,-3,60,0,50,51,2,0
59,0,87,0,56,-6,28,30,2,0
40,2,79,0,38,0,38,40,2,0
102,2,103,1,72,29,1,31,30,1
46,0,81,7,46,2,35,35,0,0
37,0,77,0,34,-1,40,43,2,0
56,0,77,0,46,15,22,31,10,1
37,0,79,0,8,-10,43,72,28,0
44,1,84,0,42,-24,41,43,2,0
37,0,106,6,24,-18,69,83,14,0
37,0,76,-1,36,-18,39,40,2,0
37,0,79,0,8,1,42,71,30,0
79,2,83,0,-46,0,4,129,126,1
55,0,77,0,-18,-12,21,95,74,1
37,0,77,-4,10,0,41,67,26,0
45,0,82,0,44,-20,37,38,2,0
42,-3,85,0,42,0,43,44,0,0
55,-2,85,0,54,-6,30,31,2,0
46,-1,86,-5,46,-8,40,39,0,0
56,-1,95,0,46,1,40,49,10,1
50,0,79,-7,50,0,30,30,0,0
83,0,87,7,-6,-18,4,95,90,1
56,0,97,0,50,13,41,48,6,1
41,1,77,0,38,-3,37,39,2,0
42,5,77,0,42,0,35,36,2,0
46,0,81,1,46,7,35,35,0,0
46,-3,93,3,46,6,47,46,0,0
37,0,76,-1,26,-14,39,50,10,0
42,0,80,-1,42,0,38,39,2,0
37,0,77,0,6,16,40,72,32,0
51,0,86,0,50,-6,35,37,2,0
56,0,78,0,10,10,22,68,46,1
55,0,93,0,46,-14,37,46,8,1
37,0,75,-5,24,0,38,52,14,0
37,0,92,4,8,3,55,84,30,0
53,2,88,0,54,3,35,34,0,0
37,0,76,0,34,-23,40,43,2,0
37,0,104,1,24,0,66,80,14,0
47,0,82,-3,46,0,35,35,0,0
38,3,83,0,36,-26,45,46,2,0
44,0,81,-6,42,-30,38,40,2,0
42,4,79,0,42,0,37,38,2,0
55,0,92,-6,-2,-30,36,94,58,1
48,1,80,-2,46,0,32,34,2,0
46,-5,83,0,46,0,37,36,0,0
56,0,96,1,44,8,40,52,12,1
56,0,95,0,46,-11,40,49,10,1
55,0,93,0,50,1,37,44,6,1
82,0,86,8,-10,14,4,97,92,1
51,0,84,0,50,-27,33,35,2,0
43,0,81,0,44,24,38,37,0,0
44,0,95,0,44,0,52,51,0,0
42,-2,76,1,42,0,34,35,0,0
53,0,78,0,54,1,25,24,0,0
55,0,77,0,-2,-7,21,79,58,1
53,0,78,0,54,24,25,24,0,0
43,0,81,-2,42,-23,38,40,2,0
45,0,86,5,44,-1,41,42,2,0
37,0,77,0,8,-15,40,69,30,0
105,-4,106,0,72,6,1,34,32,1
85,-7,89,0,8,0,4,81,78,1
50,5,96,0,50,0,46,47,0,0
37,0,76,0,24,-13,39,52,14,0
43,0,86,-2,42,-1,43,45,2,0
56,1,83,0,56,0,26,26,0,0
55,0,79,0,2,-26,23,76,52,1
56,1,80,5,-4,0,24,85,62,1
56,0,92,0,56,20,36,35,0,0
40,0,110,5,38,0,70,71,2,0
37,0,97,0,24,-8,60,74,14,0
53,2,82,0,54,2,29,28,0,0
47,5,84,-7,46,0,37,38,0,0
37,0,78,0,-2,-4,42,81,40,0
41,0,75,0,38,-23,34,36,2,0
38,1,77,0,38,8,39,38,0,0
43,0,77,-3,42,0,34,35,2,0
45,-1,106,-2,44,0,61,62,2,0
51,0,86,0,50,-20,35,37,2,0
44,4,86,0,44,8,43,42,0,0
44,0,85,0,44,10,41,41,0,0
45,0,88,-2,44,-3,43,44,2,0
55,0,92,0,8,-27,37,84,48,1
37,0,83,0,10,5,46,72,26,0
49,5,86,0,50,13,37,37,0,0
38,0,79,8,38,0,41,41,0,0
45,-1,88,0,44,-12,43,44,2,0
45,0,79,-1,46,8,33,32,0,0
82,3,86,-2,-10,14,3,96,92,1
38,0,82,7,38,0,44,43,0,0
44,2,81,2,44,1,37,37,0,0
37,0,96,-4,20,0,59,75,16,0
48,0,88,1,46,-3,40,42,2,0
37,0,80,-5,34,0,43,46,4,0
55,0,78,0,44,-4,23,34,12,1
55,-2,99,0,50,0,43,49,6,1
43,0,77,3,42,-6,34,36,2,0
44,-1,77,0,44,3,33,33,0,0
37,0,105,0,16,-23,68,89,22,0
49,0,79,-1,50,0,30,30,0,0
37,0,83,0,28,-9,46,54,8,0
41,3,107,0,38,0,66,68,2,0
41,-1,79,0,42,11,39,38,0,0
79,2,83,0,-40,15,4,124,120,1
41,0,82,-1,42,23,41,41,0,0
41,0,81,0,38,-12,40,42,2,0
42,-3,87,0,42,0,45,46,0,0
55,1,83,-1,54,0,28,29,0,0
43,3,88,-1,42,0,45,47,2,0
58,0,83,8,56,0,25,26,0,0
55,0,97,0,46,20,41,50,8,1
46,0,80,0,46,2,34,34,0,0
45,5,84,0,44,0,39,40,2,0
37,0,81,0,28,3,44,52,8,0
37,0,76,3,28,0,40,48,8,0
37,0,79,0,8,-9,43,72,28,0
55,1,81,2,54,0,25,26,2,0
37,0,77,0,36,3,40,41,2,0
51,1,84,0,52,17,33,32,0,0
45,-10,77,0,44,-1,32,34,2,0
37,-1,77,0,36,-18,39,41,2,0
37,0,104,-5,28,0,67,75,8,0
56,0,81,0,-10,-12,25,92,66,1
52,0,88,0,52,-3,35,36,0,0
48,0,78,0,46,-3,30,32,2,0
56,0,78,0,10,-16,22,68,46,1
41,0,81,1,42,29,40,39,0,0
56,0,76,0,-12,-23,20,89,68,1
56,1,96,0,54,4,40,42,2,0
40,0,77,-6,38,0,38,39,2,0
45,-1,79,0,44,-13,33,35,2,0
37,0,93,8,26,16,55,67,12,0
82,0,86,0,-4,-10,3,91,88,1
37,0,107,15,28,0,70,78,8,0
43,0,86,0,42,-4,42,44,2,0
37,0,76,0,34,7,39,42,4,0
55,0,92,0,28,-12,36,63,28,1
37,0,97,1,20,-22,60,77,16,0
49,2,80,0,50,3,31,31,0,0
37,0,83,0,12,-14,46,70,24,0
56,0,79,0,12,-2,23,66,42,1
44,0,81,7,44,7,38,37,0,0
57,0,92,4,56,0,34,35,0,0
43,0,88,0,42,-5,44,46,2,0
49,0,95,0,50,5,46,46,0,0
56,0,95,0,52,10,40,44,4,1
44,2,83,0,42,-27,39,41,2,0
41,0,83,1,38,-6,42,44,2,0
37,0,77,0,26,5,40,51,12,0
47,-4,76,0,46,0,28,29,0,0
56,0,79,0,0,13,24,79,56,1
43,0,86,6,42,0,44,45,2,0
45,0,85,0,44,12588,41,41,0,0
51,0,85,3,50,0,34,36,2,0
55,-4,83,0,54,0,28,28,0,0
52,-1,87,1,52,-1,35,35,0,0
37,0,77,0,36,31,41,41,0,0
53,0,80,0,52,-18,27,28,2,0
37,0,79,4,2,0,42,76,34,0
43,0,88,-5,42,0,45,46,2,0
49,0,86,2,50,0,37,37,0,0
62,-5,112,0,62,0,50,50,0,0
102,0,103,2,72,30,1,31,30,1
41,-4,77,0,42,15,37,36,0,0
47,-2,108,0,46,0,61,62,0,0
56,0,83,0,54,-10,27,29,2,0
44,0,86,-1,42,-25,42,44,2,0
53,2,86,0,52,-3,33,34,2,0
41,0,81,0,42,5,40,39,0,0
102,0,103,0,70,-26,1,33,32,1
53,2,80,0,54,9,27,26,0,0
39,5,85,-3,38,0,46,46,0,0
37,0,104,0,26,16,66,78,12,0
83,0,86,0,-6,0,3,94,90,1
47,0,90,0,46,0,43,43,0,0
76,3,80,2,-42,0,4,124,120,1
56,1,97,0,50,0,41,48,6,1
43,0,80,0,42,-9,37,39,2,0
37,0,80,0,34,2,43,46,2,0
53,0,77,2,54,14,25,23,0,0
37,1,76,-2,30,-4,40,45,6,0
45,0,79,0,46,16,34,33,0,0
37,0,78,-3,12,0,42,65,24,0
52,-1,88,1,52,-3,35,36,0,0
55,-1,79,-3,20,-15,24,59,34,1
41,0,80,0,42,13,39,39,0,0
37,0,78,1,10,-26,42,68,26,0
49,1,80,0,46,-20,31,34,2,0
43,0,95,-1,44,14,52,51,0,0
51,-4,79,0,52,0,27,27,0,0
56,0,95,0,44,13,40,51,12,1
44,0,82,1,42,-30,38,41,2,0
49,1,111,0,50,2,62,62,0,0
53,5,86,0,52,-7,33,35,2,0
37,0,83,0,10,0,46,72,26,0
53,2,86,0,54,29,33,32,0,0
56,0,97,0,54,18,41,42,2,0
38,0,79,5,38,0,41,41,0,0
64,0,111,2,62,-12,46,49,2,0
56,0,97,0,54,15,41,42,2,0
37,1,83,6,36,0,46,46,0,0
39,0,76,-2,38,-4,37,37,0,0
64,2,111,1,62,-6,46,49,2,0
46,0,102,0,46,7,57,56,0,0
37,0,81,0,36,-21,44,45,2,0
37,0,79,0,6,4,42,74,32,0
37,0,78,0,-4,23,42,83,42,0
51,2,86,0,50,-22,35,37,2,0
37,0,76,0,24,-6,40,53,14,0
102,0,104,0,70,-10,1,34,32,1
42,1,83,0,42,0,41,41,0,0
85,-2,89,0,2,-4,4,86,82,1
56,0,81,0,6,20,25,75,50,1
43,0,88,0,44,8,45,44,0,0
55,-4,81,0,-4,2,26,86,60,1
37,0,78,0,-2,0,42,81,40,0
41,-2,79,0,38,-9,38,40,2,0
79,0,83,0,-42,1,4,127,122,1
37,0,74,0,30,9,37,43,6,0
37,-1,76,0,38,17,39,37,0,0
37,0,97,0,18,-26,60,79,18,0
38,0,86,0,38,0,48,47,0,0
37,0,106,-2,26,0,69,80,12,0
44,0,83,3,44,0,39,39,0,0
49,0,86,0,46,-3,37,39,2,0
46,-1,85,-5,46,14,39,39,0,0
46,4,79,0,46,12,33,32,0,0
51,4,88,0,52,13,36,36,0,0
52,0,86,0,52,-14,33,34,0,0
37,-1,76,0,36,-13,39,40,2,0
55,-5,95,0,46,0,40,49,8,1
46,0,86,0,44,-19,40,42,2,0
56,0,77,0,-12,4,21,90,68,1
51,-1,84,0,50,-30,33,35,2,0
40,0,81,-4,38,0,41,43,2,0
49,0,77,6,50,0,28,28,0,0
51,-3,90,0,52,5,38,38,0,0
52,0,88,1,52,0,36,37,0,0
55,0,96,0,44,-9,41,52,12,1
48,0,81,0,46,-3,33,35,2,0
37,0,81,0,38,20,43,42,0,0
55,0,96,0,46,-8,41,50,8,1
47,-1,88,-6,46,-9,41,41,0,0
55,0,81,0,54,-2,26,27,2,0
43,0,81,-2,42,-1,37,39,2,0
80,0,84,0,-24,14,4,110,106,1
56,0,97,-1,46,-5,41,51,10,1
41,0,83,0,42,14,42,41,0,0
37,0,83,0,12,-22,46,70,24,0
53,0,79,0,52,-13,26,27,2,0
49,0,106,-7,50,20,57,57,0,0
48,3,94,2,46,0,46,48,2,0
39,2,97,0,38,0,58,59,0,0
41,0,81,0,38,-27,40,43,2,0
47,-2,95,-5,46,0,48,48,0,0
45,0,86,6,44,0,42,42,0,0
54,-1,81,0,54,-1,27,27,0,0
37,0,79,0,28,11,42,50,8,0
56,-2,97,0,54,4,41,42,2,0
44,-1,92,-2,44,0,47,48,0,0
44,4,83,0,42,-14,40,42,2,0
49,3,86,0,50,22,38,37,0,0
42,0,83,4,42,0,41,41,0,0
50,-1,101,0,50,0,52,52,0,0
47,-2,84,1,46,0,37,37,0,0
37,0,82,0,16,-11,45,66,22,0
40,-5,82,0,38,0,42,43,2,0
45,0,76,0,46,14,31,30,0,0
37,0,78,0,-2,10,41,81,40,0
37,0,82,0,36,3,45,46,2,0
56,0,96,-2,50,-6,40,47,6,1
40,4,77,-1,38,0,38,39,2,0
56,4,76,-1,-18,-10,20,94,74,1
46,-1,84,-2,46,-3,38,38,0,0
41,0,86,0,42,7,45,45,0,0
43,-2,76,0,44,24,33,32,0,0
56,4,98,0,42,-5,42,57,14,1
55,0,77,0,36,-2,22,41,20,1
45,-1,86,-4,46,22,40,39,0,0
37,0,106,0,30,17,68,75,6,0
42,2,78,0,42,0,36,37,0,0
55,0,79,0,10,15,23,68,46,1
47,0,84,7,46,0,38,38,0,0
37,0,80,3,2,0,43,77,34,0
55,-2,95,0,46,-1,40,49,8,1
37,1,93,0,10,0,56,83,28,0
42,5,93,0,42,1,52,52,0,0
37,-70,105,0,36,-1,68,69,0,0
52,0,82,0,54,23,29,28,0,0
55,0,78,3,46,0,23,32,8,1
37,0,100,0,30,0,64,69,6,0
37,0,79,0,34,0,41,45,4,0
44,4,83,0,44,8,39,39,0,0
38,0,75,0,36,-30,37,39,2,0
37,0,95,2,20,0,58,75,16,0
43,0,75,0,42,-12,32,34,2,0
55,0,81,-3,-12,0,26,94,68,1
55,0,79,0,12,-3,23,66,42,1
37,0,108,-14,28,0,70,79,8,0
44,-1,93,2,44,0,49,50,0,0
56,0,81,2,-2,0,25,83,58,1
41,0,77,0,42,17,36,35,0,0
44,0,81,0,44,21,37,37,0,0
102,-5,104,-2,72,16,1,31,30,1
47,1,84,-5,46,0,37,38,0,0
53,2,88,0,54,2,35,34,0,0
41,0,78,0,42,22,37,37,0,0
37,0,81,-6,-2,0,44,83,40,0
42,3,82,0,42,0,39,41,2,0
37,-2,76,0,38,13,39,37,0,0
38,-1,76,-2,38,0,37,37,0,0
50,-5,78,0,50,0,28,29,2,0
37,0,79,-3,20,0,43,59,16,0
49,0,87,2,50,5,38,38,0,0
37,0,81,0,26,5,44,55,10,0
48,0,88,0,46,0,40,42,2,0
38,0,86,0,38,3,48,47,0,0
55,0,85,0,54,-6,30,31,2,0
56,0,78,-2,26,-5,22,52,30,1
59,0,86,1,56,-17,28,30,2,0
51,1,81,8,50,0,30,32,2,0
48,0,83,0,46,-1,34,36,2,0
41,0,88,-2,38,-45,48,50,2,0
46,0,81,-2,46,0,35,34,0,0
53,7,79,0,42,-1,25,37,12,1
55,0,98,0,50,-20,42,49,6,1
41,-1,78,0,38,-19,37,39,2,0
56,0,97,0,52,13,41,46,4,1
55,-5,78,0,10,1,23,68,46,1
56,0,78,0,10,9,22,68,46,1
56,0,97,2,44,-6,41,53,12,1
37,-2,76,-2,20,-4,39,55,16,0
55,0,97,-7,42,0,42,56,14,1
44,0,106,-6,44,4,61,62,0,0
42,-3,77,0,42,0,35,36,2,0
45,1,102,0,44,0,58,58,0,0
55,0,93,0,38,-3,37,54,16,1
45,0,84,0,46,28,38,37,0,0
42,0,86,8,42,0,44,45,0,0
106,-1,107,-6,70,0,1,37,36,1
43,0,79,-2,42,-5,35,37,2,0
56,0,97,0,54,5,40,42,2,0
37,0,95,2,10,6,57,84,28,0
50,-3,78,0,50,0,28,29,0,0
47,1,81,0,46,0,34,35,0,0
56,1,97,0,54,0,41,42,2,0
40,0,79,-3,38,0,39,41,2,0
37,0,75,0,34,2,38,41,2,0
37,0,106,8,24,-6,68,82,14,0
39,1,76,0,38,0,36,37,0,0
37,0,104,0,26,-17,66,78,12,0
43,-1,82,0,42,-14,39,41,2,0
43,-1,86,0,42,-27,42,44,2,0
41,-1,82,0,42,11,41,41,0,0
45,-4,83,0,46,8,37,36,0,0
43,-3,77,0,42,0,34,35,2,0
37,0,77,0,28,-24,40,48,8,0
37,0,75,0,30,5,38,44,6,0
41,0,80,0,38,-28,39,41,2,0
45,0,85,-3,44,-4,40,41,2,0
37,0,97,0,34,6,60,64,4,0
56,3,98,1,38,-15,42,59,18,1
56,0,86,0,56,1,31,30,0,0
55,0,82,7,54,-1,26,28,2,0
80,-1,84,-1,-42,4,5,128,124,1
41,0,81,0,42,10,40,40,0,0
48,0,87,-2,46,-3,39,41,2,0
37,0,79,-2,18,-36,43,61,18,0
55,1,83,0,54,0,29,29,0,0
53,0,85,0,52,-24,32,33,2,0
45,0,82,0,46,24,37,35,0,0
56,0,97,6,54,0,40,42,2,0
43,-1,81,0,44,14,37,37,0,0
37,0,83,6,26,0,46,57,12,0
49,1,78,0,50,1,29,29,0,0
38,1,76,0,36,-22,38,39,2,0
56,0,92,0,46,-15,36,46,10,1
46,0,78,0,46,3,32,32,0,0
48,1,88,2,46,0,40,41,2,0
56,0,77,0,0,11,21,77,56,1
49,1,106,0,50,28,58,57,0,0
43,-1,109,-6,42,-6,66,67,2,0
44,0,85,4,44,3,41,41,0,0
37,0,74,0,26,-15,38,48,10,0
37,0,80,-5,18,0,43,62,18,0
46,0,83,0,44,-27,37,39,2,0
37,0,77,0,6,-17,40,72,32,0
41,0,86,0,42,20,45,44,0,0
37,0,76,0,38,15,38,37,0,0
45,-5,87,0,44,-22,42,43,2,0
56,0,98,0,44,18,42,54,12,1
45,0,85,0,44,-10,40,41,2,0
37,-1,76,0,36,-4,39,39,0,0
51,-2,88,0,52,8,37,36,0,0
39,-1,77,5,38,0,38,38,0,0
43,0,88,0,42,-19,44,46,2,0
51,1,84,0,52,4,33,32,0,0
37,0,79,0,10,5,42,68,26,0
55,0,96,0,54,16,41,42,2,0
55,0,95,0,52,12,40,44,4,1
43,0,83,0,42,-1,39,41,2,0
82,0,86,3,-10,-30,4,96,92,1
55,0,81,0,54,-1,26,27,0,0
45,-2,82,5,44,-17,37,38,2,0
49,-4,86,0,50,0,37,37,0,0
43,0,77,-2,44,11,34,33,0,0
43,0,83,1,44,26,39,39,0,0
49,0,79,1,50,2,31,30,0,0
37,-2,77,-1,34,-5,41,44,2,0
45,-3,88,0,46,19,42,41,0,0
38,5,79,0,36,-16,42,43,2,0
55,0,80,0,-6,-29,25,88,64,1
53,1,84,0,52,-10,31,32,2,0
42,3,83,0,42,0,41,41,0,0
45,-4,83,-5,44,-7,38,39,0,0
55,0,77,0,10,6,22,67,46,1
48,2,94,2,46,0,46,48,2,0
41,0,82,-2,42,3,41,41,0,0
43,0,83,2,44,31,40,39,0,0
49,0,86,2,46,-15,38,40,2,0
82,0,86,0,-12,-28,3,99,96,1
56,0,97,0,46,-14,41,50,10,1
42,0,79,8,42,0,37,37,0,0
41,0,86,0,42,17,46,45,0,0
43,-3,76,0,42,-12,32,34,2,0
37,0,77,0,28,-14,40,48,8,0
56,1,88,0,56,0,31,31,0,0
55,0,76,0,-18,-19,21,94,74,1
45,1,80,0,44,-2,35,36,2,0
45,0,78,0,46,27,33,32,0,0
51,1,86,0,50,-24,35,37,2,0
37,0,76,5,24,0,39,52,14,0
55,0,79,0,26,7,23,53,30,1
48,-1,86,0,46,-5,37,39,2,0
45,-2,78,0,44,-13,33,34,2,0
43,0,75,0,42,-15,32,34,2,0
37,0,76,0,30,22,40,45,6,0
56,0,97,0,42,31,41,55,14,1
50,-1,81,3,50,0,32,32,0,0
56,0,107,0,54,-21,51,53,2,0
55,-4,98,-1,46,0,42,51,8,1
37,0,84,0,24,-17,47,61,14,0
37,0,95,-2,26,6,58,70,12,0
56,0,79,0,8,18,24,72,48,1
58,5,97,0,56,0,39,40,2,0
55,0,78,0,56,30,23,21,0,0
39,0,79,1,38,0,39,40,0,0
37,0,80,5,8,16,43,72,28,0
37,0,76,-1,24,4,39,52,14,0
48,0,86,-2,46,0,38,39,2,0
37,0,79,0,10,-13,42,68,26,0
45,0,87,1,44,-4,42,43,2,0
83,0,86,0,-2,0,3,88,86,1
53,0,83,0,54,6,30,29,0,0
39,-3,83,0,38,0,44,44,0,0
45,-1,76,0,46,17,30,29,0,0
37,0,106,-2,36,0,68,69,2,0
37,0,101,0,28,-5,64,73,8,0
37,0,104,0,26,11,67,78,12,0
55,0,78,0,54,0,23,24,2,0
39,-5,90,1,6,0,52,85,34,0
45,-1,81,0,46,13,36,35,0,0
53,1,77,0,54,4,24,23,0,0
59,0,87,0,56,-8,28,30,2,0
53,3,86,0,52,-4,33,35,2,0
46,0,76,1,46,4,30,29,0,0
37,0,78,0,24,20,41,55,14,0
56,0,80,0,56,16,24,23,0,0
41,1,76,0,42,7,35,35,0,0
80,0,84,0,-38,0,4,123,118,1
77,-44,107,0,62,-4,30,45,16,1
44,-2,84,0,44,2,41,41,0,0
56,0,98,0,46,1,42,51,10,1
56,-1,97,0,52,5,41,45,4,1
55,3,81,0,54,0,26,26,0,0
45,0,86,2,44,0,40,42,2,0
37,0,76,3,26,20,39,50,12,0
51,1,86,0,52,7,35,34,0,0
44,0,76,3,44,0,32,32,0,0
41,0,81,0,42,12,40,40,0,0
40,3,76,0,38,0,36,37,2,0
56,-1,97,0,36,-4,41,60,20,1
56,3,76,0,-18,-3,20,94,74,1
79,-5,83,0,-40,0,4,125,120,1
56,2,81,0,-6,-16,25,88,64,1
44,-1,77,0,42,-30,33,35,2,0
52,0,83,-1,52,0,31,32,0,0
49,0,88,0,50,6,39,39,0,0
37,0,77,0,36,7,41,41,0,0
42,-2,80,8,42,0,38,39,0,0
37,0,106,0,34,-3,69,72,4,0
55,0,79,0,12,7,23,66,42,1
37,0,84,0,30,18,47,53,6,0
55,0,81,0,56,29,26,24,0,0
41,-2,86,0,42,9,46,45,0,0
37,0,95,0,20,31,57,74,16,0
46,1,88,5,44,-20,42,44,2,0
44,4,76,0,44,0,31,32,0,0
37,0,77,0,36,12,41,41,0,0
37,0,83,0,34,8,46,49,4,0
106,0,107,0,72,7,1,35,34,1
56,0,77,0,-20,-19,21,97,76,1
39,-4,88,0,38,0,49,50,0,0
49,-1,88,0,46,-21,39,41,2,0
51,0,78,-5,52,0,27,26,0,0
45,-1,81,2,44,0,36,37,0,0
41,5,102,0,38,0,61,63,2,0
42,1,86,0,42,0,45,45,0,0
105,-1,106,-3,70,-4,1,36,36,1
49,-4,77,0,50,2,28,28,0,0
48,0,78,0,46,-7,30,32,2,0
81,4,84,0,-24,0,3,110,106,1
49,0,86,0,50,12,38,37,0,0
49,-5,79,0,50,0,30,30,0,0
52,2,102,0,52,0,50,50,0,0
56,4,91,0,-4,0,35,96,62,1
43,0,81,3,42,-7,37,39,2,0
48,-4,110,0,46,-4,62,64,2,0
80,0,84,-5,-20,0,4,105,100,1
41,0,83,0,38,-18,42,44,2,0
45,2,77,0,44,-1,32,34,2,0
37,0,83,0,-4,-2,46,88,42,0
50,5,78,0,50,0,29,29,0,0
42,-2,77,-2,42,0,35,36,2,0
45,4,86,0,44,-3,40,42,2,0
39,0,83,7,38,0,44,44,0,0
56,0,92,0,50,1,36,43,6,1
66,0,113,0,64,-20,47,48,2,0
37,0,76,0,28,-23,40,48,8,0
55,0,86,-7,54,0,31,32,2,0
37,0,80,0,8,14,43,72,30,0
39,1,77,4,38,0,38,38,0,0
41,-2,76,0,38,-19,35,37,2,0
53,0,81,0,52,-22,28,29,2,0
59,0,87,0,56,-19,28,30,2,0
56,0,95,0,56,7,39,39,0,0
41,-5,80,0,42,6,39,39,0,0
55,0,79,0,24,6,23,55,32,1
46,0,77,-2,46,1,31,30,0,0
46,0,85,0,46,21,39,39,0,0
37,0,79,0,28,4,43,51,8,0
49,-1,111,0,50,9,62,62,0,0
38,0,77,0,36,-29,40,41,2,0
44,0,81,-3,44,11,37,37,0,0
55,-1,78,0,16,-7,23,63,40,1
53,0,85,0,52,-6,32,33,2,0
44,1,81,0,44,16,37,37,0,0
36,-2,79,0,36,0,43,43,0,0
55,0,96,0,46,-20,41,50,8,1
46,2,76,0,46,0,29,29,0,0
56,5,97,0,42,0,40,55,14,1
41,4,80,0,42,13,39,39,0,0
84,0,87,-5,0,1,3,87,84,1
38,1,77,1,38,17,39,38,0,0
56,0,96,0,42,18,40,55,14,1
46,0,88,0,46,10,43,42,0,0
64,0,110,0,62,-27,46,48,2,0
45,0,79,0,46,21,33,32,0,0
45,5,86,0,44,0,42,42,0,0
37,0,80,0,34,8,43,46,4,0
46,0,76,-3,46,0,30,30,0,0
49,0,83,0,46,-30,33,36,2,0
37,0,77,0,38,25,39,38,0,0
37,0,77,0,30,23,40,46,6,0
42,0,77,-7,42,0,34,35,2,0
51,1,84,0,50,-23,33,35,2,0
52,-3,87,3,52,0,35,35,0,0
54,5,79,0,54,0,25,24,0,0
37,-27,77,0,20,0,40,57,16,0
55,0,95,0,42,-4,40,54,14,1
55,0,91,0,54,-8,35,37,2,0
41,-5,81,0,38,-30,40,43,2,0
56,0,81,8,-10,0,25,91,66,1
37,0,79,0,10,-26,43,69,26,0
55,4,81,7,54,0,26,27,0,0
45,-2,87,0,44,0,42,43,2,0
38,1,81,0,36,-19,43,44,2,0
55,-2,86,0,54,-13,31,32,2,0
41,0,79,-4,38,-6,38,40,2,0
55,0,79,-1,20,-2,23,58,34,1
41,0,87,0,38,-3,46,48,2,0
50,-5,78,0,50,0,28,29,0,0
53,3,86,0,52,-2,33,34,2,0
45,-1,86,-6,46,22,40,39,0,0
37,0,77,0,36,31,40,41,0,0
49,1,85,0,46,-3,36,39,2,0
56,1,84,0,56,11,29,28,0,0
46,0,86,-5,46,0,40,39,0,0
44,0,87,-2,44,0,43,43,0,0
39,1,79,-1,38,-2,41,41,0,0
41,0,83,0,42,4,42,41,0,0
37,0,77,4,-2,0,39,79,40,0
55,-2,86,-2,54,0,31,32,0,0
53,5,84,0,54,3,30,30,0,0
56,0,96,0,52,-28,40,44,4,1
37,0,107,0,28,-1,70,78,8,0
55,-1,108,5,54,-6,53,54,2,0
56,0,77,-5,44,0,22,34,12,1
50,-3,81,0,50,0,32,32,0,0
55,0,93,0,46,-10,37,46,8,1
49,0,88,0,46,-29,39,41,2,0
56,0,92,4,-2,0,36,95,58,1
37,0,104,0,16,-22,67,89,22,0
46,0,79,0,46,2,33,32,0,0
37,0,77,-4,-12,-4,40,90,50,0
56,-2,95,-7,42,-10,40,54,14,1
48,0,86,0,46,0,38,40,2,0
51,0,86,0,52,21,36,35,0,0
55,0,77,-4,28,-17,21,48,28,1
43,-1,87,2,42,0,44,46,2,0
47,-1,76,-4,46,-6,30,30,0,0
45,-4,88,0,44,0,43,44,2,0
56,0,81,0,-6,-1,25,88,64,1
38,0,79,-1,38,0,41,41,0,0
56,-2,95,0,52,0,40,44,4,1
53,1,78,0,54,2,25,24,0,0
39,0,81,-6,38,0,42,42,0,0
43,0,83,3,42,-2,39,41,2,0
41,-2,79,0,42,0,38,38,0,0
80,1,84,0,-24,26,4,110,106,1
37,0,80,0,6,-26,43,75,32,0
37,0,77,0,6,-11,40,72,32,0
40,1,88,0,38,0,47,49,2,0
55,0,92,-2,36,-13,37,56,20,1
41,0,88,0,42,8,47,47,0,0
49,-1,83,0,46,-27,34,37,2,0
51,4,82,0,50,0,31,33,2,0
37,0,104,-4,24,0,67,81,14,0
41,1,77,0,38,-28,36,39,2,0
39,1,86,0,38,0,47,47,0,0
41,1,76,0,42,15,35,35,0,0
55,0,76,0,-22,-1,21,99,78,1
55,0,77,-1,16,0,21,61,40,1
45,-1,86,0,44,-6,41,42,2,0
44,2,84,0,42,-19,40,43,2,0
37,0,77,0,24,15,40,54,14,0
55,0,98,-1,46,-9,42,51,8,1
45,0,77,0,44,-9,32,34,2,0
53,0,85,0,54,10,32,31,0,0
56,2,94,0,50,0,38,45,6,1
51,3,83,0,50,0,32,33,2,0
46,4,81,0,44,-17,35,37,2,0
51,0,86,0,50,-28,35,37,2,0
44,0,79,1,44,0,35,35,0,0
37,0,80,0,6,24,43,75,32,0
48,-3,86,0,46,0,38,40,2,0
45,-5,88,0,46,8,42,41,0,0
57,0,84,5,56,0,27,27,0,0
37,0,82,0,34,-19,45,48,2,0
56,0,97,0,56,2,40,40,0,0
45,0,83,0,44,-21,37,39,2,0
55,0,95,0,44,-6,40,51,12,1
44,3,86,-2,44,0,42,42,0,0
49,-1,81,0,46,-24,33,35,2,0
41,0,77,0,42,23,36,35,0,0
55,0,97,-1,46,-2,41,50,8,1
56,0,81,0,-4,-6,25,86,62,1
46,2,79,1,46,0,33,33,0,0
52,0,84,0,52,-5,32,33,0,0
42,3,89,0,42,0,47,48,2,0
37,0,95,-1,26,7,58,70,12,0
58,0,85,2,56,0,28,28,0,0
49,4,81,0,46,-14,33,35,2,0
41,4,79,0,38,-27,38,41,2,0
80,0,84,0,-24,24,4,110,106,1
42,-3,86,4,42,-1,44,44,0,0
56,0,97,0,54,27,41,42,2,0
41,0,88,0,42,18,48,47,0,0
43,0,82,0,44,23,39,38,0,0
45,3,83,0,44,0,38,39,0,0
38,3,83,-1,38,-1,44,44,0,0
56,0,77,0,-4,20,21,82,62,1
56,0,97,0,54,-22,40,42,2,0
37,0,76,-2,36,0,39,40,0,0
37,0,84,0,20,-5,47,63,16,0
45,0,88,-7,46,-53,42,41,0,0
46,2,88,0,46,2,42,41,0,0
56,3,78,0,8,-8,22,70,48,1
55,-1,97,-3,50,16,42,48,6,1
37,4,79,1,18,20,41,61,20,0
38,1,94,0,38,10,56,55,0,0
52,0,91,0,54,31,38,37,0,0
37,1,106,-7,28,0,68,77,8,0
38,2,81,0,38,0,42,42,0,0
37,0,81,0,26,-5,44,55,10,0
39,-1,91,0,6,2,52,86,34,0
37,0,79,0,16,-12,42,63,22,0
39,-6,91,0,6,21,52,86,34,0
55,-2,95,0,46,-2,40,49,8,1
42,0,87,-2,42,-4,45,46,0,0
41,0,80,-4,42,0,39,39,0,0
56,0,91,0,-4,-18,35,96,62,1
44,5,83,0,44,1,38,39,0,0
55,0,96,0,42,-13,41,55,14,1
56,0,78,4,44,0,22,34,12,1
44,0,85,0,44,4,41,41,0,0
48,-1,95,0,46,-6,47,49,2,0
42,-4,76,0,42,0,34,35,2,0
46,0,85,3,46,0,39,39,0,0
82,0,86,5,-6,2,4,94,90,1
43,0,88,0,44,20,45,44,0,0
39,-5,86,0,38,0,47,47,0,0
37,0,106,0,34,-30,69,72,4,0
49,4,82,0,50,25,33,33,0,0
55,0,97,0,46,-7,42,51,8,1
44,0,81,5,44,2,38,37,0,0
55,0,77,-1,20,-3,22,57,34,1
46,0,88,0,46,12,42,41,0,0
42,0,88,-4,42,0,46,46,0,0
43,0,80,-4,44,23,37,36,0,0
49,0,82,0,50,0,33,33,0,0
52,-3,90,-1,52,-1,37,38,0,0
37,0,104,0,26,-6,67,78,12,0
45,-44,77,0,-2,0,32,79,48,1
37,0,79,6,-6,0,42,86,44,0
76,0,81,5,-42,-25,5,125,120,1
37,0,83,0,18,9,47,65,18,0
53,4,81,-1,54,6,28,27,0,0
42,0,87,1,42,0,45,46,0,0
56,3,81,0,-20,0,25,102,76,1
37,0,80,2,36,0,43,44,0,0
52,2,81,-1,52,0,30,30,0,0
37,0,77,0,20,-2,40,56,16,0
53,0,87,-1,54,0,34,33,0,0
37,0,75,0,26,19,38,49,12,0
55,0,78,0,6,22,23,73,50,1
51,23,77,0,28,0,26,48,22,1
57,3,81,0,56,0,24,24,0,0
66,-2,109,0,68,17,43,42,0,0
49,0,84,0,46,-17,35,38,2,0
79,0,83,0,-38,13,4,122,118,1
37,0,76,-3,30,11,39,45,6,0
53,0,78,0,52,-30,25,26,2,0
46,0,79,0,44,-28,34,35,2,0
42,-4,86,0,42,0,44,44,0,0
37,0,75,4,24,-2,38,52,14,0
41,0,83,-5,38,-5,42,44,2,0
56,0,96,3,42,-20,40,55,14,1
41,0,79,0,42,11,38,37,0,0
37,0,108,-3,34,0,71,74,4,0
46,-1,79,2,46,0,34,33,0,0
37,0,81,0,-2,11,44,84,40,0
81,5,85,0,-24,0,4,111,108,1
47,-5,81,-6,46,0,33,34,0,0
46,3,77,0,46,0,31,31,0,0
41,0,108,8,38,-3,67,69,2,0
42,-4,88,1,42,0,45,46,2,0
55,4,79,0,54,0,24,25,0,0
55,0,77,0,8,-14,22,70,48,1
37,0,81,0,36,31,43,44,2,0
49,0,81,0,46,-11,33,35,2,0
85,-5,88,0,0,-2,3,88,84,1
37,0,94,1,30,-6,57,63,6,0
56,0,79,1,-4,0,24,85,62,1
49,1,77,0,46,-13,28,30,2,0
52,0,85,0,52,-10,33,33,0,0
45,1,81,0,44,-1,36,37,2,0
51,0,82,0,52,13,31,30,0,0
37,0,106,-7,28,-11,69,78,8,0
56,0,78,6,24,0,22,55,32,1
44,0,77,0,42,-30,33,35,2,0
43,0,75,-2,42,-17,32,34,2,0
45,0,83,1,44,-8,37,39,2,0
56,0,79,0,56,7,23,22,0,0
44,0,75,0,44,7,31,31,0,0
42,5,90,0,42,0,48,49,2,0
45,-5,81,0,44,0,36,37,2,0
42,0,78,-1,42,0,37,37,0,0
56,0,76,0,-4,46,20,81,62,1
42,0,79,-7,42,0,37,38,0,0
55,0,95,0,42,26,40,54,14,1
85,0,88,0,0,-30,3,88,84,1
56,0,86,0,56,0,29,29,0,0
37,-4,81,-3,34,0,44,48,4,0
45,0,83,7,46,22,38,37,0,0
37,0,81,-2,36,-4,44,44,0,0
56,-2,77,12,0,0,21,77,56,1
39,3,79,0,38,0,41,41,0,0
55,-2,80,-4,20,-8,25,59,34,1
37,0,78,0,2,-1,41,75,34,0
43,2,82,4,42,0,39,41,2,0
37,0,90,5,8,26,53,82,30,0
38,-5,79,0,38,0,41,41,0,0
43,0,86,-4,42,0,43,45,2,0
56,0,95,0,52,12,39,43,4,1
56,0,86,0,56,5,31,30,0,0
55,0,95,0,50,19,40,46,6,1
44,4,79,0,44,5,35,35,0,0
38,2,75,0,36,-8,37,39,2,0
41,0,88,0,42,7,47,46,0,0
56,0,92,0,54,16,36,38,2,0
38,0,93,0,34,17,55,59,4,0
42,0,78,-4,42,0,36,37,0,0
37,0,103,0,20,5,66,82,16,0
79,0,83,0,-42,16,4,127,122,1
37,0,77,0,34,-2,41,44,2,0
57,-4,86,0,56,0,29,30,0,0
44,0,86,0,42,-30,42,45,2,0
38,0,105,0,38,1,67,66,0,0
46,0,83,2,46,10,37,37,0,0
41,0,86,-1,42,5,45,44,0,0
44,1,83,0,44,5,40,39,0,0
42,0,87,8,42,0,45,46,2,0
37,0,104,6,24,0,66,80,14,0
55,-5,83,-4,54,0,28,28,0,0
55,0,77,0,10,3,22,67,46,1
105,0,107,3,70,0,1,37,36,1
55,0,78,0,6,28,23,73,50,1
81,0,84,0,-18,-15,3,103,100,1
53,2,86,0,54,23,33,32,0,0
75,-43,88,-1,8,0,14,81,68,1
41,1,82,0,42,16,41,41,0,0
56,3,86,0,56,1,29,29,0,0
56,0,92,0,54,-19,36,38,2,0
51,5,79,0,50,0,28,30,2,0
47,0,79,-7,46,0,32,32,0,0
53,0,88,0,54,17,35,33,0,0
44,-1,82,0,42,-21,38,41,2,0
46,0,102,0,46,8,57,56,0,0
45,0,79,-1,44,-2,34,35,0,0
45,0,78,-1,44,-5,33,34,2,0
45,-1,81,0,46,9,35,34,0,0
47,0,88,8,46,0,41,42,0,0
40,2,89,-4,38,0,49,50,2,0
37,0,82,0,18,20,45,64,18,0
55,0,77,0,38,19,22,39,16,1
82,-1,86,0,-4,-8,3,91,88,1
51,0,88,5,50,0,37,39,2,0
56,4,98,0,50,0,42,49,6,1
55,0,83,1,-30,8,27,114,86,1
37,0,79,0,34,1,42,46,4,0
37,0,76,0,20,-11,39,55,16,0
37,1,76,0,36,3,39,39,0,0
45,0,81,0,44,-20,36,37,2,0
38,-3,91,3,6,0,53,86,32,0
59,0,84,0,56,-3,25,27,2,0
54,-2,90,0,54,0,36,36,0,0
49,1,88,0,46,-28,39,41,2,0
56,0,93,0,50,0,37,44,6,1
56,0,81,0,-10,-7,25,91,66,1
41,1,77,8,42,13,36,35,0,0
37,3,77,0,36,0,40,41,2,0
56,0,95,0,56,9,40,39,0,0
45,0,76,8,44,0,32,32,0,0
41,0,83,-2,38,-2,42,44,2,0
55,-1,82,0,54,0,27,28,0,0
37,0,76,-1,38,21,39,37,0,0
45,-1,87,0,44,-18,42,43,2,0
49,1,79,2,50,3,30,30,0,0
37,0,76,0,26,-4,40,50,10,0
56,-3,97,0,54,0,41,42,2,0
37,0,76,1,24,23,39,53,14,0
37,0,76,0,28,7,39,47,8,0
56,4,81,0,56,22,25,24,0,0
45,-2,79,0,46,13,33,32,0,0
37,0,104,0,28,4,66,75,8,0
37,0,104,0,30,-16,67,73,6,0
79,0,83,5,-46,0,5,130,126,1
53,4,80,0,52,-16,27,28,2,0
82,-1,86,-3,-40,0,4,128,124,1
39,-4,79,3,38,0,40,40,0,0
56,4,81,0,56,24,25,24,0,0
45,0,102,0,44,-4,57,58,2,0
56,4,76,-1,-14,26,20,92,72,1
45,0,83,5,46,26,38,37,0,0
45,0,79,6,44,-9,34,35,2,0
56,-1,97,0,56,1,40,40,0,0
37,2,98,0,34,10,61,64,4,0
49,0,86,0,46,-22,38,40,2,0
55,-2,91,0,-4,0,35,96,60,1
55,0,86,-3,56,31,31,30,0,0
82,2,86,0,-22,12,4,109,106,1
50,3,102,0,50,0,51,53,2,0
46,0,88,9,46,0,42,42,0,0
42,0,84,0,42,-1,42,43,2,0
53,1,88,0,54,23,35,33,0,0
56,0,98,0,46,9,42,51,10,1
85,0,88,-14,0,0,3,88,84,1
45,0,86,-2,44,-12,40,42,2,0
56,0,77,0,24,18,22,54,32,1
37,0,78,0,-4,3,41,83,42,0
53,-2,86,0,52,-19,33,34,2,0
37,3,80,0,36,0,43,44,0,0
41,0,77,0,42,17,36,36,0,0
49,-5,77,0,50,11,29,28,0,0
37,-2,107,0,38,15,69,68,0,0
42,0,83,5,42,0,41,41,0,0
39,1,79,0,38,0,41,41,0,0
56,4,77,1,10,5,22,67,46,1
79,0,83,0,-30,-13,4,114,110,1
102,0,103,1,70,-9,1,33,32,1
51,0,82,7,52,4,31,30,0,0
37,0,107,-4,30,0,70,76,6,0
55,-1,81,0,-22,-4,26,105,78,1
52,-2,88,0,52,-5,36,37,0,0
56,0,77,0,-2,12,21,79,58,1
49,0,84,0,46,-10,36,38,2,0
37,0,91,0,18,0,53,73,20,0
56,0,97,1,54,0,41,43,2,0
55,0,94,1,18,-2,39,76,38,1
39,5,79,-4,38,0,40,41,0,0
38,1,76,0,38,3,38,37,0,0
55,0,95,-6,36,-18,39,59,20,1
53,1,84,0,52,-6,31,32,2,0
49,0,85,0,50,16,36,36,0,0
49,-3,78,0,46,-27,29,32,2,0
55,0,91,0,54,-5,35,37,2,0
50,-3,89,-4,50,0,39,40,0,0
38,0,76,0,36,-28,38,39,2,0
55,-3,81,0,-4,11,25,86,60,1
81,0,86,0,-24,-15,4,112,108,1
55,0,77,-1,16,-2,22,62,40,1
37,0,79,0,8,10,42,71,30,0
42,-1,85,0,42,0,43,44,2,0
55,0,79,0,12,1,23,66,42,1
37,0,104,1,18,0,67,86,18,0
54,3,78,0,54,0,24,24,0,0
37,0,77,1,34,-8,40,43,2,0
37,0,81,0,30,18,45,50,6,0
56,3,98,0,52,2,42,46,4,1
55,0,78,0,2,-12,23,75,52,1
37,0,77,0,10,-12,40,66,26,0
41,0,77,6,42,24,36,35,0,0
51,1,79,0,50,0,28,30,2,0
37,0,82,-3,-4,0,45,87,42,0
56,3,77,0,0,0,22,77,56,1
56,4,83,0,56,1,27,26,0,0
37,0,74,-1,20,-11,37,54,16,0
49,0,77,-3,50,0,28,28,0,0
82,0,86,0,-12,-1,3,99,96,1
56,0,81,0,-22,0,25,104,80,1
41,0,76,0,42,16,35,35,0,0
41,0,86,0,42,8,45,45,0,0
55,0,77,0,26,-9,22,52,30,1
43,-3,83,0,42,-16,40,42,2,0
54,-7,74,-17,0,0,20,74,54,1
56,0,99,4,46,0,42,52,10,1
52,2,88,0,52,0,37,37,0,0
37,0,105,2,16,-21,68,89,22,0
37,0,84,8,26,0,48,59,12,0
37,0,97,6,10,0,59,86,28,0
37,-4,76,0,36,-21,38,39,2,0
44,0,75,0,42,-27,31,34,2,0
83,-1,87,6,-4,0,4,92,88,1
37,0,94,0,12,-24,57,81,24,0
45,1,92,-4,44,0,48,48,0,0
37,0,77,-3,34,0,40,43,4,0
45,-2,87,0,46,12,42,41,0,0
46,0,83,0,46,7,37,36,0,0
105,0,106,0,72,0,1,34,34,1
39,0,79,0,38,-1,41,41,0,0
48,-1,108,6,46,0,59,61,2,0
37,0,83,0,34,15,46,49,4,0
55,0,79,0,24,-4,23,55,32,1
53,5,86,0,54,5,32,32,0,0
41,0,87,2,38,-20,46,48,2,0
55,5,77,0,54,0,22,23,0,0
37,0,77,0,30,29,40,46,6,0
37,-4,81,0,38,2,44,43,0,0
37,-5,108,-11,28,0,71,79,8,0
79,0,84,6,-38,0,4,123,118,1
37,0,77,0,30,-30,40,46,6,0
51,0,86,0,52,12,35,35,0,0
37,0,95,-1,18,0,58,77,18,0
37,0,77,-1,20,-5,40,56,16,0
37,0,79,0,8,0,42,71,28,0
45,0,88,0,46,23,43,42,0,0
55,0,95,0,50,-13,40,46,6,1
37,-4,76,0,36,-1,39,40,0,0
37,0,77,4,26,0,40,51,10,0
40,0,79,6,38,0,39,41,2,0
44,5,83,0,44,5,38,39,0,0
55,0,96,-1,42,0,41,55,14,1
47,0,86,0,46,0,40,40,0,0
48,0,81,6,46,0,33,34,2,0
56,0,96,1,38,-12,40,57,18,1
41,0,85,0,42,5,44,44,0,0
41,4,86,0,42,3,45,44,0,0
55,-1,91,0,54,0,36,37,0,0
56,0,81,0,-2,0,25,83,58,1
101,0,102,0,72,15,1,30,28,1
47,1,79,0,46,0,32,32,0,0
47,2,75,0,46,0,28,28,0,0
56,0,76,0,-14,8,20,92,72,1
47,-5,81,0,46,0,35,35,0,0
55,0,98,0,52,9,42,46,4,1
37,0,75,0,36,-1,37,39,2,0
37,-5,78,0,36,-1,41,42,0,0
37,1,75,0,28,0,38,46,8,0
49,0,82,0,46,-4,33,35,2,0
49,3,83,0,50,6,34,34,0,0
56,0,96,-1,50,-4,40,47,6,1
55,0,77,0,-20,-18,21,97,76,1
38,0,78,1,38,0,40,39,0,0
39,0,97,4,38,0,58,59,0,0
53,0,81,0,52,-25,28,29,2,0
51,0,89,3,52,4,38,37,0,0
37,0,77,0,-22,3,40,101,60,0
39,5,97,1,38,0,58,59,0,0
54,1,80,-6,54,0,26,26,0,0
41,4,78,0,42,10,37,37,0,0
42,2,77,0,42,0,35,36,2,0
42,3,90,1,42,0,48,49,0,0
37,0,77,-2,-12,-29,40,90,50,0
45,0,89,3,44,-7,44,45,2,0
49,0,82,0,46,-24,33,35,2,0
37,0,80,6,34,0,43,46,4,0
42,-1,77,0,42,0,34,35,2,0
37,0,78,0,2,-4,42,75,34,0
55,-5,86,0,54,0,32,32,0,0
55,0,93,0,52,5,38,42,4,1
52,0,83,-1,52,-1,31,32,0,0
56,0,97,0,52,-15,41,46,4,1
37,-1,76,0,34,0,40,43,2,0
37,-1,83,10,24,0,46,59,14,0
40,0,79,0,38,0,38,40,2,0
45,-1,81,-3,44,-14,36,37,2,0
37,0,80,0,36,10,43,44,0,0
48,-1,86,-3,46,-5,39,40,2,0
43,0,83,0,42,-20,40,42,2,0
47,0,87,-1,46,0,40,41,0,0
41,0,82,-1,42,4,41,41,0,0
59,0,86,0,60,4,28,27,0,0
56,3,97,0,54,-7,40,42,2,0
45,0,87,0,46,6,42,41,0,0
37,0,77,0,38,23,39,38,0,0
55,0,95,7,36,-4,40,59,20,1
83,0,86,0,-4,-2,4,92,88,1
79,0,84,3,-42,-8,4,128,124,1
42,-2,79,0,42,0,37,38,0,0
44,0,85,-1,44,0,41,41,0,0
44,4,85,0,44,1,41,41,0,0
57,3,87,0,56,0,30,30,0,0
41,1,86,0,42,2,45,45,0,0
43,0,106,0,42,-4,62,64,2,0
56,3,81,0,54,-13,25,26,2,0
56,0,79,6,6,0,23,74,50,1
49,2,94,0,46,-7,45,48,2,0
49,2,88,0,46,-9,40,42,2,0
56,4,86,0,54,-5,31,32,2,0
46,0,81,-2,46,11,35,34,0,0
49,-3,107,0,46,-28,58,60,2,0
56,1,99,0,50,0,43,50,6,1
38,1,79,0,38,10,41,40,0,0
53,-3,84,0,54,1,31,30,0,0
44,0,76,-1,44,3,32,32,0,0
56,0,78,6,12,0,22,65,42,1
49,1,83,0,50,1,34,34,0,0
44,0,87,-2,44,8,43,43,0,0
55,-5,96,-1,54,-5,41,42,2,0
45,0,76,7,44,-3,31,32,2,0
37,0,77,0,6,-18,40,72,32,0
43,0,84,0,44,16,41,40,0,0
44,0,77,0,42,-19,34,36,2,0
62,0,109,0,62,5,48,47,0,0
56,0,79,0,8,4,24,72,48,1
37,-5,81,2,36,0,44,44,0,0
55,0,82,4,-18,-19,26,100,74,1
45,4,79,0,44,-3,33,35,2,0
66,-5,109,0,68,11,43,42,0,0
49,0,106,0,46,-3,58,60,2,0
50,-5,81,0,50,0,30,32,2,0
84,0,87,0,0,3,3,87,84,1
58,-1,86,0,56,0,28,30,2,0
55,0,95,0,46,-24,40,49,8,1
78,0,81,-2,-40,0,4,123,120,1
85,0,88,-1,2,0,3,85,82,1
37,0,90,0,26,7,52,64,12,0
55,0,98,0,44,-10,42,54,12,1
41,5,81,0,42,13,39,39,0,0
46,0,77,0,44,-22,31,33,2,0
49,0,88,1,50,29,40,39,0,0
37,0,108,-12,28,0,71,80,8,0
37,0,77,-2,38,22,39,38,0,0
38,3,76,0,38,1,38,37,0,0
51,0,84,0,52,31,34,33,0,0
55,0,79,0,24,-28,23,55,32,1
46,1,80,0,46,16,34,34,0,0
44,0,76,-1,44,5,32,32,0,0
49,-1,87,0,50,3,38,38,0,0
56,0,95,0,46,20,40,49,10,1
39,-4,78,0,38,0,39,39,0,0
41,0,81,7,38,-9,40,42,2,0
56,0,78,8,0,0,22,78,56,1
45,0,83,-1,46,21,37,36,0,0
49,0,110,-1,46,-5,61,64,2,0
40,0,84,5,38,0,44,45,2,0
55,0,98,0,50,28,42,49,6,1
48,-2,95,0,46,0,47,49,2,0
41,0,83,0,42,17,42,41,0,0
55,0,81,-2,-14,-27,26,97,70,1
43,0,76,0,42,-16,33,35,2,0
37,0,76,0,18,-15,40,58,18,0
46,0,93,0,46,0,48,47,0,0
43,0,76,-1,42,-15,33,35,2,0
39,-3,97,0,38,0,58,59,0,0
51,4,86,0,52,9,35,35,0,0
44,2,79,0,42,-14,35,37,2,0
43,0,83,0,42,-13,40,42,2,0
41,-1,83,0,38,-23,41,44,2,0
45,-3,79,0,46,15,33,32,0,0
56,1,79,-1,-4,0,24,85,62,1
37,0,82,0,34,-16,45,48,4,0
37,0,79,0,8,-18,42,71,28,0
37,5,80,5,-2,0,43,83,40,0
37,3,75,7,34,0,37,41,4,0
37,0,77,0,10,16,40,66,26,0
55,-3,98,0,46,4,42,51,8,1
37,0,77,0,6,-4,40,72,32,0
56,4,74,0,-2,17,18,77,58,1
41,0,79,-1,38,-10,38,40,2,0
37,0,95,-2,16,10,58,80,22,0
42,4,84,0,42,0,41,43,2,0
85,0,88,0,0,-15,3,88,86,1
44,1,86,0,44,12,42,42,0,0
54,0,81,-2,54,12,27,26,0,0
56,0,81,0,-18,2,25,99,74,1
37,0,76,-3,20,-4,39,55,16,0
45,0,85,-4,44,0,40,41,2,0
45,0,84,0,44,-2,39,41,2,0
49,-5,83,0,50,5,34,34,0,0
41,1,83,0,38,-6,42,44,2,0
37,0,83,0,12,-13,46,70,24,0
55,-2,95,0,44,14,40,51,12,1
42,4,108,-2,42,-2,66,66,0,0
48,0,85,0,50,25,37,36,0,0
43,-5,79,-1,42,0,36,37,2,0
49,0,81,0,50,12,32,32,0,0
42,-3,76,0,42,0,34,34,0,0
37,0,92,1,6,-19,54,86,32,0
45,0,79,-1,46,7,33,32,0,0
41,0,88,0,42,2,47,47,0,0
43,0,80,-1,44,10,37,36,0,0
57,11,73,11,0,3,16,73,56,1
54,-3,76,-21,-2,11,22,79,56,1
49,0,83,0,50,30,34,34,0,0
37,0,94,0,12,-10,57,81,24,0
55,0,95,0,54,22,40,41,2,0
51,0,79,0,50,-17,27,30,2,0
46,0,79,3,46,5,34,33,0,0
43,0,96,0,42,-4,53,55,2,0
56,0,78,5,24,-5,22,55,32,1
39,0,79,-3,38,0,40,40,0,0
37,0,96,-3,12,0,59,83,24,0
44,0,88,-3,44,0,44,44,0,0
53,0,88,0,52,-2,35,37,2,0
55,3,77,0,54,0,22,23,2,0
63,0,111,5,62,0,48,49,0,0
56,0,81,0,-20,25,25,102,76,1
41,0,79,5,42,10,38,38,0,0
78,0,82,-4,-40,0,4,123,120,1
37,0,80,0,0,13,43,80,36,0
82,0,86,1,-6,2,4,94,90,1
37,0,97,-4,26,-2,60,71,12,0
41,0,83,-3,38,-14,42,44,2,0
55,0,77,0,8,-1,22,70,48,1
48,0,81,5,46,0,33,34,2,0
41,0,82,0,42,29,41,41,0,0
41,0,85,0,42,0,44,44,0,0
37,0,81,0,20,-27,44,60,16,0
51,4,78,0,50,0,27,29,2,0
53,0,88,0,54,0,34,33,0,0
55,0,78,0,16,-6,23,63,40,1
40,0,88,0,38,0,47,49,2,0
37,0,80,0,30,15,43,49,6,0
46,0,75,-1,46,-1,29,28,0,0
43,-1,79,1,44,25,35,35,0,0
57,0,81,-1,56,-2,24,24,0,0
37,0,92,0,20,2,55,71,16,0
39,5,75,0,38,0,36,36,0,0
47,0,78,8,46,0,31,32,0,0
41,0,80,0,38,-4,39,41,2,0
42,23,77,0,28,0,34,48,14,1
48,2,84,0,46,0,37,38,2,0
45,0,81,-6,44,0,37,37,0,0
51,0,77,0,50,-22,26,28,2,0
50,-1,83,0,50,0,33,34,2,0
43,0,78,-2,42,0,35,37,2,0
37,0,76,0,26,-12,39,50,10,0
37,0,80,1,12,-26,43,67,24,0
37,0,77,0,8,7,40,69,30,0
44,0,81,-1,44,10,38,37,0,0
37,0,76,-2,24,-5,39,52,14,0
47,-109,86,0,46,0,39,39,0,0
55,0,77,-6,0,0,21,77,56,1
56,5,83,0,54,-8,27,29,2,0
37,0,77,-1,34,-13,40,44,4,0
41,-1,106,0,38,-6,65,67,2,0
42,-1,87,-4,42,-6,45,46,0,0
37,0,104,-7,28,0,67,75,8,0
51,5,83,-1,50,0,32,33,2,0
37,0,96,4,24,-8,59,73,14,0
43,-2,79,0,42,-11,36,38,2,0
56,0,95,0,56,1,39,39,0,0
44,0,78,0,42,-15,34,37,2,0
55,0,77,0,42,17,22,36,14,1
52,2,80,0,52,0,27,28,0,0
37,0,83,-7,18,0,47,65,18,0
37,0,96,0,38,20,59,57,0,0
45,0,82,0,44,-10,37,38,2,0
56,0,76,0,-4,177,20,81,62,1
55,0,98,8,50,0,42,49,6,1
43,0,86,7,42,-6,43,45,2,0
48,-2,87,0,46,0,39,41,2,0
41,0,85,1,38,-19,44,46,2,0
41,0,88,0,42,0,47,46,0,0
44,-4,88,0,44,0,44,44,0,0
53,0,77,-5,54,12,25,23,0,0
48,0,84,-1,46,0,37,38,2,0
37,0,82,-1,36,16,45,46,2,0
41,0,85,0,38,6,44,46,2,0
37,0,97,0,36,3,59,60,2,0
39,2,102,0,38,0,63,63,0,0
56,4,89,0,54,-10,33,35,2,0
58,3,81,-4,56,0,24,24,0,0
39,-1,76,-1,38,-2,36,37,0,0
48,-1,95,0,46,-5,47,49,2,0
41,0,83,2,38,-20,42,44,2,0
43,3,76,7,42,0,32,34,2,0
53,3,81,0,54,17,28,27,0,0
37,0,108,-3,34,0,71,75,4,0
51,0,82,0,52,6,31,30,0,0
45,1,82,8,44,0,37,38,2,0
37,0,79,0,30,8,43,48,6,0
43,5,81,0,42,0,38,40,2,0
51,2,82,0,52,7,31,30,0,0
38,-3,82,3,38,0,44,43,0,0
46,4,79,0,46,13,33,32,0,0
41,0,82,0,42,17,41,41,0,0
55,-3,99,0,38,0,43,60,16,1
57,-4,92,0,56,0,35,35,0,0
37,0,97,4,10,0,59,86,28,0
41,-2,89,0,38,-17,48,50,2,0
39,0,76,-2,38,0,37,37,0,0
59,3,108,0,56,-23,49,51,2,0
49,2,78,0,50,18,29,29,0,0
41,1,82,0,42,5,41,41,0,0
37,0,108,-5,26,0,71,82,12,0
37,0,93,4,26,3,55,67,12,0
45,0,84,-1,44,0,39,40,0,0
55,4,81,5,54,0,25,26,2,0
42,0,88,6,42,0,46,46,0,0
46,-1,77,0,46,0,31,30,0,0
42,4,79,0,42,0,37,38,0,0
49,-1,84,0,50,11,36,35,0,0
54,10,95,-2,50,0,41,46,6,1
55,0,77,0,28,3,21,48,28,1
37,4,79,0,28,1,41,50,8,0
50,-4,102,0,50,0,51,53,2,0
55,1,93,0,54,0,38,39,2,0
43,0,81,-1,42,0,38,39,2,0
55,0,79,2,24,13,24,56,32,1
41,1,86,1,38,-19,45,48,2,0
37,0,78,0,-2,7,41,81,40,0
37,0,82,0,12,3,45,69,24,0
43,0,83,3,42,0,40,41,2,0
45,-2,80,0,46,14,35,34,0,0
40,3,102,0,38,0,61,63,2,0
55,0,77,0,0,-22,22,77,56,1
56,0,79,6,0,3,24,79,56,1
45,0,81,0,44,-1,36,37,2,0
82,0,86,0,-4,-14,3,91,88,1
45,1,81,0,44,-4,36,37,2,0
48,-5,110,0,46,-7,62,64,2,0
41,-3,89,0,42,11,48,48,0,0
37,0,106,-6,34,4,68,72,4,0
37,0,81,7,8,0,44,73,28,0
45,0,76,-2,44,0,31,32,2,0
39,-5,91,0,2,-14,52,88,36,0
41,-5,75,0,42,0,34,34,0,0
56,4,97,-1,46,0,41,51,10,1
37,-4,82,0,36,0,45,46,0,0
80,0,84,0,-36,-2,4,120,116,1
47,5,79,0,46,0,32,33,0,0
38,0,82,0,38,5,44,43,0,0
39,0,80,-6,38,0,41,41,0,0
45,-1,77,0,44,-15,31,33,2,0
39,-1,97,0,38,0,59,59,0,0
44,1,76,0,44,20,32,32,0,0
82,0,86,0,-22,6,4,109,106,1
49,0,86,0,50,12,37,37,0,0
48,-42,78,-7,0,0,30,78,48,1
39,0,76,2,38,0,38,37,0,0
37,2,76,0,36,14,39,40,2,0
55,0,77,0,12,4,21,64,42,1
55,0,96,0,44,24,41,52,12,1
43,0,96,0,42,2,53,55,2,0
46,-3,90,0,46,0,44,44,0,0
48,0,88,0,46,-4,40,42,2,0
37,0,80,6,2,0,43,77,34,0
56,5,95,0,44,-5,39,51,12,1
37,0,97,0,24,-23,60,74,14,0
56,-1,96,0,54,28,40,42,2,0
45,0,86,0,44,-1,41,42,2,0
46,0,75,-1,46,0,29,28,0,0
56,0,76,0,-4,1329,20,81,62,1
37,0,75,-2,20,-4,38,54,16,0
56,0,96,6,44,11,40,52,12,1
37,0,75,-7,30,1,38,44,6,0
102,3,103,2,70,-22,1,33,32,1
55,0,97,-2,46,-4,41,50,8,1
55,0,96,2,38,0,41,57,16,1
44,1,81,0,44,20,38,37,0,0
41,0,80,0,42,0,39,39,0,0
51,0,79,0,52,6,27,27,0,0
46,0,89,4,46,0,43,42,0,0
47,-1,88,0,46,0,40,41,0,0
55,0,96,3,42,-6,41,55,14,1
46,0,80,-4,46,0,34,34,0,0
43,-1,89,0,42,0,46,48,2,0
56,1,78,0,18,31,22,60,38,1
53,-1,87,0,52,-30,34,35,2,0
50,4,106,-1,50,0,57,57,0,0
46,0,81,5,46,3,35,35,0,0
44,0,81,4,44,5,37,37,0,0
49,0,106,-3,50,19,58,57,0,0
37,0,107,0,36,-6,69,71,2,0
37,0,78,0,36,-19,41,42,2,0
44,0,82,3,44,2,38,38,0,0
37,3,76,0,34,2,38,42,4,0
45,-2,81,0,44,-18,36,37,2,0
55,0,96,0,44,-13,41,52,12,1
46,-1,75,-1,46,-2,29,28,0,0
41,2,86,0,38,0,46,48,2,0
53,0,82,0,54,23,29,28,0,0
51,0,86,0,52,20,35,34,0,0
48,0,89,3,46,-7,41,42,2,0
49,0,83,8,50,3,34,33,0,0
37,0,77,0,38,23,40,39,0,0
41,0,76,0,42,2,35,35,0,0
55,0,96,2,42,-19,41,55,14,1
78,1,83,1,-40,13,4,124,120,1
41,0,83,5,42,6,41,41,0,0
48,1,88,3,46,0,40,41,2,0
55,-3,93,0,46,0,37,46,8,1
37,0,77,-3,8,0,40,69,30,0
45,-5,78,0,44,0,33,34,2,0
37,1,90,0,20,6,53,70,16,0
41,0,84,0,38,-13,44,46,2,0
37,2,77,8,36,0,39,41,2,0
48,-5,88,0,46,0,40,41,2,0
44,1,81,0,44,0,37,37,0,0
56,1,99,0,50,28,42,49,8,1
37,0,97,0,18,0,60,79,18,0
45,0,81,-2,44,-6,36,37,2,0
37,0,94,-1,16,0,57,79,22,0
43,0,79,-4,42,0,37,38,2,0
42,5,88,0,42,0,45,46,2,0
38,1,103,2,34,0,65,69,4,0
37,0,106,0,30,6,69,75,6,0
55,0,87,3,54,0,32,33,0,0
37,0,77,0,36,19,40,41,0,0
37,0,97,0,34,-22,59,63,4,0
37,0,80,0,6,-9,43,75,32,0
83,0,86,8,-2,0,4,89,86,1
45,0,85,-6,44,0,40,41,2,0
37,0,78,0,-6,-4,41,86,44,0
41,0,108,0,42,10,67,67,0,0
37,0,91,0,18,3,53,73,20,0
37,0,94,0,16,0,57,79,22,0
52,-2,88,0,52,-3,36,37,0,0
37,0,78,0,24,9,42,55,14,0
55,-1,78,-4,8,-10,23,70,48,1
56,0,97,0,54,6,40,42,2,0
71,1,75,4,-42,-9,4,119,114,1
51,0,81,2,50,-10,30,32,2,0
49,0,79,1,50,4,30,30,0,0
37,0,76,6,30,9,39,45,6,0
37,0,105,0,18,10,68,87,18,0
55,0,79,0,18,-6,23,61,38,1
56,3,96,2,52,0,40,44,4,1
37,0,77,0,28,12,40,48,8,0
56,0,97,0,52,-5,41,45,4,1
37,0,81,0,28,-4,45,53,8,0
37,0,79,-1,36,-2,42,43,0,0
51,0,78,0,52,19,27,26,0,0
41,0,79,0,42,17,38,37,0,0
55,0,97,0,46,-8,41,50,8,1
55,0,95,-3,44,0,40,51,12,1
51,1,79,0,50,-22,27,30,2,0
37,0,105,1,28,3,68,77,8,0
41,0,83,0,42,0,42,42,0,0
43,1,83,0,42,0,40,42,2,0
56,0,95,0,50,-24,40,46,6,1
45,-1,86,0,44,-24,41,42,2,0
37,0,78,0,16,11,42,63,22,0
37,-25,78,0,10,0,42,68,26,0
37,0,79,0,10,15,42,68,26,0
49,4,85,0,50,3,36,36,0,0
53,0,83,0,52,-23,30,32,2,0
49,0,81,0,46,-8,33,35,2,0
43,0,78,0,44,31,35,34,0,0
49,5,86,0,50,24,38,37,0,0
51,0,82,0,52,22,31,30,0,0
47,0,81,8,46,0,34,35,0,0
37,0,97,0,24,18,60,74,14,0
51,3,87,-1,52,16,36,35,0,0
57,-3,81,0,56,0,25,24,0,0
49,4,83,0,46,-30,34,37,2,0
55,0,78,5,10,1,23,68,46,1
42,-1,77,0,42,0,36,36,0,0
46,-4,80,-1,46,0,34,34,0,0
44,-2,89,0,44,0,45,45,0,0
38,0,92,0,18,20,54,74,20,0
56,0,79,0,0,6,23,79,56,1
53,0,104,0,54,0,50,49,0,0
37,0,77,0,36,976,39,41,2,0
37,0,76,-7,12,0,39,63,24,0
56,0,86,0,54,-11,30,32,2,0
44,0,75,-2,44,0,31,31,0,0
45,0,84,0,44,-1,40,41,2,0
47,-4,88,0,46,0,41,42,0,0
37,0,78,0,-6,-7,42,86,44,0
47,-1,106,-1,46,0,60,60,0,0
49,3,82,0,50,0,33,33,0,0
45,5,81,2,44,0,36,37,2,0
43,-3,86,-2,42,0,43,44,2,0
57,0,86,5,56,0,29,29,0,0
79,0,83,0,-46,-2,4,130,126,1
104,4,106,5,72,7,1,33,32,1
37,0,83,0,-2,-3,47,86,40,0
45,2,76,0,44,0,31,32,2,0
37,0,83,0,8,21,47,75,28,0
51,0,109,0,50,0,59,60,2,0
37,0,79,-2,0,16,42,79,36,0
37,0,77,7,36,3,40,41,0,0
49,-1,87,5,50,0,38,38,0,0
121,962,106,-2,34,-3,-15,72,88,1
37,0,93,0,16,2,55,77,22,0
41,0,77,1,38,-30,36,39,2,0
37,0,106,0,36,-16,68,69,2,0
56,0,81,0,-2,5,25,83,58,1
53,1,81,0,54,571,27,26,0,0
37,0,83,0,34,1,46,49,4,0
51,0,78,0,52,20,27,26,0,0
102,3,102,1,72,14,1,30,30,1
37,0,96,0,28,-14,59,68,8,0
56,0,77,0,-18,-10,21,95,74,1
37,2,76,5,34,0,39,43,4,0
55,-3,97,0,52,0,42,46,4,1
44,0,83,0,42,-30,39,42,2,0
51,-1,89,8,52,0,38,37,0,0
42,0,108,2,42,0,67,67,0,0
58,-4,96,0,56,0,38,39,0,0
55,0,78,0,46,10,23,32,8,1
37,0,77,-1,28,0,40,48,8,0
37,0,99,0,28,-11,61,70,8,0
56,0,79,0,16,0,23,63,40,1
56,0,77,0,46,25,22,31,10,1
37,0,77,1,36,-9,39,41,2,0
44,4,76,0,44,0,32,32,0,0
41,3,83,0,42,4,41,41,0,0
54,2,104,0,54,0,50,49,0,0
56,0,77,0,46,30,22,31,10,1
58,0,86,0,56,-1,27,29,2,0
37,0,76,-3,28,-1,39,47,8,0
56,1,87,0,56,1,31,30,0,0
37,0,80,0,36,23,43,44,2,0
55,0,98,0,50,-10,42,49,6,1
44,1,76,0,42,-22,32,35,2,0
56,0,96,1,34,-8,40,62,22,1
47,0,84,-3,46,0,38,38,0,0
83,3,86,0,-2,0,3,88,86,1
37,0,77,0,30,14,40,46,6,0
57,5,83,0,56,0,26,26,0,0
41,1,80,0,42,31,39,39,0,0
56,0,91,0,2,15,35,88,54,1
56,0,86,0,54,-30,31,32,2,0
55,-1,82,-3,-20,16,26,103,76,1
51,0,81,0,50,-8,30,32,2,0
56,0,95,0,44,15,40,51,12,1
37,0,76,-3,30,-24,39,45,6,0
55,0,77,0,16,16,22,62,40,1
82,0,85,0,-10,-18,3,95,92,1
46,0,86,0,44,-19,41,42,2,0
45,0,86,-2,44,0,41,42,0,0
55,0,97,0,50,-25,41,48,6,1
56,0,95,0,54,-22,40,41,2,0
37,0,100,0,36,-1,63,64,2,0
59,3,84,0,60,0,25,24,0,0
55,0,78,0,10,-2,23,68,46,1
37,0,80,0,36,7,43,44,2,0
49,1,81,0,46,-20,33,35,2,0
47,0,77,-2,46,-3,31,31,0,0
53,-2,83,0,54,15,30,29,0,0
42,0,86,1,42,0,44,45,2,0
103,5,104,1,72,6,1,31,30,1
37,0,79,0,12,-20,43,66,24,0
39,-3,91,0,6,16,52,86,34,0
41,0,75,0,38,-30,34,36,2,0
85,-2,89,0,2,-6,4,86,82,1
41,0,83,3,42,0,42,42,0,0
37,0,77,1,34,-10,40,43,2,0
45,4,86,0,46,25,41,40,0,0
37,0,76,-3,28,-10,39,47,8,0
37,0,92,2,12,31,54,79,24,0
55,0,77,1,-24,-19,21,103,82,1
37,0,77,0,16,9,40,61,22,0
37,0,79,1,26,0,42,53,12,0
55,0,77,0,2,-1,22,75,52,1
37,0,76,0,30,22,39,45,6,0
53,-5,86,0,54,0,33,32,0,0
40,1,79,0,38,0,39,40,2,0
41,0,97,0,42,23,56,55,0,0
37,0,78,0,18,-5,42,60,18,0
43,-1,76,83,42,-8,33,35,2,0
37,1,76,3,34,0,39,43,4,0
53,0,90,0,52,-18,37,39,2,0
49,0,76,-5,46,-8,27,30,2,0
83,0,86,0,-4,-4,4,92,88,1
37,0,81,2,24,0,44,57,14,0
56,0,81,0,-18,-6,25,99,74,1
37,0,80,0,18,-14,43,62,18,0
56,4,95,0,44,0,39,51,12,1
37,0,77,0,6,11,40,72,32,0
45,0,78,0,44,-15,33,34,2,0
55,0,77,0,36,5,22,41,20,1
37,0,78,0,8,-4,41,70,30,0
38,0,107,0,38,0,69,68,0,0
85,0,89,0,6,30,4,84,80,1
37,0,75,-6,28,0,38,46,8,0
55,0,80,0,54,-2,25,26,2,0
37,-2,76,0,36,-24,38,39,2,0
41,1,79,0,38,0,39,41,2,0
53,1,80,0,52,-1,27,28,2,0
56,0,78,0,8,-15,22,70,48,1
56,0,76,0,-12,5,20,89,68,1
37,0,76,0,26,5,40,50,10,0
56,0,95,-1,46,6,40,49,10,1
46,0,76,0,46,15,30,30,0,0
106,1,108,4,70,0,2,38,36,1
55,0,98,0,52,-6,42,46,4,1
41,0,79,-2,38,-26,38,40,2,0
37,0,78,0,6,-17,41,73,32,0
46,-1,78,-2,46,0,32,32,0,0
56,0,81,0,56,13,25,24,0,0
39,3,75,0,38,0,36,36,0,0
55,0,77,0,-10,-1,21,87,66,1
55,0,79,0,24,-2,23,55,32,1
83,0,87,0,-40,5,4,128,124,1
38,0,90,0,8,5,52,82,30,0
41,-3,77,0,42,20,36,35,0,0
58,3,83,0,56,0,26,26,0,0
55,0,79,0,16,6,23,63,40,1
56,-1,96,-1,52,-1,40,44,4,1
45,0,86,-1,44,-8,41,42,2,0
74,-11,79,-9,-40,5,4,120,116,1
37,0,100,-1,28,0,63,71,8,0
51,1,86,0,52,28,35,34,0,0
46,0,102,0,46,10,57,56,0,0
45,5,76,0,44,0,30,32,2,0
45,0,80,0,46,3,35,34,0,0
44,2,76,0,44,11,32,32,0,0
44,1,86,0,44,1,42,42,0,0
53,0,81,0,54,21,28,27,0,0
102,2,103,2,72,13,1,31,30,1
47,-2,90,-1,46,0,43,43,0,0
40,-4,86,0,38,0,45,47,2,0
37,0,106,0,34,-28,69,72,4,0
49,0,88,0,50,28,39,39,0,0
37,0,78,0,0,-2,42,78,36,0
37,0,78,0,-4,27,42,83,42,0
56,0,79,0,8,12,24,72,48,1
49,-1,83,-3,46,-16,34,37,2,0
43,0,87,0,44,22,44,43,0,0
37,2,76,0,36,5,39,39,0,0
51,1,81,0,50,-6,30,32,2,0
44,3,77,0,42,-20,33,35,2,0
49,0,83,0,46,-10,34,36,2,0
45,2,88,0,44,0,43,44,0,0
53,0,79,0,54,9,26,24,0,0
45,0,106,-1,44,0,61,62,2,0
51,0,84,0,52,22,33,32,0,0
56,0,91,0,56,6,35,34,0,0
56,0,96,0,56,9,40,39,0,0
56,0,95,0,56,9,39,39,0,0
37,0,97,0,34,10,60,64,4,0
37,0,76,-1,36,0,38,39,2,0
37,0,104,0,24,-9,66,80,14,0
37,0,93,0,30,1,56,62,6,0
51,0,78,-1,50,-11,27,29,2,0
51,0,102,0,50,-23,51,53,2,0
44,1,81,0,42,-14,37,39,2,0
56,0,77,0,-10,-4,21,87,66,1
42,0,100,8,42,0,58,59,0,0
56,2,79,0,6,0,23,74,50,1
54,-3,88,0,54,0,34,33,0,0
51,-2,79,0,50,-10,28,30,2,0
37,0,95,-4,18,0,57,77,20,0
45,0,77,3,44,0,32,34,2,0
42,5,84,0,42,0,41,43,2,0
58,0,86,-3,56,0,28,29,0,0
37,0,79,0,36,9,43,43,0,0
41,-5,81,0,42,18,41,40,0,0
47,1,86,0,46,0,39,40,0,0
37,0,77,0,30,5,40,46,6,0
41,-1,80,0,38,-13,39,41,2,0
37,0,76,-5,28,0,40,48,8,0
46,3,89,0,44,-23,43,45,2,0
44,0,88,0,42,-25,44,46,2,0
56,1,96,0,42,29,40,55,14,1
56,0,78,1,-2,-23,22,81,58,1
51,0,84,0,50,-5,34,35,2,0
37,-2,76,0,38,31,39,37,0,0
45,1,81,0,44,-4,35,37,2,0
44,0,86,0,42,-15,43,45,2,0
50,-1,84,0,50,0,34,35,0,0
46,1,87,0,46,21,41,41,0,0
56,0,97,0,52,-18,40,45,4,1
37,0,76,-4,18,-3,39,57,18,0
37,-5,77,0,20,0,40,57,16,0
37,0,104,0,24,5,67,81,14,0
37,0,79,0,24,-7,42,55,14,0
56,0,107,0,54,-18,51,53,2,0
51,0,84,0,50,-10,34,35,2,0
37,0,75,-1,28,24,38,46,8,0
37,0,79,0,24,-15,43,56,14,0
45,0,81,7,44,0,36,37,2,0
55,0,94,2,18,-3,39,76,38,1
46,1,85,-7,46,0,39,39,0,0
55,0,97,0,44,-10,41,53,12,1
64,1,113,5,62,0,49,51,2,0
76,1,81,1,-42,-19,5,125,120,1
37,0,80,0,18,13,43,62,18,0
55,0,77,0,24,-12,21,54,32,1
37,0,78,1,16,0,41,63,22,0
53,0,84,0,54,1,32,30,0,0
41,0,79,0,42,14,38,37,0,0
44,0,86,-1,44,-2,42,42,0,0
83,-31,107,0,62,-26,24,45,22,1
66,0,109,0,64,-12,43,45,2,0
55,0,79,-1,-4,0,24,85,60,1
46,0,86,2,46,7,41,40,0,0
53,0,104,3,54,7,51,49,0,0
44,0,90,-3,44,0,45,46,0,0
37,0,76,-5,28,13,39,47,8,0
37,0,92,0,24,17,55,69,14,0
55,-4,78,2,24,0,23,55,32,1
41,0,77,-3,38,-16,37,39,2,0
37,0,81,0,-4,-24,44,86,42,0
37,0,79,5,-2,0,41,81,40,0
37,0,80,1,36,-16,43,44,2,0
37,-16,80,0,34,0,43,46,2,0
42,4,77,0,42,0,34,35,2,0
53,0,79,0,52,-10,26,27,2,0
37,0,79,0,8,24,42,71,28,0
50,4,86,-1,50,0,36,37,2,0
45,0,86,0,44,-14,41,42,2,0
46,1,77,0,46,11,32,31,0,0
37,0,80,3,8,5,43,72,28,0
45,0,86,7,44,-3,41,42,2,0
48,0,83,0,46,-2,34,36,2,0
46,0,86,-2,46,0,40,39,0,0
41,0,81,0,42,7,40,39,0,0
101,0,102,0,70,-20,1,32,32,1
41,4,76,0,42,1,35,35,0,0
55,0,82,-1,-32,-6,26,115,90,1
41,0,81,-7,42,1,40,40,0,0
45,0,86,0,46,17,41,40,0,0
56,0,81,-1,-12,-12,25,94,68,1
37,-2,97,0,34,0,60,64,4,0
56,0,83,0,54,-10,27,28,2,0
48,0,77,-1,46,0,29,31,2,0
67,2,112,0,68,0,45,45,0,0
41,1,84,0,38,-19,43,45,2,0
51,-5,85,0,52,0,34,33,0,0
59,4,86,0,60,24,28,27,0,0
49,0,88,-2,50,5,40,39,0,0
56,0,81,0,-10,-6,25,92,66,1
56,0,78,-1,6,0,22,73,50,1
41,0,76,0,42,14,35,34,0,0
37,0,80,-1,36,-18,43,44,2,0
56,0,95,0,54,5,40,41,2,0
37,0,80,0,20,-25,43,59,16,0
80,0,84,0,-40,26,4,125,122,1
37,0,80,0,36,12,43,44,2,0
43,0,79,-2,42,-4,35,37,2,0
48,0,83,-2,46,-4,35,37,2,0
55,0,79,0,26,19,23,53,30,1
39,1,77,5,38,0,38,38,0,0
37,0,75,0,24,-14,38,52,14,0
48,0,88,-7,46,0,40,41,2,0
46,-3,83,0,46,0,37,37,0,0
49,-1,84,0,46,-20,36,38,2,0
37,0,93,2,18,26,55,75,20,0
37,0,74,0,26,-8,38,48,10,0
56,0,96,0,34,-12,40,62,22,1
56,0,78,0,6,-1,22,73,50,1
37,0,74,0,28,14,38,46,8,0
37,0,103,-3,28,0,66,75,8,0
55,0,77,0,0,0,21,77,56,1
49,0,86,0,50,17,37,37,0,0
47,5,79,3,46,0,31,32,0,0
83,0,86,-2,-4,2,3,92,88,1
81,0,84,0,-18,2,4,103,98,1
37,0,79,0,10,-19,43,69,26,0
51,-3,77,0,52,0,26,26,0,0
37,0,77,0,-22,0,40,101,60,0
39,0,80,1,38,0,41,41,0,0
43,-4,86,3,42,-20,43,45,2,0
46,-1,79,2,46,0,33,32,0,0
37,1,74,0,34,0,37,41,4,0
45,0,90,0,46,17,44,43,0,0
37,0,78,0,-4,-8,42,83,42,0
39,0,77,3,38,0,38,38,0,0
37,0,77,8,34,0,41,44,2,0
56,0,77,0,16,-20,22,62,40,1
37,-4,82,0,38,4,45,43,0,0
42,2,76,2,42,0,34,35,2,0
37,0,80,0,6,-17,43,75,32,0
39,5,78,2,38,0,39,39,0,0
37,0,76,0,26,-28,39,50,10,0
44,0,86,-3,44,4,42,42,0,0
38,0,78,4,38,0,40,39,0,0
56,0,97,0,46,3,41,51,10,1
42,0,85,-1,42,0,43,44,0,0
41,0,79,2,38,-5,39,41,2,0
46,0,86,3,46,1,41,40,0,0
43,-5,77,1,44,13,34,34,0,0
102,0,102,-5,70,-11,1,33,32,1
40,2,93,0,38,0,53,55,2,0
37,0,80,0,36,9,43,44,2,0
68,0,110,-3,68,0,42,43,0,0
53,0,86,0,54,24,33,32,0,0
46,0,86,-6,46,1,41,40,0,0
37,0,78,7,26,-5,42,52,10,0
49,0,84,0,46,-29,35,37,2,0
56,0,86,8,56,0,30,30,0,0
45,0,85,0,44,-6,40,41,2,0
56,0,95,1,44,10,40,51,12,1
49,0,83,0,46,0,34,37,2,0
55,0,83,4,54,0,28,29,2,0
58,2,86,-1,56,0,28,29,0,0
47,-8,83,-3,46,-5,36,37,0,0
37,0,80,0,24,15,43,57,14,0
49,5,83,0,50,17,34,33,0,0
42,0,79,-5,42,0,37,38,0,0
37,-21,75,0,28,15,38,46,8,0
56,2,97,0,52,-3,40,45,4,1
55,0,95,0,46,28,40,49,8,1
37,0,79,6,-2,0,42,82,40,0
57,-5,80,-3,56,0,23,23,0,0
41,2,79,0,38,-13,38,40,2,0
79,-1,83,0,-32,132,4,117,112,1
37,0,98,0,34,22,61,64,4,0
37,-1,82,0,38,15,45,43,0,0
46,0,85,-4,46,1,39,39,0,0
37,-4,106,-8,30,-10,69,75,6,0
40,-4,82,0,38,0,42,43,2,0
38,0,94,0,34,0,56,61,4,0
55,0,84,0,54,0,29,30,0,0
37,0,109,0,36,-4,71,73,2,0
44,0,86,0,42,-23,42,44,2,0
53,-1,86,0,52,-27,33,35,2,0
39,0,79,-6,38,0,40,40,0,0
51,0,90,0,50,-7,39,41,2,0
45,0,83,1,46,17,37,36,0,0
43,0,86,0,44,25,42,42,0,0
55,2,86,0,54,0,30,32,2,0
46,0,77,2,46,8,32,31,0,0
37,0,80,0,34,24,43,46,2,0
55,-2,98,0,46,12,42,51,8,1
41,0,79,0,42,20,39,38,0,0
56,0,78,9,0,1,22,78,56,1
46,0,86,0,46,3,40,39,0,0
48,0,100,0,46,0,53,54,2,0
55,-1,98,0,52,12,42,46,4,1
45,0,81,0,44,-2,36,37,2,0
37,-4,79,0,34,0,42,46,4,0
37,0,77,0,34,26,40,43,4,0
56,0,92,8,50,0,36,43,6,1
37,2,79,3,0,0,42,79,38,0
43,0,76,14,44,26,33,32,0,0
53,-2,82,0,54,0,29,28,0,0
81,0,84,0,-22,-10,4,108,104,1
56,0,92,0,54,21,36,38,2,0
37,0,96,5,26,14,59,70,12,0
41,-1,86,0,42,6,46,45,0,0
49,4,106,0,50,28,58,57,0,0
48,-4,109,0,46,0,62,63,2,0
38,1,79,0,38,14,41,40,0,0
46,1,79,0,46,8,33,32,0,0
46,-1,75,-2,46,-4,29,28,0,0
79,5,83,0,-46,0,4,129,126,1
41,0,79,-1,42,1,38,38,0,0
55,0,92,0,-4,-3,36,97,60,1
44,1,77,6,44,1,33,33,0,0
41,1,79,0,38,-7,38,40,2,0
37,0,76,0,24,23,40,53,14,0
46,1,89,0,46,3,43,42,0,0
56,0,77,0,-10,0,21,87,66,1
56,0,86,1,56,16,31,30,0,0
46,2,102,0,46,4,57,56,0,0
41,2,84,0,42,11,43,43,0,0
56,0,78,3,24,0,22,55,32,1
49,0,107,8,50,0,58,58,0,0
47,0,86,5,46,0,39,40,0,0
55,2,91,1,54,0,36,37,0,0
49,2,86,0,50,23,38,37,0,0
43,0,84,0,42,-18,41,43,2,0
37,0,76,0,30,9,39,45,6,0
37,0,107,0,28,-16,70,78,8,0
37,0,77,1,24,0,40,54,14,0
38,0,77,0,38,6,39,38,0,0
37,0,90,0,24,17,52,66,14,0
49,0,83,0,50,0,33,33,0,0
37,0,81,8,12,0,45,68,24,0
37,0,80,0,12,15,43,67,24,0
56,0,77,0,-20,-3,21,97,76,1
37,0,79,0,24,-16,43,56,14,0
45,-1,87,0,44,-17,42,43,2,0
47,4,77,0,46,0,30,31,0,0
37,0,77,8,24,10,41,54,14,0
52,4,88,-1,52,-2,36,36,0,0
52,-4,87,0,52,0,35,35,0,0
56,0,80,0,-2,-8,24,83,58,1
55,0,82,0,-36,5,26,118,92,1
41,0,81,1,38,-8,40,42,2,0
56,0,91,0,-2,17,35,93,58,1
56,0,77,0,-22,-9,21,100,80,1
37,0,77,5,36,-8,40,41,2,0
50,1,78,-3,50,0,28,29,0,0
55,3,87,-6,54,0,32,33,2,0
41,4,77,0,38,-25,36,39,2,0
37,0,95,0,28,4,58,67,8,0
45,-2,76,0,44,0,31,32,0,0
56,0,96,0,52,3,40,44,4,1
56,0,96,0,36,13,40,60,20,1
37,0,77,0,2,-20,40,74,34,0
55,0,97,0,44,-7,41,53,12,1
56,-2,99,4,38,-4,43,60,18,1
38,1,79,0,38,23,41,40,0,0
56,0,84,0,56,5,28,27,0,0
45,-4,88,0,44,-14,42,44,2,0
45,0,84,0,46,19,38,37,0,0
79,0,84,0,-42,-24,4,128,124,1
54,2,78,0,54,0,24,24,0,0
37,0,93,0,12,26,56,81,24,0
50,3,78,-5,50,0,29,29,0,0
50,3,81,0,50,0,31,32,2,0
37,0,81,4,36,0,44,45,0,0
55,0,77,0,-6,-8,21,85,64,1
49,0,86,0,46,-15,38,40,2,0
37,0,80,5,2,0,43,77,34,0
43,-1,81,0,42,-5,38,40,2,0
82,0,86,0,-10,29,3,96,92,1
48,0,84,-7,46,0,36,37,2,0
46,0,86,1,44,-19,41,42,2,0
54,0,88,-7,54,0,35,34,0,0
45,-2,82,-1,44,-21,37,38,2,0
49,1,84,0,46,-3,36,38,2,0
53,1,86,-3,54,3,32,32,0,0
55,0,82,1,54,1,26,28,2,0
38,-3,76,-1,38,0,37,37,0,0
55,0,78,0,6,4,23,73,50,1
56,0,97,6,50,0,41,48,8,1
77,-4,81,0,-40,91,4,123,118,1
37,0,96,0,30,8,59,65,6,0
37,0,95,-3,16,3,58,79,22,0
40,0,80,-4,38,0,40,41,2,0
55,0,95,0,42,-2,40,54,14,1
37,0,76,1,36,0,39,39,0,0
46,4,107,-2,46,1,61,60,0,0
105,3,106,1,72,5,1,33,32,1
56,0,96,-1,50,-3,40,47,6,1
37,0,77,0,2,-21,40,74,34,0
53,0,87,-4,52,-7,34,35,2,0
55,0,92,0,30,-12,37,61,24,1
49,4,106,0,50,10,56,57,0,0
44,2,86,0,42,-20,42,44,2,0
37,1,79,0,34,6,41,45,4,0
81,4,85,8,-24,0,4,111,106,1
45,-5,76,0,46,12,31,30,0,0
37,0,93,5,26,4,55,67,12,0
46,0,84,2,46,0,38,37,0,0
37,0,77,5,36,-14,39,41,2,0
51,0,84,0,50,-15,33,35,2,0
49,0,106,0,50,1,56,57,0,0
59,0,86,-6,60,19,27,26,0,0
53,0,102,0,52,-27,49,50,2,0
37,0,77,2,-2,0,39,79,40,0
55,0,95,2,36,-19,40,59,20,1
42,-4,77,0,42,0,35,35,0,0
55,0,78,0,6,27,23,73,50,1
46,3,77,0,46,0,31,30,0,0
44,0,77,-1,42,-16,33,35,2,0
47,2,81,-2,46,0,34,34,0,0
37,0,80,0,20,7,43,59,16,0
43,0,81,0,44,30,37,37,0,0
56,0,81,0,-2,9,25,83,58,1
49,2,82,0,46,-15,33,35,2,0
39,-4,106,0,38,0,66,67,0,0
41,1,77,0,38,-26,36,38,2,0
78,1,83,1,-42,-22,4,126,122,1
51,0,91,0,50,-3,40,42,2,0
51,0,88,0,50,-19,37,39,2,0
38,1,77,0,38,5,39,38,0,0
37,0,78,0,10,-8,41,68,26,0
37,0,76,0,24,-30,39,53,14,0
44,0,82,0,42,-26,38,41,2,0
51,0,81,0,50,-30,29,32,2,0
57,2,84,0,56,0,28,28,0,0
44,0,88,6,44,0,44,44,0,0
37,5,77,0,0,0,40,77,36,0
59,1,86,2,60,21,28,27,0,0
107,-2,108,0,70,0,1,38,36,1
85,0,88,-1,6,23,3,83,80,1
37,0,76,0,36,-10,38,39,2,0
37,0,75,-3,34,0,38,41,2,0
55,0,80,0,-6,-30,25,88,64,1
57,-3,92,0,56,0,35,35,0,0
37,3,81,0,36,-3,43,44,2,0
53,-1,87,0,52,-17,34,35,2,0
55,0,93,0,12,-25,38,81,42,1
44,-1,80,-4,44,0,36,36,0,0
37,0,79,2,36,0,42,43,0,0
37,0,77,0,36,-13,40,41,2,0
48,0,81,-6,46,0,33,35,2,0
37,0,76,-3,24,8,39,52,14,0
37,0,82,-1,36,-1,45,46,2,0
44,0,81,0,42,-7,38,40,2,0
55,0,95,0,46,-13,40,49,8,1
41,0,75,0,42,0,34,34,0,0
37,0,94,0,16,5,57,79,22,0
80,0,84,8,-24,8,4,110,106,1
79,0,83,0,-40,-10,4,125,120,1
56,0,95,0,54,-31,39,41,2,0
41,2,83,0,42,10,42,42,0,0
37,0,82,0,-4,-12,45,87,42,0
37,0,78,0,0,-8,41,78,36,0
41,2,97,0,38,-26,55,58,2,0
72,3,76,7,-40,29,4,117,114,1
56,0,96,0,50,-17,40,47,6,1
48,0,95,0,46,-4,47,49,2,0
55,3,90,-7,54,0,36,36,0,0
37,0,76,-6,28,-4,39,47,8,0
57,0,87,5,56,0,30,30,0,0
49,0,86,0,50,50,37,37,0,0
56,0,95,0,52,12,40,44,4,1
45,0,82,0,46,21,37,35,0,0
44,1,79,0,44,23,35,35,0,0
46,-3,75,0,46,0,29,28,0,0
37,0,78,0,-2,3,41,81,40,0
56,-2,97,0,54,6,41,42,2,0
49,0,88,3,50,16,39,39,0,0
41,0,77,1,42,0,36,35,0,0
55,-4,91,0,56,19,35,34,0,0
38,3,76,0,38,7,38,37,0,0
41,0,79,0,38,-25,38,41,2,0
51,0,82,1,50,-16,31,33,2,0
56,0,97,0,56,4,40,40,0,0
52,1,102,0,52,0,50,51,0,0
48,0,82,0,50,27,34,33,0,0
56,1,82,-7,56,0,26,25,0,0
42,-3,77,0,42,0,35,36,0,0
37,0,77,0,28,24,40,48,8,0
55,0,96,5,38,0,41,57,16,1
43,0,87,1,44,29,44,43,0,0
37,0,90,-1,36,0,52,53,2,0
37,0,97,-3,18,-4,60,79,18,0
55,0,77,0,12,-20,22,65,42,1
53,0,86,0,54,8,32,32,0,0
37,0,93,0,12,10,56,81,24,0
55,0,80,1,20,-1,25,59,34,1
50,2,96,2,50,0,46,47,0,0
55,0,93,0,18,-30,38,75,38,1
55,0,77,0,28,0,22,49,26,1
54,0,103,2,54,0,49,49,0,0
45,0,86,2,46,31,41,40,0,0
84,0,87,0,0,2,3,87,84,1
37,0,106,0,36,4,68,69,2,0
51,0,83,0,50,-11,32,33,2,0
49,1,83,0,46,-5,34,37,2,0
37,0,76,-1,30,8,39,45,6,0
41,0,81,0,42,0,40,40,0,0
55,4,79,0,54,0,24,24,0,0
52,3,86,0,52,0,34,35,0,0
41,-5,78,0,42,8,37,37,0,0
37,0,80,-1,28,19,43,52,8,0
103,6,104,3,72,5,1,32,30,1
44,-2,108,0,42,-27,64,66,2,0
37,0,76,0,38,9,38,37,0,0
52,0,86,-7,52,0,35,35,0,0
37,0,77,0,8,-26,40,69,30,0
56,0,81,-2,-12,-3,25,94,68,1
55,-2,85,0,54,-5,30,31,2,0
37,0,104,0,26,-9,66,78,12,0
56,3,88,0,54,-7,32,33,2,0
51,2,87,0,50,0,36,38,2,0
46,-5,85,0,46,0,39,39,0,0
56,0,86,0,56,23,30,29,0,0
45,0,77,0,46,15,31,30,0,0
38,3,76,0,38,14,38,37,0,0
55,-4,89,0,54,0,34,35,0,0
53,0,81,1,52,-2,28,30,2,0
47,-2,84,0,46,0,36,37,0,0
46,1,81,0,46,8,35,35,0,0
43,0,86,-6,42,-6,43,45,2,0
45,0,93,4,44,0,49,50,0,0
37,0,78,0,20,-7,41,57,16,0
37,0,79,2,34,9,42,46,4,0
56,0,96,0,50,-2,40,47,6,1
37,0,79,0,28,17,42,50,8,0
53,1,81,-7,52,-21,28,30,2,0
37,0,76,-3,34,25,39,42,2,0
39,-1,86,0,38,0,46,47,0,0
56,3,81,0,54,-10,25,27,2,0
56,-1,78,-3,8,-9,22,70,48,1
56,-1,86,0,56,8,31,30,0,0
37,0,94,0,8,0,57,86,30,0
48,0,108,1,46,0,59,61,2,0
45,0,82,-96,44,0,37,38,0,0
37,0,75,0,28,-28,38,46,8,0
46,4,79,0,44,-16,33,35,2,0
56,0,97,2,52,24,41,46,4,1
37,0,79,6,26,0,42,53,12,0
55,3,74,1,-4,-1,18,79,60,1
56,1,79,0,16,16,23,63,40,1
37,-1,79,1,16,0,42,63,22,0
45,5,86,0,44,-6,40,42,2,0
37,0,104,0,26,-21,67,78,12,0
52,-2,88,6,52,0,36,37,0,0
55,0,81,-5,-12,0,26,94,68,1
45,-49,77,0,-2,0,32,79,48,1
56,5,80,5,20,-11,24,59,36,1
46,2,85,4,46,6,39,39,0,0
55,0,81,0,54,-3,26,27,2,0
44,0,75,-2,42,-23,31,34,2,0
44,0,82,-7,44,-2,38,38,0,0
53,0,104,2,54,6,51,49,0,0
37,5,79,0,26,0,41,53,12,0
46,-2,107,0,46,0,61,60,0,0
56,0,81,0,-10,-22,25,91,66,1
55,0,77,0,12,6,21,64,42,1
56,0,97,0,52,22,41,45,4,1
47,-14,86,0,46,0,39,39,0,0
79,0,84,0,-36,-1471,4,120,116,1
37,-1,77,0,36,-18,40,41,2,0
49,0,88,0,50,18,39,39,0,0
42,-2,82,0,42,0,40,41,0,0
41,0,76,0,38,-11,35,37,2,0
37,0,97,0,12,24,59,84,24,0
37,0,78,-5,0,0,41,78,36,0
37,0,81,0,8,-25,44,73,28,0
55,0,77,0,8,-4,22,70,48,1
44,-5,77,0,44,5,34,34,0,0
56,0,96,0,44,-4,40,52,12,1
41,0,86,-1,38,-2,45,47,2,0
45,0,85,0,44,2,41,41,0,0
37,0,95,0,8,-25,58,87,30,0
37,0,78,0,26,30,41,52,12,0
44,0,80,0,42,-24,36,39,2,0
54,4,86,0,54,0,33,32,0,0
37,0,76,0,20,-5,40,55,16,0
105,5,106,2,72,8,1,33,32,1
55,0,77,0,-22,-4,21,100,78,1
78,-2,83,0,-40,2,4,124,120,1
37,0,79,0,28,2,42,50,8,0
55,-1,96,0,52,-4,41,44,4,1
51,4,83,0,52,7,31,31,0,0
44,2,88,0,44,8,45,44,0,0
45,4,82,0,44,0,37,38,2,0
86,4,89,0,8,0,3,81,78,1
37,0,79,0,24,5,42,55,14,0
41,0,76,0,38,-15,34,37,2,0
52,-2,80,0,52,0,28,28,0,0
90,-37,107,0,64,-23,17,42,26,1
106,-4,108,0,72,11,1,35,34,1
43,0,81,2,42,0,38,40,2,0
55,-1,71,-4,0,0,16,71,56,1
45,1,83,0,44,0,37,39,2,0
42,0,81,0,42,66,39,40,0,0
55,0,95,0,42,6,40,54,14,1
105,-5,106,0,70,0,1,36,36,1
37,0,104,5,24,-11,67,81,14,0
55,0,79,0,12,4,23,66,42,1
49,2,81,0,50,30,33,32,0,0
45,-4,87,0,46,13,42,41,0,0
56,1,82,0,54,-6,26,28,2,0
53,0,83,0,54,24,30,29,0,0
43,-3,81,0,44,19,38,37,0,0
42,-1,86,1,42,0,44,45,2,0
46,3,83,0,46,0,36,36,0,0
37,0,79,-1,36,-2,42,43,2,0
44,1,79,0,44,3,36,35,0,0
53,0,82,3,52,-20,29,30,2,0
37,0,80,0,18,-24,43,62,18,0
50,-1,80,0,50,0,30,31,2,0
50,0,86,0,50,0,37,37,0,0
106,6,108,4,72,10,1,35,34,1
81,0,84,0,-14,26,3,100,96,1
37,0,77,0,0,-9,40,77,36,0
84,1,88,0,0,3,3,88,84,1
77,5,81,4,-40,12,4,123,118,1
55,0,79,4,24,-8,23,55,32,1
41,0,87,2,38,-1,46,48,2,0
45,0,81,3,44,0,36,37,0,0
48,-4,89,0,46,0,41,42,2,0
84,-4,88,0,6,0,4,83,78,1
49,0,106,-1,50,14,57,57,0,0
37,0,77,-1,18,31,40,59,18,0
62,-2,108,2,60,0,46,49,2,0
37,0,76,0,36,-7,38,39,2,0
37,0,84,0,28,-5,47,55,8,0
44,0,87,-5,44,5,43,43,0,0
45,5,78,0,44,0,33,34,2,0
37,0,76,-3,28,1,39,47,8,0
45,0,86,-4,44,-15,41,42,2,0
76,0,80,-1,-42,-11,4,124,120,1
56,0,97,0,52,-28,41,46,4,1
37,0,79,0,12,2,43,66,24,0
56,0,95,0,50,-16,39,46,6,1
53,0,77,0,54,2,24,23,0,0
59,-1,84,0,60,13,25,24,0,0
45,0,84,0,44,-14,38,40,2,0
55,-4,91,0,-4,0,35,96,60,1
37,5,80,0,20,1,43,59,16,0
56,0,77,0,18,13,22,59,38,1
37,0,76,0,36,3,38,39,2,0
55,0,92,-4,46,0,37,46,8,1
37,-1,76,0,36,-6,39,39,0,0
58,0,84,0,56,0,26,27,2,0
76,1,80,0,-40,0,4,121,118,1
47,-4,77,0,46,0,29,30,0,0
53,5,80,0,54,23,27,26,0,0
55,0,79,-7,-4,0,24,85,60,1
42,5,83,0,42,0,41,42,0,0
41,-3,82,0,38,-11,41,43,2,0
82,0,86,0,-22,7,4,109,106,1
84,0,87,-2,0,0,3,87,84,1
48,-1,83,0,46,-3,35,37,2,0
55,5,81,0,54,0,26,26,0,0
48,2,77,1,46,0,30,31,2,0
44,-5,87,1,44,0,43,43,0,0
37,0,80,0,30,-12,43,49,6,0
37,0,81,0,20,-8,44,60,16,0
38,0,77,8,38,8,39,38,0,0
51,-4,90,0,50,-17,39,41,2,0
45,0,85,0,44,-21,40,41,2,0
55,0,77,0,-2,-17,21,79,58,1
40,2,93,-1,38,0,53,55,2,0
38,0,77,0,38,12,39,38,0,0
45,-2,79,0,44,0,34,35,0,0
37,0,76,0,30,3,39,45,6,0
56,-2,89,0,56,0,33,32,0,0
37,0,77,0,26,12,40,51,10,0
56,-1,97,0,38,0,41,58,18,1
51,2,107,0,50,0,56,58,2,0
55,0,77,-3,-4,31,21,82,60,1
45,-3,76,0,46,9,31,30,0,0
37,0,77,-1,0,0,41,77,36,0
55,0,96,0,50,16,41,47,6,1
85,2,88,0,0,-30,3,88,86,1
55,0,92,0,10,14,37,82,46,1
37,0,93,-4,12,0,55,80,24,0
49,0,79,1,50,3,30,30,0,0
47,3,85,4,46,0,38,39,0,0
37,0,76,0,26,-18,39,50,12,0
46,0,85,-1,46,0,39,39,0,0
56,2,96,3,46,0,40,50,10,1
56,-2,86,0,54,-30,31,32,2,0
37,0,80,0,38,25,43,41,0,0
50,23,77,0,-22,0,27,101,74,1
56,0,85,0,56,10,29,28,0,0
37,4,80,0,36,0,43,44,2,0
37,0,81,0,28,5,44,52,8,0
36,-3,83,5,36,0,46,46,0,0
53,1,86,0,54,11,33,32,0,0
39,1,81,6,38,0,42,42,0,0
55,0,96,0,44,19,41,52,12,1
57,1,81,-6,56,0,24,24,0,0
41,0,79,0,38,-7,38,40,2,0
44,0,77,0,42,-18,33,35,2,0
51,0,81,0,52,11,29,29,0,0
37,0,76,-2,28,-4,40,48,8,0
56,-2,97,0,44,1,41,53,12,1
37,2,100,3,28,0,62,71,8,0
47,0,84,-7,46,0,38,38,0,0
37,0,77,0,-22,12,40,101,60,0
46,5,87,0,46,14,41,41,0,0
45,0,82,2,44,0,37,38,2,0
53,-1,86,-3,54,-4,32,32,0,0
61,-2,111,0,60,-24,50,52,2,0
44,0,81,0,42,-17,38,40,2,0
38,2,76,0,38,15,38,37,0,0
49,5,81,0,50,16,33,32,0,0
49,0,100,-7,46,-25,51,54,2,0
55,1,96,6,50,0,41,47,6,1
53,-1,81,0,54,3,28,27,0,0
41,0,88,0,42,19,48,47,0,0
56,0,86,0,56,28,30,29,0,0
41,0,87,-2,38,-1,46,48,2,0
56,-2,80,0,56,5,24,23,0,0
79,0,83,0,-38,7,4,122,118,1
37,0,97,0,24,-7,60,73,14,0
56,0,77,5,24,0,22,54,32,1
37,0,76,-1,34,0,39,42,4,0
53,-1,87,-4,54,2,34,33,0,0
42,4,86,0,42,0,44,44,0,0
44,0,76,-6,44,0,31,32,0,0
47,-1,77,-6,46,-9,31,31,0,0
41,0,76,-3,42,4,34,34,0,0
45,-5,100,0,44,0,55,56,0,0
39,0,77,6,38,0,38,39,0,0
44,0,86,0,42,-22,43,45,2,0
51,-1,83,0,50,-4,32,34,2,0
46,1,88,-7,44,-28,43,44,2,0
56,3,96,-2,52,0,40,44,4,1
37,0,98,0,30,0,61,67,6,0
86,4,89,0,2,-8,3,86,84,1
37,-1,80,0,24,0,43,57,14,0
37,0,106,-2,28,0,69,78,8,0
48,2,77,0,46,0,28,30,2,0
44,-2,77,0,42,-14,33,35,2,0
55,0,78,1,16,-20,23,63,40,1
44,4,90,0,44,0,45,46,0,0
41,1,78,0,38,-11,37,39,2,0
55,0,83,0,54,0,28,28,0,0
81,0,86,3,-40,3,5,127,122,1
37,-3,80,0,36,-15,43,44,2,0
50,2,87,-4,50,0,37,38,2,0
51,0,86,0,52,25,35,35,0,0
56,1,87,0,56,20,31,30,0,0
44,-3,85,0,42,-30,41,44,2,0
37,0,79,-1,34,0,43,46,2,0
37,0,91,6,8,1,53,83,30,0
41,0,78,0,38,-31,37,39,2,0
51,0,86,0,50,0,35,37,2,0
56,1,98,7,52,0,42,46,4,1
56,9,75,11,-4,0,19,80,62,1
37,5,83,3,34,0,45,49,4,0
55,-3,89,0,54,0,34,35,0,0
37,2,80,0,20,22,43,59,16,0
55,0,98,0,52,27,42,46,4,1
62,2,109,0,62,1,47,47,0,0
37,0,77,0,-14,-5,40,92,52,0
51,0,86,0,52,29,36,35,0,0
41,0,81,5,38,-14,40,42,2,0
52,0,87,5,52,0,35,35,0,0
56,2,97,0,56,20,40,40,0,0
79,0,83,-1,-42,-29,4,126,122,1
49,-3,78,0,50,0,29,29,0,0
56,0,78,-1,26,1,22,52,30,1
37,1,76,-1,30,-3,40,45,6,0
37,0,77,0,34,-7,40,43,2,0
49,-1,83,0,46,-11,34,36,2,0
85,0,88,0,6,4,3,83,80,1
55,0,79,0,12,-10,23,66,42,1
46,1,80,0,44,-12,34,36,2,0
53,3,85,0,52,-4,32,33,2,0
46,-4,77,0,46,6,32,31,0,0
37,0,106,-4,34,1,68,72,4,0
37,0,77,0,26,4,41,52,10,0
46,1,77,-1,46,0,31,30,0,0
37,0,76,0,34,22,39,43,4,0
55,0,92,0,28,0,36,63,28,1
37,0,81,0,26,4,44,55,10,0
37,0,77,5,36,-2,39,41,2,0
41,0,77,0,42,10,36,36,0,0
37,0,77,0,8,5,40,69,28,0
43,-1,82,0,44,26,39,38,0,0
43,0,83,-7,44,21,39,39,0,0
37,0,75,0,34,12,38,41,4,0
87,1,89,0,8,0,2,81,80,1
79,1,83,0,-40,9,4,125,120,1
