55,0,93,0,10,-18,37,82,46,1
55,0,82,0,-36,3,26,118,92,1
56,0,79,1,0,6,23,79,56,1
56,0,95,0,46,9,40,49,10,1
51,0,77,0,50,-21,26,28,2,0
83,2,86,6,-6,0,4,94,90,1
46,3,76,0,46,7,30,30,0,0
56,-2,96,0,56,3,40,39,0,0
51,-2,79,0,50,-9,28,30,2,0
40,-4,109,0,38,-1,68,70,2,0
45,-2,86,0,44,-1,41,42,2,0
42,0,86,-1,42,-2,44,45,2,0
37,0,79,0,34,-10,42,46,4,0
55,0,79,0,18,-7,23,61,38,1
42,-5,99,0,42,0,57,58,0,0
45,-2,87,0,44,-14,42,43,2,0
50,1,85,-5,50,0,35,36,0,0
49,-3,83,-7,50,0,33,33,0,0
55,0,96,0,52,-5,41,44,4,1
44,-4,78,0,44,0,34,34,0,0
38,0,92,0,20,2,54,71,18,0
55,0,82,0,-40,20,26,123,96,1
37,0,83,0,30,17,46,52,6,0
37,0,79,0,6,-21,43,74,32,0
37,0,80,0,36,1,43,44,0,0
55,0,95,0,38,4,40,57,16,1
65,4,113,0,64,1,48,48,0,0
45,1,86,0,44,-3,40,42,2,0
38,1,81,0,38,8,43,42,0,0
46,2,86,0,46,20,40,39,0,0
37,0,82,0,34,-8,45,48,4,0
55,-1,98,2,52,-13,42,46,4,1
37,0,83,0,28,-29,46,54,8,0
45,1,83,0,44,-1,38,39,2,0
51,-2,84,0,50,-17,33,35,2,0
37,0,78,0,2,-19,41,75,34,0
47,5,88,1,46,0,42,42,0,0
55,0,77,0,44,17,22,34,12,1
48,3,80,0,46,0,32,34,2,0
56,0,78,0,12,15,22,65,42,1
41,0,86,3,42,1,45,45,0,0
54,-5,77,-22,-4,-30,23,82,60,1
46,2,80,0,44,-29,34,36,2,0
56,0,97,4,46,0,41,51,10,1
45,0,76,0,46,29,31,30,0,0
55,-2,98,0,46,7,42,51,8,1
46,0,77,0,44,-20,31,33,2,0
43,-1,80,-4,42,-16,37,39,2,0
45,-2,76,0,46,6,31,30,0,0
44,0,81,0,42,-21,37,39,2,0
37,0,95,0,8,-3,58,87,30,0
101,3,102,0,70,-18,1,32,32,1
43,0,90,0,44,29,47,46,0,0
37,0,103,0,26,1,66,77,12,0
56,0,97,0,52,6,41,45,4,1
62,0,110,3,62,0,48,48,0,0
43,5,85,-2,42,-3,42,44,2,0
48,0,90,0,46,-6,41,43,2,0
55,0,97,4,42,0,41,55,14,1
38,0,83,0,36,-22,45,47,2,0
37,4,77,0,0,0,40,77,36,0
56,0,95,0,38,-7,40,57,18,1
37,0,77,0,-6,-14,41,85,44,0
41,-1,100,0,42,6,59,59,0,0
56,0,77,0,-24,0,21,103,82,1
37,0,80,0,16,13,43,65,22,0
37,0,96,-1,36,0,59,60,2,0
55,0,92,0,24,-13,37,69,32,1
37,0,81,0,12,-30,44,68,24,0
59,1,86,1,60,17,28,27,0,0
45,0,83,-6,44,0,38,39,2,0
37,0,78,0,24,27,42,55,14,0
78,-4,82,0,-46,0,4,128,124,1
37,0,83,0,6,-12,47,78,32,0
49,0,95,1,50,3,47,46,0,0
46,1,83,0,46,11,37,37,0,0
46,0,84,0,44,-27,38,40,2,0
39,-6,76,-1,-2,0,37,79,42,0
56,0,76,0,-4,276,20,81,62,1
51,-4,80,0,50,-16,29,31,2,0
37,0,83,0,0,-13,46,83,36,0
56,0,96,-4,50,0,40,47,6,1
48,1,90,0,46,0,41,43,2,0
56,0,79,0,56,13,23,22,0,0
48,0,88,-1,46,-3,40,42,2,0
37,0,75,1,24,0,38,52,14,0
44,0,76,0,42,-23,32,34,2,0
58,-1,81,0,56,0,24,24,0,0
55,-1,77,0,34,-4,22,44,22,1
37,0,80,5,18,0,43,62,18,0
44,4,85,0,44,5,41,41,0,0
37,0,81,0,24,0,44,57,14,0
53,0,104,0,54,2,51,49,0,0
47,0,94,3,46,0,47,48,0,0
55,0,87,2,54,0,32,33,2,0
45,1,80,0,44,0,35,36,2,0
37,0,76,0,34,20,39,42,4,0
37,-1,74,-3,28,-6,37,46,8,0
47,-2,88,8,46,0,40,41,0,0
46,4,87,0,46,3,41,41,0,0
55,0,95,3,50,0,39,46,6,1
37,0,78,0,20,-14,42,57,16,0
55,0,93,2,0,-2,38,93,56,1
37,-1,100,0,36,0,64,64,0,0
56,0,81,0,54,-23,25,27,2,0
52,1,84,0,52,0,32,33,0,0
55,0,77,0,24,-13,21,54,32,1
56,0,76,0,-4,-4,20,81,62,1
38,0,75,0,38,2,37,36,0,0
53,0,88,0,54,15,35,34,0,0
57,3,92,0,56,1,35,35,0,0
56,2,99,0,50,3,43,49,6,1
49,0,86,-3,50,-4,37,37,0,0
41,-5,97,0,42,0,56,56,0,0
56,0,99,-2,50,0,43,50,6,1
37,0,83,-1,-4,-7,46,88,42,0
56,0,81,0,-4,24,25,86,62,1
37,0,79,0,10,-15,43,69,26,0
79,0,83,-1,-42,0,4,126,122,1
55,0,87,8,54,0,32,33,0,0
56,0,77,0,-20,25,21,97,76,1
37,0,76,0,18,3,39,58,18,0
37,0,97,-7,20,0,60,76,16,0
76,-2,81,0,-40,0,4,122,118,1
46,0,90,-7,46,0,43,43,0,0
55,0,79,0,12,-20,23,66,42,1
55,-2,80,0,-2,1,25,83,58,1
37,-2,81,0,36,0,44,44,0,0
37,-10,80,0,34,0,43,46,2,0
55,0,97,-7,46,0,42,51,8,1
38,1,79,0,38,18,41,40,0,0
105,-1,106,-5,70,-6,1,36,36,1
53,-1,78,0,52,-12,25,26,2,0
55,1,77,-2,44,0,22,34,12,1
57,2,86,-7,56,0,30,30,0,0
49,0,79,0,50,14,31,30,0,0
37,2,80,0,8,14,43,72,30,0
56,1,92,0,52,-6,36,40,4,1
37,0,74,0,24,5,37,51,14,0
42,-3,83,0,42,0,42,42,0,0
55,0,79,0,10,-16,23,68,46,1
42,0,78,-7,42,0,36,37,2,0
55,0,77,0,16,-21,22,62,40,1
58,0,83,6,56,0,25,26,0,0
43,0,86,-5,42,-18,42,44,2,0
105,-4,106,-6,72,3,1,33,32,1
46,1,78,0,46,7,32,32,0,0
46,0,108,-4,46,3,62,61,0,0
85,0,88,0,2,-14,3,86,82,1
43,0,78,-6,44,23,35,34,0,0
49,0,90,0,50,8,42,41,0,0
56,-2,80,0,56,8,24,23,0,0
56,1,81,0,-10,-20,25,91,66,1
38,-1,100,0,38,0,62,62,0,0
43,0,78,-2,42,-4,35,37,2,0
47,1,106,0,46,0,59,60,0,0
51,-1,86,0,50,-25,36,37,2,0
40,0,80,0,42,31,40,39,0,0
37,0,76,8,34,0,40,43,2,0
55,0,93,-1,46,-14,37,46,8,1
44,1,79,-2,44,1,35,35,0,0
55,0,92,-1,46,0,36,45,8,1
37,0,103,0,24,-12,66,80,14,0
41,0,86,0,38,-18,46,48,2,0
55,0,80,3,20,0,25,59,34,1
56,0,97,0,46,-21,41,50,10,1
37,0,83,5,8,-6,47,75,28,0
41,0,81,0,38,-18,40,42,2,0
37,0,95,0,10,24,58,84,26,0
54,-5,88,0,54,0,34,33,0,0
49,0,79,0,50,4,30,30,0,0
53,-5,88,0,54,9,35,33,0,0
44,0,83,4,44,0,38,39,0,0
37,0,78,0,8,2,41,70,30,0
45,-2,81,0,46,26,36,35,0,0
56,0,86,0,56,12,30,29,0,0
44,-2,87,1,44,0,43,43,0,0
79,0,83,0,-42,0,4,127,122,1
45,1,77,4,44,0,32,33,2,0
37,0,83,-7,6,0,46,77,32,0
44,1,76,0,44,2,31,32,0,0
68,2,112,0,68,0,44,45,0,0
38,4,77,0,38,14,39,38,0,0
49,4,80,0,46,-6,31,34,2,0
43,0,77,0,42,-6,34,36,2,0
37,-1,95,-12,20,1,58,75,16,0
45,-1,83,-4,44,-8,37,39,2,0
55,0,95,0,44,4,40,51,12,1
41,318,78,0,38,0,37,39,2,0
47,-2,95,0,46,0,49,49,0,0
49,0,81,0,50,-6,32,32,0,0
51,0,78,-6,50,0,27,29,2,0
37,0,77,0,18,20,40,59,18,0
57,-1,81,-6,56,-8,24,24,0,0
56,1,77,-1,44,0,22,34,12,1
37,0,81,0,28,-23,45,53,8,0
45,4,80,0,44,0,35,36,2,0
38,0,80,4,38,0,42,41,0,0
45,-2,77,0,44,0,32,33,2,0
37,3,104,0,18,6,66,86,20,0
55,-3,98,0,46,5,42,51,8,1
45,4,87,0,44,0,42,43,2,0
55,0,77,0,20,-30,22,57,34,1
45,-4,76,-3,44,0,32,32,0,0
55,0,95,-1,44,23,40,51,12,1
44,0,79,0,42,-20,35,37,2,0
55,-1,77,-3,0,20,22,77,56,1
37,0,77,-1,28,-1,40,48,8,0
37,0,106,0,28,0,68,77,8,0
37,0,108,0,30,-27,71,77,6,0
41,-2,83,0,42,0,42,42,0,0
52,0,81,0,52,-1,29,30,0,0
42,4,78,-2,42,0,36,37,2,0
37,0,77,2,36,1,41,41,0,0
49,-5,82,0,46,-24,33,35,2,0
56,0,95,0,52,6,40,44,4,1
48,-2,86,0,46,-1,38,40,2,0
52,4,82,3,52,0,30,30,0,0
37,0,78,0,20,-6,42,57,16,0
45,-2,83,6,44,0,38,39,2,0
60,0,108,-1,60,0,49,49,0,0
53,1,88,0,52,-2,35,36,2,0
85,0,89,5,2,0,4,86,82,1
48,0,89,-2,46,-4,41,42,2,0
82,0,86,1,-40,2,5,128,124,1
63,1,112,1,62,0,49,50,2,0
46,0,84,0,44,-19,38,40,2,0
50,1,77,0,50,0,27,28,2,0
37,0,99,0,28,-6,61,70,8,0
57,-4,79,0,56,0,22,22,0,0
56,0,96,5,54,1,40,42,2,0
80,0,84,0,-28,-8,4,112,108,1
38,-5,77,0,38,0,39,39,0,0
56,4,98,0,38,-11,42,59,18,1
55,0,81,-2,-12,9,26,94,68,1
41,-3,80,0,38,-14,39,41,2,0
49,1,95,0,46,-9,47,49,2,0
46,0,81,0,46,2,35,34,0,0
48,-4,79,0,46,-2,30,32,2,0
37,0,106,2,30,0,69,75,6,0
45,0,86,6,44,-19,41,42,2,0
49,0,86,0,46,-21,38,40,2,0
38,1,76,0,38,8,38,37,0,0
41,0,84,0,42,1,43,43,0,0
50,0,84,-1,50,-1,34,35,0,0
37,0,79,0,30,13,42,48,6,0
41,0,78,0,42,26,37,37,0,0
44,5,108,0,44,1,63,64,0,0
56,0,76,0,-2,2,20,79,58,1
55,3,79,0,54,0,25,25,0,0
55,0,78,0,2,-1,23,75,52,1
48,-1,77,0,46,-7,28,30,2,0
37,0,78,0,-2,-15,42,81,40,0
44,1,86,8,44,10,43,42,0,0
37,0,76,-7,28,5,39,47,8,0
49,0,77,6,46,-16,28,30,2,0
46,4,81,0,46,21,35,35,0,0
43,3,86,0,42,0,43,45,2,0
55,0,77,0,-28,-30,21,105,84,1
46,1,79,0,44,-30,34,35,2,0
55,0,93,0,42,-21,37,51,14,1
37,0,93,-3,12,0,55,80,24,0
37,0,75,0,30,26,38,44,6,0
78,-3,82,0,-46,0,4,128,124,1
45,0,84,0,44,-19,39,41,2,0
37,0,79,0,24,-23,42,55,14,0
37,0,78,0,-4,5,41,83,42,0
56,0,83,0,54,-29,27,29,2,0
56,0,81,1,-6,0,25,89,64,1
37,0,100,-1,30,-1,64,69,6,0
37,0,77,0,36,-6,39,41,2,0
37,0,82,3,20,1,45,61,16,0
49,0,106,0,50,15,58,57,0,0
58,0,86,-2,56,0,29,30,0,0
64,1,113,0,62,-15,48,51,2,0
55,0,77,0,34,0,22,44,22,1
56,0,76,0,-4,-17,20,81,62,1
48,0,86,-7,46,0,37,39,2,0
49,-1,83,-4,50,-6,34,34,0,0
56,0,95,0,42,-18,40,54,14,1
41,-5,108,0,42,9,67,67,0,0
37,0,84,1,30,0,47,53,6,0
37,0,103,0,20,-16,66,82,16,0
56,-4,99,0,46,-7,43,52,10,1
47,3,86,0,46,0,39,39,0,0
37,0,80,0,8,24,43,72,28,0
56,-1,97,0,42,0,41,55,14,1
82,0,86,0,-42,-23,4,130,126,1
46,1,86,0,44,-27,41,42,2,0
55,0,77,-2,-22,0,22,100,78,1
56,0,77,-1,24,-3,22,54,32,1
37,0,76,0,24,-1,40,53,14,0
84,3,87,0,-2,0,3,90,86,1
39,0,85,5,38,0,46,46,0,0
44,5,82,0,42,-20,38,41,2,0
42,4,81,0,42,0,39,40,0,0
44,0,86,0,44,2,43,42,0,0
46,-5,82,0,46,0,36,35,0,0
37,0,95,0,8,-21,58,87,30,0
54,0,83,4,54,0,29,29,0,0
51,-5,79,0,50,-18,28,30,2,0
56,0,77,0,-18,1,21,95,74,1
55,0,98,0,42,0,42,57,14,1
37,0,77,-1,38,16,39,38,0,0
42,-3,82,0,42,0,40,41,0,0
56,0,81,0,-10,-22,25,92,66,1
55,0,78,0,44,-24,23,34,12,1
37,0,105,0,24,4,68,82,14,0
37,-2,79,6,36,-22,42,43,2,0
37,0,84,0,18,-26,47,66,18,0
56,0,78,0,10,-10,22,68,46,1
44,-2,81,0,44,7,37,37,0,0
41,0,87,1,42,27,46,46,0,0
51,0,79,0,52,22,28,27,0,0
37,0,83,7,-2,0,46,85,40,0
44,3,83,0,44,0,38,39,0,0
43,-1,86,0,42,-10,42,44,2,0
55,0,77,-7,30,0,21,46,24,1
37,0,79,0,20,14,42,58,16,0
40,-5,84,0,38,0,45,46,2,0
37,0,106,4,36,0,69,70,2,0
42,0,83,4,42,0,42,42,0,0
51,2,79,6,52,11,27,27,0,0
56,0,76,0,-14,-16,20,92,72,1
37,0,93,0,12,15,56,81,24,0
54,-2,86,-2,54,-3,32,32,0,0
47,0,86,-2,46,-4,40,40,0,0
37,0,79,0,18,-21,43,61,18,0
37,0,76,-1,34,0,40,43,2,0
37,0,84,3,24,-7,47,61,14,0
48,0,83,0,46,-3,35,37,2,0
49,0,77,0,46,-16,29,31,2,0
44,2,86,0,44,16,42,42,0,0
48,1,86,0,46,0,38,40,2,0
53,3,102,6,54,2,49,48,0,0
44,1,77,0,44,6,33,34,0,0
76,4,81,2,-40,12,5,122,118,1
56,-1,96,7,44,11,40,52,12,1
47,0,81,6,46,0,34,35,0,0
43,1,76,0,42,-5,32,34,2,0
55,0,96,0,46,8,41,50,8,1
49,-1,83,0,50,9,34,34,0,0
85,0,88,-3,2,0,3,85,82,1
38,0,92,0,12,4,54,79,24,0
56,0,97,0,46,15,41,50,10,1
50,-2,101,-2,50,0,51,52,0,0
45,-3,74,0,44,0,29,30,2,0
37,0,77,0,18,-5,40,59,18,0
55,-1,97,0,42,-1,42,56,14,1
101,4,102,0,70,-19,1,32,32,1
43,0,86,-10,42,-20,42,44,2,0
41,-3,76,0,38,-22,35,37,2,0
37,-1,105,0,36,20,68,69,2,0
44,-3,82,0,44,4,38,38,0,0
51,0,79,6,52,4,27,27,0,0
37,4,79,2,16,0,41,63,22,0
43,0,85,7,42,-6,42,44,2,0
37,0,97,0,24,-2,60,73,14,0
46,-1,86,-1,44,-24,41,42,2,0
56,0,95,0,52,24,39,43,4,1
37,0,105,0,20,-20,68,84,16,0
37,0,104,-4,16,-17,67,89,22,0
64,0,113,1,62,-6,49,51,2,0
37,0,84,0,18,-2,47,66,18,0
53,2,81,0,52,-9,28,29,2,0
37,0,80,0,36,-22,43,44,2,0
37,0,75,0,30,9,38,44,6,0
56,-1,84,0,54,-7,28,30,2,0
37,0,77,0,16,24,40,61,22,0
47,-1,82,0,46,0,35,35,0,0
55,6,74,2,-4,-20,18,79,60,1
49,0,87,6,50,18,38,38,0,0
37,-1,79,3,0,0,42,79,36,0
62,-3,112,0,62,0,50,50,0,0
56,-5,96,0,56,0,40,39,0,0
37,0,78,0,26,1,41,52,12,0
37,0,93,0,12,12,56,81,24,0
56,0,81,6,-22,0,25,105,80,1
37,0,97,0,26,20,60,71,12,0
53,0,86,-5,54,11,33,32,0,0
37,-4,81,1,36,0,44,44,0,0
37,0,82,0,26,5,45,56,12,0
57,-2,87,0,56,0,30,30,0,0
37,-1,79,-6,12,-15,42,66,24,0
55,0,82,0,54,5,26,28,2,0
37,0,104,-6,18,13,67,86,18,0
55,0,96,-3,44,0,41,52,12,1
56,5,83,0,56,1,26,26,0,0
44,-1,85,0,44,4,41,41,0,0
42,4,76,0,42,0,34,34,0,0
44,-4,80,-7,44,2,36,36,0,0
37,0,84,0,24,-30,47,61,14,0
52,-5,81,-5,52,0,29,29,0,0
41,3,79,0,42,27,38,37,0,0
106,0,107,0,72,2,1,35,34,1
37,0,79,0,20,7,42,58,16,0
39,0,83,3,38,0,45,44,0,0
55,-1,97,-3,46,-5,41,50,8,1
38,-5,78,0,-2,-1,40,81,40,0
45,-1,88,0,46,15,42,41,0,0
55,0,93,0,42,-4,37,51,14,1
37,0,80,0,36,2,43,44,0,0
48,-5,89,0,46,0,41,42,2,0
48,-2,80,0,46,-3,32,34,2,0
56,0,97,0,44,-5,41,53,12,1
37,0,106,1,30,0,69,75,6,0
42,-1,84,0,42,0,42,43,2,0
48,0,80,0,46,-3,32,34,2,0
37,0,103,0,30,21,66,72,6,0
44,0,75,-1,44,7,31,31,0,0
37,0,92,0,24,31,55,69,14,0
42,0,81,-1,42,0,40,40,0,0
39,0,80,5,38,0,41,41,0,0
37,0,79,-7,0,0,42,79,36,0
37,0,106,2,28,0,69,77,8,0
40,0,86,-7,38,0,45,47,2,0
44,0,83,0,42,-15,40,42,2,0
48,-1,89,0,46,-3,41,42,2,0
53,0,86,0,54,9,33,32,0,0
37,5,79,0,34,0,42,45,4,0
55,10,95,-1,50,0,41,46,6,1
37,0,106,0,26,21,68,80,12,0
37,0,82,0,38,22,45,43,0,0
37,0,90,0,38,20,52,51,0,0
41,2,85,8,38,-19,44,46,2,0
50,0,87,-1,50,-2,37,38,0,0
46,1,86,0,44,-28,40,42,2,0
37,0,90,0,34,25,53,57,4,0
37,0,77,-1,-18,-1,40,95,54,0
52,0,81,0,52,-6,29,30,0,0
41,5,86,0,38,0,46,48,2,0
43,-4,76,0,44,12,33,32,0,0
54,0,79,0,54,0,25,24,0,0
55,1,77,0,54,0,22,23,0,0
45,-2,82,0,44,-11,37,38,2,0
49,2,90,0,50,1,41,41,0,0
56,0,96,0,42,24,40,55,14,1
49,0,81,0,50,5,32,32,0,0
55,-1,78,-6,0,-19,23,78,56,1
37,0,77,0,34,-27,39,43,4,0
77,4,81,0,-40,0,4,123,118,1
55,0,98,1,50,0,42,49,6,1
46,4,102,0,46,8,57,56,0,0
79,-4,83,-2,-32,509,4,117,112,1
55,0,77,0,26,-20,22,52,30,1
45,1,80,0,44,0,35,36,0,0
81,-2,86,0,-22,0,4,109,104,1
37,0,81,0,30,-20,45,50,6,0
38,0,102,0,34,-9,65,69,4,0
47,4,81,0,46,0,35,35,0,0
46,0,83,-6,46,1,37,36,0,0
56,1,87,0,54,-13,31,33,2,0
54,5,80,0,54,0,26,26,0,0
53,-2,86,0,52,-23,33,34,2,0
41,0,78,1,42,0,37,37,0,0
56,0,96,0,50,-24,40,47,6,1
55,-2,98,0,52,2,42,46,4,1
47,4,83,0,46,0,36,36,0,0
43,-4,75,0,44,14,32,31,0,0
37,0,76,-4,28,-21,39,47,8,0
41,0,87,3,38,-12,46,48,2,0
41,-4,79,0,42,0,38,37,0,0
44,3,80,-1,44,0,36,36,0,0
37,0,83,0,0,5,46,83,36,0
56,1,97,-1,52,-22,41,46,4,1
55,0,77,0,-24,6,22,103,82,1
55,0,79,0,12,3,23,66,42,1
45,-2,82,-1,44,-17,37,38,2,0
86,2,89,0,2,-2,3,86,84,1
46,0,76,-4,46,0,29,29,0,0
50,-2,83,0,50,0,32,33,2,0
52,0,86,0,54,25,33,32,0,0
44,3,83,0,44,22,40,39,0,0
59,1,86,3,56,-6,28,30,2,0
45,1,86,3,44,0,41,42,2,0
46,2,79,-5,46,0,33,32,0,0
52,2,88,0,52,-3,35,36,0,0
45,0,86,0,44,-21,40,42,2,0
43,0,87,6,42,0,44,46,2,0
51,0,82,0,50,-30,31,33,2,0
55,0,77,-5,-22,0,22,100,78,1
56,-2,96,-4,52,0,40,44,4,1
104,0,105,-4,70,-24,1,35,34,1
40,0,77,-6,38,0,37,38,2,0
37,0,76,0,24,31,39,52,14,0
37,0,80,0,36,17,43,44,0,0
44,1,83,0,44,12,39,39,0,0
37,0,78,0,36,-13,41,42,2,0
56,0,92,0,52,0,36,40,4,1
66,0,109,0,68,6,43,42,0,0
48,0,88,-6,46,0,39,41,2,0
46,0,81,8,46,3,35,35,0,0
43,0,76,5,42,-4,33,35,2,0
37,0,78,-1,16,11,41,63,22,0
37,0,80,-1,26,-14,43,54,12,0
45,0,79,-1,44,-25,33,35,2,0
55,1,80,0,54,0,25,26,0,0
56,-3,88,0,54,-23,32,33,2,0
37,0,81,6,36,0,44,45,0,0
46,-2,100,0,46,0,54,53,0,0
53,4,91,0,54,4,38,37,0,0
44,-1,86,0,44,10,43,42,0,0
37,0,76,0,34,-2,40,43,2,0
41,2,83,0,42,8,42,42,0,0
46,-2,109,1,46,0,63,63,0,0
37,0,79,-2,10,0,43,69,26,0
37,-4,82,0,36,-23,45,46,2,0
37,0,77,3,34,-4,40,43,2,0
41,-2,78,-1,42,-2,37,37,0,0
57,0,86,0,56,0,30,30,0,0
56,1,80,0,20,-9,24,59,36,1
104,0,104,-6,70,0,1,35,34,1
56,0,97,0,46,0,41,50,10,1
43,0,77,0,42,-9,34,35,2,0
45,0,77,0,46,14,32,31,0,0
37,0,95,0,26,-5,58,70,12,0
41,0,88,3,38,-5,47,49,2,0
54,0,84,2,54,0,30,30,0,0
56,3,84,0,56,0,28,28,0,0
41,0,82,0,42,13,41,41,0,0
37,0,79,0,12,-7,42,66,24,0
37,0,76,0,36,10,39,39,0,0
37,0,77,7,36,0,40,41,0,0
41,-1,77,0,42,3,36,35,0,0
55,-2,78,0,54,0,23,24,0,0
56,0,78,0,8,31,22,70,48,1
38,0,92,0,24,31,54,69,14,0
43,-1,79,-3,44,-12,36,35,0,0
43,0,79,-4,42,0,35,37,2,0
38,2,76,0,38,8,38,37,0,0
101,1,102,5,72,8,1,30,28,1
48,2,79,0,46,0,31,33,2,0
38,0,105,-5,38,0,67,66,0,0
37,0,77,0,16,19,40,61,22,0
83,0,86,-4,-4,-12,3,91,88,1
51,0,83,0,50,-12,32,33,2,0
37,0,82,0,8,0,45,74,30,0
84,0,88,0,-2,-8,3,90,88,1
37,0,79,0,10,3,42,68,26,0
48,3,83,0,46,0,35,37,2,0
37,0,81,0,38,14,43,42,0,0
41,-5,77,0,42,13,37,36,0,0
39,-10,78,0,0,6,39,78,40,0
48,0,85,-7,46,0,37,39,2,0
37,0,77,-5,36,16,40,41,0,0
45,3,81,2,44,0,37,37,0,0
55,0,96,0,50,21,41,47,6,1
56,1,87,3,56,12,31,30,0,0
56,2,98,0,46,26,42,51,10,1
101,0,102,0,72,12,1,30,28,1
56,0,97,1,50,-7,41,48,6,1
55,-1,85,0,54,-4,30,31,2,0
37,0,79,0,10,1,43,69,26,0
44,1,82,-3,44,0,38,38,0,0
102,0,102,-1,70,-7,1,33,32,1
39,-1,88,0,38,0,49,50,0,0
45,0,78,-1,44,-2,33,34,2,0
37,0,96,0,34,10,59,62,4,0
105,0,106,0,70,0,2,36,34,1
38,2,97,0,38,0,58,58,0,0
102,-2,104,0,72,12,1,31,30,1
45,-3,83,0,46,13,37,36,0,0
39,-3,100,0,38,0,62,62,0,0
66,0,109,0,64,-14,43,45,2,0
45,2,86,0,44,-7,41,42,2,0
37,0,79,-1,36,-10,42,43,2,0
41,-2,76,0,38,-24,35,37,2,0
37,0,78,-2,2,-6,41,75,34,0
37,0,76,0,24,31,39,53,14,0
50,0,84,-3,50,0,34,35,0,0
45,0,82,2,44,0,37,38,0,0
37,0,80,0,8,2,43,72,30,0
53,0,86,7,54,0,33,32,0,0
56,0,79,1,0,0,24,79,56,1
50,0,81,0,50,0,31,32,0,0
37,0,77,0,36,-3,40,41,2,0
37,0,103,-7,26,0,66,77,12,0
55,0,81,8,54,0,26,26,0,0
45,4,80,0,46,31,35,34,0,0
41,-1,81,0,42,13,41,40,0,0
55,0,96,0,44,-30,41,52,12,1
46,2,82,-4,46,6,36,35,0,0
43,0,83,2,42,0,39,41,2,0
52,5,88,2,52,0,36,36,0,0
43,-2,99,0,42,-11,56,58,2,0
37,0,97,0,12,1,59,84,24,0
46,0,108,4,46,1,62,61,0,0
37,0,81,0,8,-12,44,73,28,0
39,4,80,5,38,0,41,41,0,0
39,5,77,0,38,0,38,38,0,0
56,4,77,-4,44,0,22,34,12,1
48,0,106,0,50,26,58,57,0,0
46,0,77,5,46,1,32,31,0,0
42,5,76,0,42,0,34,35,0,0
45,4,81,0,46,28,36,35,0,0
46,0,76,4,46,1,30,30,0,0
37,0,76,-4,34,6,39,42,2,0
46,-1,84,-2,46,-4,38,38,0,0
55,0,82,0,-12,-11,26,95,68,1
55,-1,96,-3,50,-21,41,47,6,1
82,0,87,4,-40,1,5,128,124,1
46,0,87,0,46,-1,41,41,0,0
55,-2,98,0,50,0,42,49,6,1
53,1,81,0,54,4,27,26,0,0
56,0,97,-4,50,0,41,48,6,1
37,-2,76,0,28,0,40,48,8,0
43,-2,85,8,42,0,42,44,2,0
43,-1,85,-6,42,-9,42,44,2,0
46,0,87,-2,46,0,41,41,0,0
47,3,83,8,46,0,36,37,0,0
49,0,85,0,50,2,36,36,0,0
56,0,77,0,16,-14,22,62,40,1
52,4,81,0,52,0,28,29,0,0
37,0,79,0,26,-3,43,54,10,0
37,5,80,0,20,5,43,59,16,0
55,0,77,0,18,16,22,59,38,1
46,0,92,4,46,0,45,45,0,0
50,-3,83,0,50,0,33,34,2,0
59,0,86,-1,56,-10,27,29,2,0
53,0,86,0,52,-12,33,35,2,0
44,6,93,0,44,2,49,50,0,0
87,2,89,0,8,0,2,81,80,1
55,-4,82,1,54,0,27,28,0,0
37,1,90,0,28,29,53,62,8,0
37,-1,80,0,-2,0,43,83,40,0
43,0,83,0,42,-9,39,41,2,0
55,0,77,0,-28,-4,21,105,84,1
50,4,106,0,50,0,56,57,0,0
37,-1,76,0,36,-25,39,40,2,0
44,0,87,0,42,-30,43,46,2,0
55,0,80,0,-2,5,25,83,58,1
55,0,97,0,46,5,41,50,8,1
54,0,88,0,54,0,34,33,0,0
45,-2,89,2,44,0,44,45,0,0
53,-3,108,0,52,-15,55,56,2,0
44,2,85,0,42,-28,41,44,2,0
55,0,78,0,6,9,23,73,50,1
56,0,96,8,50,0,40,47,6,1
42,2,86,0,42,0,45,45,0,0
55,0,98,0,52,12,42,46,4,1
56,0,96,0,50,-10,40,47,6,1
37,0,83,0,6,3,46,78,32,0
55,0,79,0,8,-12,23,71,48,1
41,0,75,0,38,-26,34,36,2,0
85,0,89,0,2,-6,4,86,82,1
48,0,83,0,46,-11,34,36,2,0
37,0,77,0,6,31,40,72,32,0
47,0,76,0,46,-1,30,30,0,0
56,3,95,0,56,4,39,39,0,0
51,0,84,0,50,-28,33,35,2,0
47,-5,88,0,46,0,41,41,0,0
55,-2,96,3,52,0,41,44,4,1
43,0,85,-7,42,0,42,44,2,0
55,-1,91,-2,-4,1,35,96,60,1
57,1,97,6,56,0,40,40,0,0
37,-1,100,-3,30,-6,64,69,6,0
56,0,95,0,42,1,40,54,14,1
37,0,76,0,30,13,39,45,6,0
53,0,83,0,52,0,30,32,2,0
37,-3,107,0,36,0,70,71,0,0
37,0,76,0,18,-12,40,58,18,0
80,4,84,0,-42,-20,4,128,124,1
50,-4,77,0,50,0,28,28,0,0
55,0,78,-2,42,-1,23,37,14,1
58,0,84,-2,56,0,27,28,0,0
55,3,83,-5,54,0,27,28,2,0
55,0,93,0,2,-5,38,91,52,1
43,0,84,-4,42,0,41,43,2,0
46,0,81,-1,46,0,35,34,0,0
56,0,96,0,52,-2,40,44,4,1
48,0,94,0,46,-3,46,48,2,0
55,0,77,-2,24,-5,21,54,32,1
45,0,83,-2,44,-11,37,39,2,0
51,0,86,0,50,-7,36,37,2,0
37,0,95,-2,16,-4,58,80,22,0
37,0,78,0,20,21,41,57,16,0
55,3,77,0,26,-16,22,52,30,1
84,1,88,0,-2,0,3,90,88,1
42,-4,83,0,42,0,40,41,2,0
45,0,102,0,44,-6,57,58,2,0
71,-5,75,-8,-40,2,4,116,112,1
43,0,86,-3,44,27,42,42,0,0
56,0,76,0,-4,141,20,81,62,1
41,-1,83,0,42,7,42,41,0,0
52,-1,84,0,52,-2,31,32,0,0
56,0,95,-4,44,0,39,51,12,1
54,0,85,0,54,0,31,31,0,0
87,0,89,0,8,0,2,81,80,1
51,1,84,0,52,3,33,32,0,0
50,-1,101,-1,50,0,51,52,0,0
49,0,88,4,50,20,39,39,0,0
52,3,80,6,52,0,28,28,0,0
37,0,94,0,10,-3,57,84,26,0
45,-5,107,0,44,-24,62,63,2,0
48,0,79,2,46,0,31,32,2,0
37,0,95,-1,26,0,58,70,12,0
38,0,77,0,38,7,39,38,0,0
37,0,78,0,10,-28,41,68,26,0
53,4,81,0,54,4,28,27,0,0
50,-2,79,0,50,0,28,30,2,0
50,-5,101,0,50,0,52,52,0,0
56,4,76,0,-18,-12,20,94,74,1
45,4,86,0,44,-7,41,42,2,0
80,0,84,-2,-36,0,4,120,116,1
82,0,86,-1,-10,15,3,96,92,1
37,0,86,1,36,0,50,50,0,0
49,-1,78,0,50,10,29,29,0,0
37,0,83,0,34,-20,46,49,2,0
81,0,84,0,-20,-13,4,105,102,1
45,-1,87,-6,44,0,42,43,2,0
45,1,84,-4,44,0,40,41,0,0
51,0,84,0,50,-7,33,35,2,0
37,0,74,0,30,-19,37,43,6,0
44,0,82,-1,44,21,38,38,0,0
37,-2,81,-6,36,-11,44,44,0,0
37,0,79,0,0,0,42,79,36,0
37,0,91,0,18,2,53,73,20,0
58,0,86,-1,56,-2,28,30,2,0
37,0,76,-1,20,-2,40,55,16,0
37,0,81,1,28,-26,44,52,8,0
39,0,78,0,38,-1,39,39,0,0
45,0,82,-59,44,0,37,38,0,0
41,0,81,0,42,1,40,40,0,0
57,0,81,-3,56,0,24,24,0,0
37,0,77,0,34,0,40,43,2,0
46,-1,108,-7,46,0,62,61,0,0
46,0,81,0,46,15,35,34,0,0
41,0,76,-6,42,9,34,34,0,0
37,-1,80,-1,20,18,43,59,16,0
41,-1,89,0,38,-11,48,50,2,0
41,0,83,5,38,-6,42,44,2,0
41,4,79,0,38,-22,38,41,2,0
55,0,96,0,44,11,41,52,12,1
41,0,88,0,38,-6,48,50,2,0
56,0,79,0,10,21,23,68,46,1
45,0,83,0,44,-4,38,39,2,0
46,1,83,0,46,6,37,36,0,0
47,0,108,3,46,0,61,62,0,0
45,-1,83,0,44,17,38,39,0,0
56,1,82,0,56,11,26,25,0,0
83,0,87,0,-40,8,4,128,124,1
44,1,77,0,44,5,34,34,0,0
47,0,83,5,46,0,36,37,0,0
71,-35,107,0,60,-26,35,47,12,1
43,0,90,4,42,0,46,48,2,0
53,-5,80,0,54,10,27,26,0,0
41,3,79,0,38,-26,38,41,2,0
79,0,83,0,-38,0,4,122,118,1
55,0,95,-1,36,-9,39,59,20,1
43,4,93,0,42,0,51,52,2,0
37,0,76,343,20,0,40,55,16,0
46,1,86,5,46,-1,40,39,0,0
55,0,82,0,-24,-30,26,108,82,1
49,-2,81,0,46,-22,33,35,2,0
37,0,104,0,24,9,67,81,14,0
43,2,86,0,42,0,44,45,2,0
55,-6,75,-22,0,0,20,75,54,1
53,0,88,2,54,0,35,34,0,0
41,0,76,0,42,0,35,35,0,0
37,0,83,0,0,6,47,83,36,0
44,0,77,0,44,4,34,34,0,0
85,3,88,-2,-2,0,3,90,88,1
44,0,83,-1,44,0,39,39,0,0
48,0,81,3,46,0,32,34,2,0
55,-1,79,-5,26,-9,23,53,30,1
37,0,77,4,34,0,40,44,4,0
53,-5,82,0,54,3,29,28,0,0
46,0,88,2,46,13,42,41,0,0
54,0,81,1,54,0,27,27,0,0
53,0,81,0,52,-20,28,30,2,0
55,0,77,0,8,-24,21,69,48,1
41,0,77,0,38,-9,36,38,2,0
37,0,77,0,-20,-30,41,98,58,0
37,-4,75,0,28,8,38,46,8,0
46,1,84,-4,44,-22,39,41,2,0
37,0,76,0,24,-27,39,52,14,0
42,5,89,0,42,0,47,48,2,0
50,-3,101,-4,50,0,51,52,0,0
55,0,95,0,52,8,40,44,4,1
55,-4,83,0,54,0,29,29,0,0
55,0,98,-2,42,0,42,57,14,1
41,0,88,0,42,5,47,46,0,0
37,-3,104,0,38,0,67,66,0,0
42,0,86,-7,42,0,44,44,0,0
55,0,77,0,-30,-9,22,108,86,1
37,0,83,0,8,4,46,75,30,0
38,0,82,0,36,-23,44,46,2,0
37,0,76,-3,20,-3,39,55,16,0
41,0,81,3,38,-7,41,43,2,0
55,0,79,1,12,-25,23,66,42,1
46,0,85,-4,46,8,39,39,0,0
45,-2,88,0,44,-15,42,44,2,0
41,0,83,0,38,-20,42,44,2,0
56,0,78,0,8,27,22,70,48,1
106,1,108,0,70,0,1,38,36,1
46,0,79,5,44,-30,34,35,2,0
55,0,84,6,54,-3,29,30,0,0
55,0,95,-1,36,-2,39,59,20,1
46,0,81,0,46,3,35,35,0,0
51,-4,86,0,52,15,36,35,0,0
48,5,85,0,46,0,37,39,2,0
40,3,77,0,38,0,37,38,2,0
56,0,79,2,16,27,23,63,40,1
55,0,92,4,-4,4,36,97,60,1
37,0,83,0,30,-9,46,52,6,0
45,1,83,-6,44,-9,38,39,2,0
37,-3,80,0,18,-2,43,62,18,0
40,-1,77,3,38,0,38,39,2,0
37,0,81,0,28,0,44,52,8,0
62,0,109,3,60,0,47,49,2,0
41,-2,108,1,42,0,67,67,0,0
49,0,86,0,50,16,37,37,0,0
49,0,106,-3,50,6,57,57,0,0
43,0,79,-1,42,-13,35,37,2,0
44,0,76,-1,44,-2,31,32,0,0
106,5,108,3,70,0,1,38,36,1
37,2,79,6,0,0,42,79,38,0
56,-1,95,-7,44,-4,40,51,12,1
37,0,76,-1,16,6,39,61,22,0
41,-1,97,0,38,-28,56,59,2,0
102,0,102,-2,70,-10,1,33,32,1
49,2,79,2,50,30,30,30,0,0
52,0,86,0,54,31,34,32,0,0
56,-4,83,0,56,7,27,26,0,0
41,-1,82,0,42,7,41,41,0,0
37,0,79,0,8,-14,42,71,28,0
37,0,77,8,28,6,40,49,8,0
41,0,89,7,42,27,48,48,0,0
56,-2,99,5,38,-2,43,60,18,1
55,0,77,0,44,20,22,34,12,1
80,3,83,-2,-28,0,3,112,108,1
54,1,89,0,54,0,35,35,0,0
49,0,95,-2,50,2,46,46,0,0
56,-1,96,0,54,2,40,42,2,0
78,0,81,-3,-40,0,4,123,120,1
41,-4,82,0,42,0,41,41,0,0
56,0,79,0,16,23,23,63,40,1
57,3,81,0,56,0,25,24,0,0
39,4,80,-7,38,0,41,41,0,0
56,5,97,0,42,2,41,56,14,1
56,0,86,0,54,-26,30,32,2,0
55,0,79,-2,20,-4,24,59,34,1
55,0,95,1,50,0,40,46,6,1
37,0,107,0,28,15,69,78,8,0
55,-2,80,0,-4,14,25,85,60,1
56,2,99,0,46,-5,42,52,10,1
55,0,77,0,-10,-10,21,87,66,1
37,0,103,0,30,5,66,72,6,0
49,-1,89,0,50,19,40,40,0,0
55,0,81,0,54,-4,25,26,2,0
53,-2,78,0,54,0,25,24,0,0
39,0,79,-1,38,-1,41,41,0,0
37,0,82,0,-2,31,45,85,40,0
41,-1,80,0,38,-15,39,41,2,0
37,0,77,0,34,7,40,43,4,0
54,3,83,0,54,0,28,28,0,0
56,1,86,0,54,-2,30,32,2,0
41,1,86,0,42,5,45,44,0,0
53,-5,108,0,52,-24,55,56,2,0
37,0,93,0,10,-1,56,83,28,0
55,0,77,0,-22,0,22,101,78,1
55,-1,77,-3,44,0,22,34,12,1
37,0,81,-1,20,0,44,61,16,0
55,0,77,0,12,-30,22,65,42,1
55,0,77,-1,-28,1,21,105,84,1
37,0,79,8,24,0,42,56,14,0
55,0,76,0,-14,12,21,92,70,1
45,0,85,2,46,15,40,39,0,0
45,-4,77,0,44,0,33,34,0,0
44,1,87,1,44,3,43,43,0,0
37,0,79,-1,12,-3,43,66,24,0
56,0,92,0,52,6,36,40,4,1
52,-1,84,0,52,0,32,32,0,0
49,3,81,0,50,5,32,32,0,0
37,0,76,0,30,-22,39,45,6,0
46,-5,88,0,46,0,41,41,0,0
38,5,77,0,38,13,39,38,0,0
56,0,96,0,52,-30,40,44,4,1
52,-1,81,0,52,-1,29,30,0,0
55,-4,79,0,54,0,24,24,0,0
56,-2,81,0,56,6,25,24,0,0
42,4,85,0,42,0,43,44,2,0
102,0,103,0,70,-7,1,33,32,1
41,1,75,0,38,-24,34,36,2,0
51,0,86,0,52,0,35,35,0,0
37,0,79,0,28,8,42,50,8,0
55,0,87,4,54,0,32,33,2,0
82,-5,86,-2,-4,-17,3,91,88,1
42,0,77,7,42,0,35,36,2,0
46,0,77,0,44,-24,32,34,2,0
37,0,81,0,38,27,43,42,0,0
37,-2,77,0,0,27,40,77,36,0
56,0,97,4,52,25,41,45,4,1
47,1,83,0,46,0,36,37,0,0
43,-2,106,0,42,-10,62,64,2,0
37,0,76,-4,18,-2,39,57,18,0
43,0,87,0,42,-13,44,46,2,0
37,-2,83,5,34,0,46,49,4,0
44,0,86,-4,44,4,43,42,0,0
37,0,103,0,30,1,66,72,6,0
37,0,83,4,34,0,46,49,4,0
37,0,75,0,34,-14,38,41,2,0
37,0,76,0,34,9,39,42,2,0
56,0,81,0,-2,-2,25,83,58,1
51,-1,109,0,50,-7,59,60,2,0
44,7,79,0,42,0,35,37,2,0
37,0,76,0,16,-9,39,61,22,0
49,0,87,-1,50,8,38,38,0,0
58,0,86,-4,56,0,29,30,0,0
56,2,95,0,54,13,39,41,2,0
37,0,77,0,34,8,40,43,2,0
37,0,95,-2,24,-23,58,72,14,0
45,0,83,-3,44,-4,38,39,2,0
41,0,77,0,42,15,36,35,0,0
37,0,95,-7,12,-8,58,82,24,0
46,0,88,0,46,0,43,42,0,0
37,0,106,13,26,-2,69,80,12,0
38,1,86,0,38,8,49,48,0,0
55,0,86,0,56,30,31,30,0,0
46,1,88,0,46,0,41,41,0,0
81,-1,85,0,-40,2,4,126,122,1
37,0,76,0,24,-14,40,53,14,0
47,0,90,8,46,0,44,44,0,0
55,0,76,0,-18,-23,21,94,74,1
38,1,76,0,36,-15,38,39,2,0
37,0,83,2,8,-2,47,75,28,0
45,-2,82,0,44,-14,37,38,2,0
38,1,93,-1,38,0,55,55,0,0
43,0,89,0,42,-16,46,48,2,0
47,1,83,-3,46,0,36,36,0,0
56,0,97,0,50,-25,41,48,6,1
85,0,88,0,2,-16,3,86,82,1
46,0,77,0,46,1,31,30,0,0
55,-1,99,0,50,8,43,49,6,1
37,0,83,0,16,20,46,67,22,0
42,0,87,0,42,0,45,46,2,0
56,0,79,0,56,12,23,22,0,0
47,0,76,-1,46,-2,30,30,0,0
55,0,98,0,42,-6,42,57,14,1
41,4,83,0,42,7,41,41,0,0
37,0,78,0,10,-14,41,68,26,0
37,-5,82,0,36,-1,45,46,0,0
85,0,88,0,0,-23,3,88,86,1
51,-4,81,0,52,0,30,30,0,0
37,0,79,0,16,18,42,63,22,0
37,0,76,0,34,27,39,42,2,0
37,0,80,0,-2,-2,43,83,40,0
43,-5,89,0,44,10,46,45,0,0
37,0,78,-5,6,0,41,73,32,0
38,4,80,0,36,-6,42,44,2,0
56,0,76,0,-12,7,20,89,68,1
105,1,108,0,70,0,2,38,36,1
37,0,76,1,36,0,40,40,0,0
49,0,110,-4,46,-2,61,64,2,0
41,2,106,-2,42,7,65,65,0,0
56,0,97,2,46,1,41,50,10,1
56,0,97,0,46,5,41,50,10,1
43,-2,108,0,42,-17,64,66,2,0
45,0,82,3,44,0,37,38,2,0
37,-1,79,1,0,0,42,79,36,0
37,0,77,0,28,-16,40,48,8,0
39,0,107,-4,38,0,68,68,0,0
46,0,87,-11,46,-3,41,41,0,0
57,1,79,0,56,0,22,22,0,0
37,0,76,2,30,-30,40,45,6,0
37,0,83,-7,30,0,46,52,6,0
43,1,76,-2,42,-3,33,35,2,0
49,0,86,2,46,-24,38,40,2,0
37,0,106,0,36,17,68,69,2,0
50,0,81,-1,50,-1,30,32,2,0
45,-5,81,0,46,6,35,34,0,0
53,0,102,3,54,6,49,48,0,0
37,0,81,0,8,-6,44,73,28,0
55,0,79,0,18,-22,23,61,38,1
56,-3,97,1,44,9,41,53,12,1
37,0,79,-1,36,-1,42,43,0,0
37,0,78,0,16,18,41,63,22,0
58,-2,91,0,56,0,33,34,2,0
40,-1,85,0,38,0,45,46,2,0
37,0,76,0,24,9,39,53,14,0
43,0,79,-2,42,0,36,37,2,0
55,0,77,0,-4,2,21,82,60,1
47,1,107,0,46,0,59,60,0,0
55,0,79,1,24,-8,23,55,32,1
55,0,77,0,42,20,22,36,14,1
44,1,76,0,42,-11,32,34,2,0
56,0,81,0,-10,-5,25,91,66,1
66,0,109,0,64,-9,43,45,2,0
37,0,78,0,18,-26,42,60,18,0
55,0,96,0,46,4,41,50,8,1
51,-1,91,0,50,-24,40,42,2,0
37,0,78,0,18,-1,41,60,18,0
37,0,83,0,-2,22,46,85,40,0
43,-4,76,0,42,-13,33,35,2,0
41,5,86,0,38,-17,45,48,2,0
47,-2,95,-4,46,0,48,48,0,0
56,0,86,0,54,-6,30,32,2,0
44,1,78,-2,44,0,34,34,0,0
46,-3,100,0,46,0,54,53,0,0
49,3,83,0,46,-3,34,37,2,0
50,5,86,-1,50,0,36,37,2,0
55,0,95,0,54,14,40,41,2,0
41,3,93,0,42,16,52,52,0,0
55,0,76,0,-18,-6,21,94,74,1
53,0,79,0,54,5,25,24,0,0
36,0,75,0,36,0,39,39,0,0
51,3,81,-7,52,17,30,30,0,0
45,0,85,4,46,24,40,39,0,0
37,0,95,0,28,1,58,67,8,0
39,-1,77,7,38,0,38,38,0,0
53,3,88,0,52,-6,35,36,2,0
56,-1,95,0,52,-7,40,44,4,1
55,0,96,-1,42,-2,41,55,14,1
44,1,86,0,44,3,43,42,0,0
43,0,83,0,42,-23,39,41,2,0
64,1532,106,-2,34,-35,42,72,30,1
38,0,93,0,30,11,55,62,8,0
37,0,75,0,36,17,37,39,2,0
50,0,81,-2,50,-3,30,32,2,0
37,0,93,0,10,19,55,82,28,0
41,2,83,0,42,29,42,42,0,0
44,0,81,1,44,11,37,37,0,0
55,-3,76,0,-18,-5,21,94,74,1
38,0,77,0,38,4,40,39,0,0
56,0,81,-1,-10,23,25,92,66,1
57,-5,79,0,56,0,22,22,0,0
56,0,96,0,52,-11,40,44,4,1
80,-1,84,1,-20,0,4,105,100,1
56,0,77,0,-14,-19,21,92,72,1
38,0,106,0,38,8,68,67,0,0
37,0,107,12,28,0,70,78,8,0
37,0,103,0,18,-9,66,85,20,0
37,0,78,0,8,-7,41,70,30,0
45,-2,87,-2,44,0,43,43,0,0
46,-2,87,6,46,0,41,41,0,0
43,-5,106,0,42,-9,62,64,2,0
49,5,77,0,46,-8,28,30,2,0
37,0,93,0,10,-16,56,83,26,0
41,4,82,0,42,10,41,41,0,0
37,0,77,0,18,13,40,59,18,0
46,0,88,-5,46,10,43,42,0,0
37,0,96,0,38,25,59,57,0,0
37,0,74,0,34,22,37,41,4,0
37,0,104,5,28,0,67,76,8,0
55,1,79,0,42,-4,24,37,14,1
38,-4,81,0,38,0,43,42,0,0
47,5,79,2,46,0,31,32,0,0
45,0,88,0,44,-10,42,44,2,0
51,1,81,7,50,0,30,32,2,0
41,0,79,0,42,7,38,38,0,0
37,-1,105,0,34,-15,68,71,4,0
55,0,95,0,44,6,40,51,12,1
41,0,79,-1,38,-16,38,40,2,0
37,0,76,0,18,-22,40,58,18,0
71,2,75,1,-42,-11,4,119,114,1
42,0,80,5,42,0,38,39,0,0
56,0,95,0,42,22,40,54,14,1
52,0,85,-7,52,0,33,33,0,0
41,0,89,0,38,-15,48,50,2,0
53,-1,83,0,54,14,30,29,0,0
46,0,77,0,44,-27,32,34,2,0
41,0,85,0,38,0,44,46,2,0
55,0,92,0,8,-2,37,84,48,1
55,-1,96,0,52,0,41,44,4,1
41,-5,76,0,42,8,35,34,0,0
50,-4,88,0,50,0,37,39,2,0
46,0,80,0,44,-30,34,36,2,0
55,0,92,0,30,5,36,61,24,1
66,0,109,0,64,-18,43,45,2,0
37,0,76,0,24,-19,39,52,14,0
42,1,83,8,42,0,42,42,0,0
43,0,88,0,42,-9,45,47,2,0
55,3,78,-6,42,-1,23,37,14,1
51,2,81,0,52,4,29,29,0,0
42,-2,79,0,42,0,36,37,2,0
44,0,77,0,44,5,34,34,0,0
47,0,80,-4,46,0,33,34,0,0
38,0,81,0,36,-15,43,44,2,0
37,0,105,0,36,12,68,69,2,0
37,0,76,0,28,4,39,48,8,0
37,0,77,1,34,6,40,43,2,0
48,-3,89,0,46,0,41,42,2,0
39,-2,106,0,38,0,66,67,0,0
37,0,80,2,18,0,43,62,18,0
56,0,96,8,34,0,40,62,22,1
83,0,86,0,-6,-14,3,94,90,1
43,-5,81,0,44,15,38,37,0,0
41,-1,108,-1,38,-14,67,69,2,0
41,0,79,0,42,4,38,38,0,0
43,0,82,-1,42,0,39,41,2,0
43,0,77,0,44,30,34,33,0,0
56,5,97,5,52,-3,40,45,4,1
37,0,81,3,38,19,44,43,0,0
45,0,86,0,46,24,40,39,0,0
46,0,88,2,44,-23,42,44,2,0
56,0,79,0,10,6,23,68,46,1
37,-2,107,-9,28,0,70,78,8,0
45,1,77,0,46,31,32,31,0,0
51,3,81,0,52,5,29,29,0,0
56,0,95,0,50,0,39,46,6,1
56,4,81,0,56,4,24,24,0,0
37,0,77,0,24,-30,40,54,14,0
46,0,77,0,44,-25,31,33,2,0
41,0,80,0,38,-11,39,41,2,0
37,0,79,-5,8,0,42,72,30,0
53,0,77,0,54,7,23,23,0,0
46,3,83,0,46,7,37,36,0,0
53,2,85,0,52,-8,32,33,2,0
56,0,96,1,38,-9,40,57,18,1
47,2,77,0,46,0,30,30,0,0
37,0,103,0,24,-20,66,80,14,0
37,0,76,0,26,-21,40,50,10,0
45,0,82,3,44,0,37,38,0,0
49,0,87,-3,50,0,38,38,0,0
45,-3,81,-1,44,0,36,37,2,0
45,0,80,0,46,24,35,34,0,0
37,0,100,0,30,-19,64,69,6,0
41,2,79,0,38,0,39,41,2,0
56,0,97,0,44,23,41,53,12,1
43,-1,79,1,42,0,36,37,2,0
53,0,84,0,54,7,30,30,0,0
51,0,82,0,50,-5,31,33,2,0
42,0,79,-3,42,0,36,37,2,0
37,0,104,8,24,0,66,80,14,0
51,0,84,0,50,-6,34,35,2,0
55,0,77,0,-20,-17,21,97,76,1
46,2,76,-1,46,0,30,30,0,0
41,-2,79,0,42,0,38,37,0,0
45,0,88,8,46,12,43,42,0,0
51,-2,82,0,50,-12,31,33,2,0
46,0,85,1,44,-29,39,41,2,0
55,0,79,0,18,-13,23,61,38,1
76,4,82,0,-42,-6,5,126,120,1
42,0,85,0,42,1,44,44,0,0
56,2,79,0,16,4,23,63,40,1
56,0,79,5,-22,0,24,103,80,1
81,0,84,-5,-14,0,3,99,96,1
37,0,77,0,30,-22,41,46,6,0
56,0,96,0,52,-17,40,44,4,1
53,0,88,0,52,-24,35,37,2,0
42,2,89,2,42,0,47,48,0,0
46,0,93,0,46,6,48,47,0,0
40,0,79,6,38,0,38,40,2,0
52,0,102,8,52,0,50,51,0,0
56,0,77,0,-18,6,21,95,74,1
44,-1,81,0,44,4,38,37,0,0
53,-3,81,0,52,-19,28,30,2,0
37,0,81,0,18,-22,44,63,18,0
45,0,85,0,46,11,40,39,0,0
54,0,88,-3,54,0,34,33,0,0
43,1,81,-3,42,0,38,40,2,0
103,-5,104,-1,70,0,1,35,34,1
37,0,79,-2,26,-9,42,53,10,0
36,-3,83,0,36,0,47,47,0,0
37,0,81,0,30,9,45,50,6,0
51,0,85,0,52,3,34,33,0,0
55,0,77,0,-10,12,21,87,66,1
38,0,105,0,38,7,67,66,0,0
53,1,81,0,54,0,27,26,0,0
37,0,81,0,24,21,44,58,14,0
55,0,96,1,42,-15,41,55,14,1
39,0,77,4,38,0,38,38,0,0
51,0,88,3,52,0,36,36,0,0
45,-2,86,0,44,-18,40,42,2,0
54,0,87,4,54,0,33,33,0,0
50,-1,91,0,50,0,41,42,0,0
79,0,83,0,-32,22,4,117,112,1
43,0,89,4,42,0,46,48,2,0
43,0,88,-6,42,0,45,47,2,0
45,0,84,3,44,-7,39,41,2,0
41,0,86,0,38,-23,45,47,2,0
46,1,87,0,44,-26,41,43,2,0
37,-5,107,0,38,4,69,68,0,0
49,0,90,0,50,4,42,41,0,0
37,0,77,0,26,-9,40,51,12,0
81,5,85,2,-40,3,4,126,122,1
37,0,79,-3,28,0,43,51,8,0
49,0,88,0,46,-17,40,42,2,0
55,0,96,0,52,12,41,44,4,1
44,5,79,0,42,-17,35,37,2,0
39,4,83,0,38,0,43,44,0,0
45,0,86,8,44,-10,40,42,2,0
40,0,86,0,38,-1,45,47,2,0
56,0,80,0,56,15,24,23,0,0
104,2,105,0,70,-29,1,35,34,1
56,0,79,0,-2,-22,24,82,58,1
37,0,101,3,30,14,64,70,6,0
82,3,85,0,-12,0,3,98,94,1
55,0,77,-2,24,-5,22,54,32,1
39,5,76,0,38,0,38,37,0,0
55,0,93,-4,18,0,38,75,38,1
55,-1,97,-7,50,0,42,48,6,1
56,0,76,0,-12,22,20,89,68,1
52,0,84,5,52,5,32,32,0,0
55,0,79,-2,26,-5,23,53,30,1
37,0,108,3,36,0,71,72,0,0
37,0,77,0,-24,-28,40,103,62,0
41,0,86,0,42,18,45,44,0,0
44,1,79,0,44,4,35,35,0,0
46,0,90,-2,46,-4,43,43,0,0
55,-3,83,-1,54,0,28,28,0,0
46,0,107,0,46,9,61,60,0,0
41,5,76,0,42,8,34,34,0,0
56,0,81,0,-6,5,25,88,64,1
45,0,87,1,44,-23,42,43,2,0
43,3,86,-3,42,0,43,45,2,0
56,5,79,0,54,-7,24,25,2,0
49,-3,77,0,50,1,28,28,0,0
37,0,91,5,6,0,53,86,32,0
79,2,83,0,-42,0,4,126,122,1
53,0,81,0,54,8,27,26,0,0
55,0,82,0,-32,-2,26,115,90,1
39,1,85,0,38,0,46,46,0,0
46,1,82,0,46,7,36,35,0,0
37,2,80,0,36,0,43,44,0,0
78,1,81,0,-40,177,4,123,120,1
41,0,81,0,38,0,41,43,2,0
45,0,81,0,46,10,36,35,0,0
46,1,86,8,46,2,41,40,0,0
41,0,86,8,42,20,46,45,0,0
55,0,77,0,36,16,22,41,20,1
37,-3,76,0,36,0,39,39,0,0
41,3,83,0,42,6,41,41,0,0
55,0,93,2,38,6,37,54,16,1
37,0,106,0,20,-12,69,85,16,0
55,0,80,0,-10,0,25,90,66,1
47,5,78,1,46,0,31,32,0,0
77,-2,81,0,-40,47,4,123,118,1
37,0,76,3,28,-7,39,48,8,0
43,0,77,0,42,-13,34,36,2,0
44,0,75,0,44,8,31,31,0,0
37,0,81,6,30,0,44,50,6,0
37,0,104,0,16,-9,67,88,22,0
53,-2,86,0,54,5,33,32,0,0
37,0,76,0,20,-16,39,55,16,0
56,0,77,5,-2,0,21,79,58,1
55,0,78,-2,8,-5,23,70,48,1
50,0,85,-3,50,0,35,36,0,0
37,0,78,0,20,-9,42,57,16,0
37,0,90,4,26,0,53,64,12,0
55,1,84,0,54,-3,29,30,2,0
55,0,95,0,54,5,40,41,2,0
44,-3,80,0,44,0,36,36,0,0
45,0,76,0,44,-5,30,32,2,0
43,0,64,-36,42,-6,21,23,2,0
45,0,86,-6,44,0,41,42,2,0
37,0,104,0,16,-12,67,89,22,0
47,-2,76,0,46,0,28,29,0,0
43,0,89,0,44,31,46,45,0,0
37,0,76,7,28,12,40,48,8,0
55,5,79,0,54,0,25,25,0,0
41,-4,76,0,42,0,34,34,0,0
45,0,107,0,44,0,62,63,2,0
52,0,109,0,52,0,56,57,0,0
55,0,77,0,10,15,22,67,46,1
37,0,91,6,6,0,53,86,32,0
44,0,95,0,44,13,52,51,0,0
53,-5,77,0,54,0,24,23,0,0
56,0,97,-3,50,0,41,48,6,1
56,0,97,0,54,-10,41,42,2,0
56,0,97,0,56,3,40,40,0,0
45,0,87,1,44,-7,42,43,2,0
41,0,83,0,42,13,42,42,0,0
42,0,76,0,42,0,33,34,2,0
55,-1,77,0,26,-30,22,52,30,1
44,0,80,-3,44,2,36,36,0,0
37,0,76,0,38,15,39,37,0,0
37,0,103,0,30,12,66,72,6,0
44,0,95,0,42,-25,52,54,2,0
37,0,108,-5,34,-1,71,74,4,0
49,5,85,0,46,0,36,39,2,0
55,-1,77,0,-22,0,22,100,78,1
56,0,81,0,2,2,25,78,54,1
55,0,78,0,18,0,23,60,38,1
37,0,100,0,30,-5,64,69,6,0
56,0,97,0,52,16,41,45,4,1
52,0,86,3,52,0,34,34,0,0
46,4,81,0,46,3,35,35,0,0
46,0,88,1,46,6,42,41,0,0
37,0,108,0,36,0,72,72,0,0
37,0,80,0,10,12,43,70,26,0
50,22,77,0,28,0,26,48,22,1
37,4,104,0,18,8,66,86,20,0
38,-3,107,0,38,0,69,68,0,0
44,-4,84,0,44,0,40,40,0,0
41,-1,80,-3,42,-3,39,39,0,0
37,-1,79,-1,38,11,41,40,0,0
56,0,76,0,-14,3,20,92,72,1
37,0,77,0,36,-4,39,41,2,0
37,0,95,-2,16,-3,58,80,22,0
51,0,83,-4,52,22,32,32,0,0
37,0,82,-5,-4,0,45,87,42,0
37,0,78,0,20,3,42,57,16,0
57,-2,92,0,56,0,35,35,0,0
56,0,81,0,-10,-13,25,92,66,1
47,-4,75,0,46,0,28,28,0,0
46,3,102,0,46,0,56,56,0,0
56,0,98,0,50,-17,42,49,8,1
49,0,89,6,46,-9,40,42,2,0
37,0,77,-4,26,11,40,51,10,0
48,0,94,0,50,31,46,45,0,0
37,0,80,0,26,9,43,54,10,0
44,0,79,0,42,-31,35,37,2,0
50,-4,87,5,50,0,37,38,0,0
37,0,76,0,34,-13,39,42,2,0
56,1,87,0,56,0,31,30,0,0
37,0,77,0,-22,0,41,101,60,0
45,0,79,-5,46,25,33,32,0,0
46,0,82,0,46,0,36,35,0,0
48,-5,85,0,46,0,37,39,2,0
56,0,108,3,54,-6,52,53,2,0
51,0,77,0,50,-28,26,28,2,0
55,0,78,0,16,-7,23,63,40,1
38,2,83,0,36,-21,45,46,2,0
45,-5,87,0,44,-6,42,43,2,0
55,0,92,1,26,7,37,66,30,1
55,-1,89,0,54,0,34,35,0,0
37,0,76,0,26,-6,40,50,10,0
56,0,77,0,-12,1,21,90,68,1
45,1,82,-3,44,0,37,38,2,0
46,-5,88,0,46,0,42,41,0,0
37,0,79,0,20,22,42,58,16,0
55,-5,82,0,56,30,26,25,0,0
56,0,81,0,-18,4,25,99,74,1
40,-1,77,0,38,0,37,39,2,0
51,5,87,-2,50,-18,36,38,2,0
37,0,82,0,16,3,45,66,22,0
45,0,85,0,44,59,41,41,0,0
49,3,77,0,50,1,28,28,0,0
41,0,85,0,38,9,44,46,2,0
47,0,90,6,46,0,43,43,0,0
38,0,82,0,38,4,44,43,0,0
82,0,85,0,-6,24,3,93,90,1
46,5,81,0,44,-16,35,37,2,0
37,0,97,-1,20,-3,60,77,16,0
44,-1,76,-4,44,12,32,32,0,0
37,0,76,0,30,31,39,45,6,0
52,0,86,3,52,0,33,34,0,0
43,0,85,2,42,-5,42,44,2,0
48,-1,87,0,46,-4,39,41,2,0
43,0,86,-1,42,0,43,44,2,0
37,0,81,4,38,22,43,42,0,0
39,-8,76,-4,-2,0,37,79,42,0
79,-1,83,0,-30,0,4,114,110,1
37,0,77,0,6,7,40,72,32,0
53,1,81,0,54,6,28,27,0,0
37,0,77,0,10,26,40,66,26,0
37,0,80,-2,26,-13,43,54,12,0
45,0,77,0,44,-12,32,34,2,0
55,0,77,0,0,-12,22,77,56,1
45,0,82,0,44,-28,37,38,2,0
46,-1,81,0,46,0,34,34,0,0
41,0,86,0,42,1,45,45,0,0
56,2,98,0,52,12,42,46,4,1
45,0,86,-7,44,-9,40,42,2,0
37,4,77,1,-2,-28,40,80,40,0
42,0,84,-6,42,0,42,43,0,0
39,-5,79,-4,38,0,40,40,0,0
46,3,80,-2,46,0,34,34,0,0
102,0,103,2,70,-4,1,33,32,1
55,0,92,0,8,-1,37,84,48,1
53,3,77,0,28,0,23,48,24,1
39,2,106,0,38,0,66,67,0,0
56,-1,92,0,56,21,36,35,0,0
37,0,79,0,12,9,42,66,24,0
55,0,93,0,6,14,38,88,50,1
44,3,77,0,44,12,33,33,0,0
55,0,93,0,2,-19,38,91,52,1
45,3,81,0,44,-4,35,37,2,0
57,3,75,13,0,1,18,75,56,1
45,1,86,0,44,-4,41,42,2,0
52,2,81,1,52,0,29,30,0,0
37,0,75,0,20,1,38,54,16,0
41,0,108,0,42,8,67,67,0,0
82,0,86,0,-12,0,3,99,96,1
45,0,80,0,44,-4,35,36,2,0
37,0,106,-7,36,0,69,70,0,0
55,0,80,0,54,-4,25,26,2,0
55,0,82,6,-14,-2,26,97,70,1
37,0,76,6,24,12,39,53,14,0
66,0,109,0,64,-16,43,45,2,0
48,0,102,0,46,-6,53,55,2,0
55,1,85,0,54,0,31,31,0,0
37,1,81,0,36,-4,43,44,2,0
53,-2,85,0,54,7,32,31,0,0
43,0,77,6,42,0,34,35,2,0
55,0,77,0,10,-30,22,67,46,1
43,0,86,0,42,-21,43,45,2,0
42,0,99,-1,42,0,58,58,0,0
79,-1,83,-7,-40,0,4,125,120,1
55,0,95,0,50,-18,40,46,6,1
41,-1,83,6,38,-5,42,44,2,0
37,0,99,0,28,-4,61,70,8,0
37,0,76,-2,34,0,39,42,4,0
53,4,85,0,54,2,32,31,0,0
56,0,81,0,-6,-18,25,89,64,1
37,0,80,-1,34,-1,43,46,2,0
39,-3,76,-7,38,0,37,37,0,0
48,-1,87,0,46,-2,39,41,2,0
82,0,86,8,-6,7,4,94,90,1
37,0,75,5,24,-2,38,52,14,0
56,0,95,0,46,16,40,49,10,1
55,0,96,0,46,2,41,50,8,1
37,1,76,0,36,18,39,40,2,0
41,0,83,0,42,4,42,42,0,0
59,0,87,0,56,-14,28,30,2,0
50,0,84,5,50,0,35,35,0,0
55,0,76,-5,-20,0,21,97,76,1
56,0,79,0,16,15,23,63,40,1
37,0,77,0,2,-4,40,75,34,0
37,0,97,3,12,0,59,84,24,0
55,0,93,0,16,-9,38,78,40,1
48,0,88,-5,50,25,39,39,0,0
55,-5,86,0,54,-9,30,32,2,0
43,-1,76,0,42,-8,33,35,2,0
44,0,97,1,42,-29,53,55,2,0
37,0,79,0,10,10,42,68,26,0
51,0,102,0,50,-21,51,53,2,0
55,-1,77,0,28,0,22,48,26,1
48,1,86,8,46,0,39,40,2,0
47,4,88,0,46,0,41,42,0,0
49,0,81,0,50,6,32,32,0,0
59,0,86,-4,60,27,28,27,0,0
79,2,83,0,-40,11,4,125,120,1
44,-1,81,0,44,9,38,37,0,0
37,0,81,6,16,0,44,65,22,0
44,3,83,-3,42,-19,39,41,2,0
41,0,88,-6,38,-1,48,50,2,0
59,0,108,0,56,-8,49,51,2,0
49,0,87,0,50,2,38,38,0,0
55,0,98,8,46,0,42,51,8,1
37,0,81,-1,36,0,44,44,0,0
37,0,92,0,8,13,54,84,30,0
37,0,80,-5,-2,0,43,83,40,0
55,-1,78,-3,0,-10,23,78,56,1
49,0,81,0,46,-17,32,34,2,0
43,0,95,-2,44,18,52,51,0,0
44,0,87,-7,44,0,43,43,0,0
37,-1,79,0,36,0,43,43,0,0
49,1,87,0,50,22,38,38,0,0
37,0,79,0,36,-8,41,43,2,0
37,0,79,0,2,-2,43,77,34,0
42,0,82,3,42,0,39,41,2,0
37,0,80,-7,8,0,43,72,28,0
41,3,76,0,38,-4,35,37,2,0
56,0,97,0,56,9,40,40,0,0
49,0,85,0,46,-16,36,39,2,0
68,3,112,0,68,0,44,45,0,0
53,-1,79,8,54,6,26,25,0,0
42,0,76,-2,42,-4,35,35,0,0
37,0,75,0,30,-9,38,44,6,0
36,-2,77,0,36,0,41,41,0,0
44,-5,86,0,44,9,43,42,0,0
51,-1,83,0,52,27,32,32,0,0
43,0,81,0,42,-7,37,39,2,0
49,0,88,2,50,0,39,39,0,0
51,1,102,0,52,6,51,50,0,0
53,0,87,-2,52,-4,34,35,2,0
48,0,86,-7,46,0,38,39,2,0
37,0,78,0,16,12,41,63,22,0
37,0,82,-2,28,0,45,54,8,0
45,-1,79,0,46,21,33,32,0,0
37,0,81,0,30,-5,45,50,6,0
37,0,79,-7,10,0,42,69,26,0
44,0,75,-5,42,-25,31,34,2,0
52,-5,102,0,52,0,50,50,0,0
37,0,81,0,38,5,43,42,0,0
41,-1,79,0,38,-30,38,41,2,0
49,0,84,-7,50,0,35,35,0,0
56,0,79,-3,8,23,24,72,48,1
37,0,76,0,34,0,38,42,4,0
37,-329,105,0,36,0,68,69,0,0
46,0,81,0,44,-24,35,37,2,0
41,0,86,0,38,-16,46,48,2,0
79,0,84,3,-42,-6,4,128,124,1
42,3,88,0,42,0,45,46,2,0
56,0,97,0,52,-11,41,45,4,1
41,0,81,0,42,28,40,39,0,0
49,0,86,0,50,15,38,37,0,0
39,0,76,-1,38,-1,36,37,0,0
55,5,80,0,54,0,25,26,0,0
42,-5,86,-7,42,0,43,44,2,0
53,0,87,1,52,-8,34,35,2,0
56,1,91,0,54,-20,35,37,2,0
53,0,87,1,52,-12,34,35,2,0
41,-2,81,0,42,4,40,39,0,0
55,0,108,0,54,-6,53,54,2,0
39,2,82,0,38,0,43,43,0,0
42,-4,89,0,42,0,47,48,0,0
43,0,75,0,42,-25,32,34,2,0
55,-1,98,3,46,-25,42,51,8,1
44,-6,76,-1,44,-2,32,32,0,0
107,-1,108,0,72,1,1,36,34,1
55,-1,77,-3,-4,25,21,82,60,1
43,-4,83,0,42,-10,40,42,2,0
46,2,83,0,44,-18,37,39,2,0
38,0,77,6,38,1,39,38,0,0
81,-5,84,0,-14,5,4,100,96,1
43,-1,79,1,42,-9,35,37,2,0
56,3,97,0,52,0,41,45,4,1
45,0,77,0,44,-4,32,34,2,0
56,-2,95,0,52,-11,40,44,4,1
52,0,86,-1,54,31,33,32,0,0
81,-1,85,0,-12,0,4,98,94,1
37,0,79,0,8,6,42,71,30,0
37,0,75,0,30,-18,38,44,6,0
38,3,76,0,38,13,38,37,0,0
40,-5,76,0,38,0,36,37,2,0
51,0,82,0,52,12,31,30,0,0
55,0,77,-5,28,-15,21,48,28,1
44,0,84,0,44,4,41,41,0,0
49,2,83,0,46,-1,34,37,2,0
48,0,77,0,46,-2,29,31,2,0
37,0,77,-3,-12,-13,40,90,50,0
41,5,97,0,38,0,56,58,2,0
45,-3,82,8,44,0,37,38,2,0
37,0,106,0,28,0,69,77,8,0
43,0,79,0,42,-10,36,38,2,0
39,2,79,0,38,0,40,41,0,0
37,2,83,0,36,0,46,46,0,0
46,0,107,0,44,-28,61,63,2,0
49,-3,87,0,50,0,38,38,0,0
45,0,78,0,46,20,33,32,0,0
38,0,77,0,36,-21,40,41,2,0
46,2,86,-1,46,10,41,40,0,0
47,-1,90,0,46,0,42,43,0,0
41,2,77,0,42,20,36,36,0,0
55,0,97,0,50,-18,41,48,6,1
37,0,77,0,18,27,40,59,18,0
55,0,79,0,20,-11,23,58,34,1
42,-3,76,0,42,0,34,35,2,0
55,-3,77,0,26,-1,22,52,30,1
53,0,79,0,54,8,26,24,0,0
103,2,104,0,70,0,1,34,34,1
37,0,81,-2,38,-5,43,42,0,0
45,0,83,-2,44,-3,37,39,2,0
41,0,79,0,38,-4,39,41,2,0
43,-1,79,0,44,20,35,35,0,0
37,0,77,0,0,-6,40,77,36,0
37,-3,81,0,38,24,44,42,0,0
53,-1,86,2,54,0,32,32,0,0
37,0,77,0,26,16,40,51,12,0
56,3,87,-1,54,-21,31,33,2,0
37,0,77,0,12,0,41,65,24,0
37,0,80,8,6,-28,43,75,32,0
37,0,107,1,26,0,69,81,12,0
44,0,89,0,42,-23,45,48,2,0
37,0,78,0,10,9,41,68,26,0
106,-2,108,0,72,7,1,35,34,1
37,1,75,0,20,19,38,54,16,0
37,0,80,-5,38,18,43,41,0,0
79,0,83,0,-32,68,4,117,112,1
49,0,78,0,50,27,29,29,0,0
56,0,96,0,56,24,40,39,0,0
42,0,82,8,42,0,39,41,2,0
55,0,82,4,-14,14,26,97,70,1
44,0,86,1,44,9,43,42,0,0
56,0,97,4,44,-2,41,53,12,1
43,0,90,0,44,18,47,46,0,0
37,0,77,1,26,11,40,51,12,0
37,3,86,0,36,0,49,50,0,0
37,-1,82,0,38,17,45,43,0,0
56,0,77,0,-18,13,21,95,74,1
49,0,86,0,46,-2,38,40,2,0
38,0,104,-6,38,0,66,66,0,0
37,0,77,0,-18,-15,40,95,54,0
51,0,91,0,50,-7,40,42,2,0
50,4,102,0,50,0,52,53,0,0
37,0,76,0,38,25,38,37,0,0
47,1,83,0,46,0,35,36,0,0
55,0,77,0,28,5,21,48,28,1
37,0,76,0,28,8,39,48,8,0
56,0,95,-3,56,7,40,39,0,0
37,0,105,-2,28,0,68,77,8,0
55,0,77,0,12,16,21,64,42,1
42,0,80,0,42,0,38,39,2,0
47,2,88,8,46,0,41,41,0,0
56,0,86,3,56,3,31,30,0,0
49,0,84,0,50,23,36,35,0,0
56,3,78,3,24,0,22,55,32,1
44,0,86,-3,44,3,42,42,0,0
56,0,97,0,46,3,41,50,10,1
37,0,77,-1,20,-23,40,56,16,0
41,0,87,0,38,-4,46,48,2,0
44,5,85,0,44,2,41,41,0,0
43,-3,108,0,42,0,65,66,2,0
57,1,90,0,56,0,33,33,0,0
56,0,97,0,46,7,41,50,10,1
37,0,78,0,0,-10,42,78,36,0
37,0,78,0,10,-4,42,68,26,0
62,0,109,8,60,0,48,50,2,0
38,3,77,0,36,-23,39,41,2,0
37,0,76,0,36,-4,38,39,2,0
58,4,87,0,56,0,29,30,2,0
53,-5,84,0,54,0,31,30,0,0
55,0,84,0,54,-4,28,30,2,0
38,3,79,0,38,0,41,41,0,0
55,0,79,-1,24,22,24,56,32,1
56,0,96,0,38,-4,40,57,18,1
51,0,102,0,50,0,51,53,2,0
52,0,83,-1,52,0,32,32,0,0
45,0,81,8,44,0,36,37,2,0
41,0,83,2,38,0,42,44,2,0
37,0,76,0,26,-3,39,50,12,0
50,0,88,-7,50,0,38,39,0,0
38,-5,90,0,6,0,52,85,34,0
43,-1,84,0,42,0,42,43,2,0
37,0,77,2,26,6,40,51,12,0
56,-3,76,5,0,0,20,76,56,1
48,-4,77,0,46,0,29,30,2,0
46,0,100,-1,46,0,54,53,0,0
40,0,84,7,38,0,44,45,2,0
64,-4,111,1,62,-7,47,49,2,0
37,0,81,0,38,23,44,43,0,0
37,0,81,3,36,0,43,44,2,0
41,-1,77,0,38,-18,37,39,2,0
44,1,81,0,44,5,37,37,0,0
43,0,83,-3,44,22,40,39,0,0
37,-1,77,0,36,-16,39,41,2,0
68,0,111,0,68,0,43,44,0,0
48,-5,86,0,46,0,38,40,2,0
47,3,78,-5,46,0,31,32,0,0
37,0,90,0,36,11,53,54,2,0
37,0,77,0,24,5,40,54,14,0
55,0,93,3,0,0,38,93,56,1
56,0,86,0,54,-1,31,32,2,0
83,-3,87,3,-4,0,4,92,88,1
56,0,97,0,52,-6,40,45,4,1
37,0,77,0,28,-17,40,48,8,0
42,4,88,0,42,0,45,46,2,0
53,7,77,0,28,0,24,48,24,1
83,-2,86,0,-4,-11,4,92,88,1
37,0,77,0,18,-8,40,59,18,0
102,0,103,0,70,-20,1,33,32,1
41,0,83,2,42,0,42,42,0,0
37,0,79,0,8,2,42,71,28,0
37,0,107,0,36,-10,69,71,2,0
46,0,76,0,46,5,30,30,0,0
38,0,81,0,36,-12,43,44,2,0
46,1,78,0,46,13,32,32,0,0
37,4,80,1,18,0,43,62,20,0
39,-3,77,0,38,0,38,38,0,0
82,3,86,6,-40,1,5,128,124,1
45,-2,77,0,44,0,32,33,0,0
39,0,80,-4,38,0,41,41,0,0
40,2,97,0,38,0,57,59,2,0
51,0,83,1,52,5,31,31,0,0
42,0,76,-2,42,-3,35,35,0,0
42,0,88,4,42,0,46,46,0,0
56,0,95,0,52,3,39,43,4,1
55,1,77,0,54,0,22,23,2,0
56,0,77,0,44,-5,22,34,12,1
55,0,83,-2,54,0,28,29,2,0
56,1,77,0,-22,0,22,101,80,1
37,0,74,0,30,5,37,43,6,0
56,-1,97,-1,46,0,41,51,10,1
52,-2,87,1,52,-1,35,35,0,0
42,0,86,3,42,0,45,45,0,0
51,-1,81,-3,52,7,30,30,0,0
46,0,81,-2,44,-24,35,37,2,0
37,0,108,0,36,20,71,72,0,0
55,0,92,0,-6,-1,36,99,64,1
44,2,82,-5,44,0,38,38,0,0
41,0,82,0,42,28,41,41,0,0
44,0,84,0,44,3,40,41,0,0
56,2,85,0,56,0,29,28,0,0
56,0,95,0,42,-29,40,54,14,1
49,1,78,0,46,-6,29,32,2,0
45,0,85,0,44,3,41,41,0,0
41,3,93,0,42,13,52,52,0,0
44,0,77,0,44,6,33,33,0,0
55,-3,83,0,54,0,29,29,0,0
43,0,79,0,42,-10,35,37,2,0
37,-1,40,-6,36,-10,4,4,0,0
55,0,95,0,46,-23,40,49,8,1
56,1,86,0,54,-6,30,32,2,0
39,1,78,3,38,0,39,39,0,0
41,1,82,0,38,-21,41,43,2,0
41,0,109,3,42,31,68,67,0,0
58,-5,96,0,56,0,38,39,0,0
44,-2,86,-6,44,0,42,42,0,0
56,0,77,0,-6,-18,21,85,64,1
56,0,93,0,50,0,38,44,6,1
58,-1,82,0,56,0,24,25,0,0
37,0,81,7,36,0,44,45,0,0
55,0,96,8,50,0,41,47,6,1
41,-2,77,0,38,-12,36,38,2,0
37,0,78,0,8,-9,41,70,30,0
56,-2,97,0,44,-21,41,53,12,1
37,0,83,0,0,4,46,83,36,0
56,-2,99,0,50,8,43,49,6,1
38,0,77,1,38,4,39,38,0,0
44,0,108,0,44,10,64,64,0,0
47,-3,79,0,46,0,32,33,0,0
50,3,83,2,50,0,32,33,2,0
49,0,87,0,50,14,38,38,0,0
46,0,83,0,46,11,37,36,0,0
56,0,79,0,12,22,23,66,42,1
53,4,86,0,54,1,32,32,0,0
45,1,93,0,44,0,49,50,0,0
37,0,77,3,26,13,41,52,10,0
38,0,94,0,36,9,56,58,2,0
56,2,80,0,-10,0,24,90,66,1
55,1,86,0,54,0,30,32,2,0
41,0,84,1,38,-9,43,45,2,0
37,0,79,0,36,-15,41,43,2,0
56,0,95,-5,44,0,40,51,12,1
55,-1,77,-6,44,0,22,34,12,1
37,0,77,0,28,8,41,49,8,0
56,0,96,0,54,-26,40,42,2,0
37,0,81,5,24,0,44,57,14,0
82,0,86,0,-10,13,3,96,92,1
44,1,76,0,42,-22,32,34,2,0
37,0,80,0,24,-22,43,57,14,0
37,0,93,0,12,-4,55,80,24,0
37,0,93,0,10,-12,56,83,28,0
56,0,97,0,44,9,41,53,12,1
37,0,80,0,24,11,43,57,14,0
55,0,95,0,46,-11,40,49,8,1
45,-27,77,-2,44,-3,32,34,2,1
49,1,86,0,50,12,38,37,0,0
42,-2,108,0,42,0,65,66,2,0
61,0,111,-1,60,0,50,51,2,0
51,0,84,0,50,-1,33,35,2,0
53,0,86,0,52,-27,33,35,2,0
57,0,79,2,56,0,22,23,0,0
38,0,77,-1,38,0,39,38,0,0
37,0,80,-7,18,0,43,62,18,0
46,0,83,0,46,5,37,37,0,0
42,23,77,0,28,0,35,48,14,1
37,0,80,8,36,-4,43,44,2,0
37,0,81,0,24,-12,45,58,14,0
41,0,81,0,42,4,39,39,0,0
57,0,82,2,56,0,25,25,0,0
46,0,90,3,46,0,44,44,0,0
37,0,79,0,12,27,42,66,24,0
56,0,95,0,46,4,40,49,10,1
37,0,75,0,30,-1,38,44,6,0
38,0,82,-1,38,-1,44,43,0,0
49,0,86,-1,50,-1,37,37,0,0
58,4,82,0,56,0,24,25,2,0
37,-1,92,-1,6,-4,55,86,32,0
44,0,86,-4,44,3,42,42,0,0
48,0,86,-2,46,0,38,40,2,0
44,-4,76,0,44,1,32,32,0,0
44,-3,92,-1,44,0,48,48,0,0
104,3,105,3,70,0,1,35,34,1
56,-1,86,0,56,9,30,29,0,0
62,0,109,0,60,0,48,50,2,0
56,0,77,0,-6,20,21,85,64,1
56,0,77,0,-20,-6,21,97,76,1
81,0,84,0,-12,7,3,97,94,1
56,0,79,0,10,9,23,68,46,1
46,-2,80,0,46,0,34,34,0,0
37,0,76,0,18,-4,40,58,18,0
43,0,80,-1,42,-14,37,39,2,0
37,0,95,0,16,4,58,80,22,0
53,0,81,2,52,-14,28,29,2,0
45,2,82,-1,44,0,37,38,2,0
43,0,76,7,42,0,32,34,2,0
37,0,77,0,26,-9,40,51,10,0
56,0,98,-3,44,5,42,54,12,1
80,1,84,0,-42,-23,4,128,124,1
45,0,81,0,44,21,36,37,2,0
37,0,104,0,36,-12,67,68,2,0
37,0,104,-2,34,0,67,71,4,0
57,0,84,1,56,0,27,27,0,0
37,0,77,-2,36,-4,40,41,0,0
56,0,95,0,52,1,39,43,4,1
44,0,77,0,44,14,34,34,0,0
79,0,83,0,-40,-13,4,125,120,1
50,0,83,-1,50,-2,33,33,0,0
44,0,77,2,42,-22,34,36,2,0
38,4,106,0,34,0,68,72,4,0
56,0,91,0,2,17,35,88,54,1
37,0,81,0,26,-12,44,55,10,0
37,0,80,0,36,-16,43,44,2,0
45,0,84,0,44,-3,39,41,2,0
41,0,81,0,38,-24,40,43,2,0
37,0,93,6,8,0,55,85,30,0
57,2,81,0,56,0,24,24,0,0
37,0,78,-6,2,2,41,75,34,0
55,0,97,0,46,21,41,50,8,1
81,0,85,-3,-22,0,4,108,104,1
51,0,82,0,50,-13,31,33,2,0
49,0,83,0,46,-8,34,36,2,0
45,-98,81,0,44,0,36,37,2,1
37,0,76,0,36,-15,38,39,2,0
37,0,98,-4,30,0,61,67,6,0
42,0,84,-3,42,0,41,43,2,0
79,0,84,7,-38,0,4,123,118,1
37,0,80,0,8,26,43,72,28,0
37,5,77,5,36,0,40,41,0,0
55,0,79,0,6,0,23,74,50,1
52,-2,82,0,52,0,30,30,0,0
59,0,86,0,56,-17,28,30,2,0
44,5,78,0,44,11,34,34,0,0
81,3,85,0,-40,8,4,126,122,1
48,0,88,-5,46,0,39,41,2,0
56,0,97,3,50,0,41,48,6,1
37,0,77,-4,0,0,41,77,36,0
37,0,94,-3,8,-2,57,86,30,0
37,0,103,0,26,6,66,77,12,0
41,0,79,0,42,27,39,38,0,0
37,0,106,3,24,-22,69,83,14,0
46,0,92,3,46,0,45,45,0,0
44,4,77,0,42,-23,33,35,2,0
41,0,76,0,42,17,35,35,0,0
45,-1,83,0,46,17,38,37,0,0
52,13,95,-3,50,0,44,46,2,0
46,-2,75,-3,46,-5,29,28,0,0
41,9,78,0,38,-6,37,39,2,0
37,0,95,0,16,-4,58,79,22,0
37,0,83,4,8,-5,47,75,28,0
55,0,98,1,54,20,42,44,2,0
55,0,97,0,52,7,41,45,4,1
37,0,76,0,24,-4,40,53,14,0
55,-2,83,0,54,-3,27,28,2,0
56,0,82,0,-12,0,26,95,68,1
39,3,86,0,38,0,47,47,0,0
41,0,79,-3,42,8,38,37,0,0
108,0,109,0,72,5,1,36,36,1
47,-1,81,-6,46,-9,34,34,0,0
43,0,86,-3,42,0,43,44,2,0
46,1,102,0,46,6,57,56,0,0
37,0,93,0,28,20,55,64,8,0
41,0,88,-1,42,-4,48,47,0,0
46,0,84,0,46,2,38,37,0,0
45,-2,81,0,44,-17,36,37,2,0
43,0,79,1,42,0,36,38,2,0
55,0,88,0,54,-3,32,33,2,0
45,0,82,0,46,10,37,35,0,0
37,0,104,-7,18,0,66,86,20,0
45,-5,80,0,44,0,35,36,0,0
37,0,82,0,-4,-8,45,87,42,0
85,2,88,4,-2,0,3,91,88,1
37,0,106,0,26,-13,69,80,12,0
37,-2,106,0,30,-318,69,75,6,0
45,0,86,0,44,0,41,42,0,0
82,0,86,0,-12,-4,3,99,96,1
37,0,79,0,28,-13,42,50,8,0
46,0,87,1,46,3,41,41,0,0
55,0,96,7,42,-11,41,55,14,1
43,-3,83,0,42,-15,39,41,2,0
51,3,82,0,52,7,31,30,0,0
44,0,83,0,42,-13,39,41,2,0
55,-1,96,-4,50,-14,41,47,6,1
46,0,75,-1,46,-2,29,28,0,0
56,0,97,3,46,29,41,50,10,1
56,5,98,2,46,0,42,51,10,1
49,0,78,0,46,-17,29,32,2,0
55,0,77,0,-30,-5,22,108,86,1
41,0,78,0,42,7,37,37,0,0
44,0,86,0,42,-28,42,44,2,0
46,0,100,0,44,-30,54,56,2,0
45,-2,83,-6,44,-19,37,39,2,0
114,4400,106,50,34,-13,-8,72,80,1
37,4,100,0,36,0,64,64,0,0
44,-2,109,0,44,0,65,66,0,0
52,0,77,-3,52,0,26,26,0,0
45,0,90,0,44,-13,45,46,2,0
49,-1,86,0,50,5,37,37,0,0
50,-3,78,-5,50,0,28,29,2,0
45,0,88,0,46,7,42,41,0,0
56,0,96,4,44,26,40,52,12,1
37,0,79,0,2,-12,42,76,34,0
37,0,82,0,-2,3,45,85,40,0
37,0,81,-1,34,0,43,47,4,0
46,0,85,0,44,-21,39,41,2,0
37,0,104,0,26,24,66,78,12,0
49,0,88,1,46,-19,39,41,2,0
43,0,80,0,42,-7,37,39,2,0
56,1,81,0,-6,8,25,88,64,1
39,4,78,1,38,0,39,39,0,0
53,0,86,-1,54,1,33,32,0,0
56,0,90,0,56,19,34,33,0,0
37,0,99,0,28,-5,61,70,8,0
45,0,80,0,46,17,35,34,0,0
49,-5,85,0,50,0,36,36,0,0
56,3,95,0,46,0,40,49,10,1
37,0,93,0,28,-3,56,65,8,0
80,1,84,0,-28,-10,4,112,108,1
41,0,81,0,42,13,40,39,0,0
37,0,81,-5,10,0,44,70,26,0
37,0,81,0,24,14,44,57,14,0
107,1,109,6,72,1,2,36,34,1
44,0,80,-2,42,-15,36,39,2,0
37,0,76,0,24,14,40,53,14,0
37,0,78,0,6,-9,42,73,32,0
56,4,97,0,54,7,40,42,2,0
39,-1,81,5,38,0,42,42,0,0
43,-4,89,0,42,-13,46,48,2,0
37,9,77,0,28,0,39,48,8,0
37,0,79,0,20,-3,42,58,16,0
37,0,83,2,26,0,46,57,12,0
43,0,81,5,42,-3,38,40,2,0
55,0,92,-2,0,3,36,92,56,1
59,0,87,0,60,0,28,28,0,0
47,-2,85,-2,46,-4,38,39,0,0
37,0,94,-3,10,3,57,84,28,0
45,-1,83,-5,44,-7,38,39,2,0
56,0,92,0,0,12,36,92,56,1
55,-1,79,-6,26,-12,23,53,30,1
59,0,86,0,60,17,28,27,0,0
41,0,86,0,38,-17,45,48,2,0
37,0,80,0,20,21,43,59,16,0
45,0,86,0,44,-9,41,42,2,0
53,3,82,0,52,-6,29,30,2,0
37,0,80,0,18,-1,43,62,18,0
79,-2,83,0,-30,0,4,114,110,1
56,0,85,0,56,3,29,28,0,0
48,2,76,0,46,0,28,30,2,0
51,5,78,-1,50,0,27,29,2,0
44,4,79,0,42,-26,35,37,2,0
51,0,102,0,52,13,51,50,0,0
37,0,81,4,36,0,44,44,0,0
81,0,86,3,-24,-11,4,112,108,1
55,0,95,0,50,-23,40,46,6,1
37,0,80,0,34,-7,43,46,2,0
55,0,93,0,2,-20,38,91,52,1
50,-1,107,0,50,0,56,58,2,0
37,0,83,0,30,-4,46,52,6,0
46,3,77,0,46,1,31,31,0,0
37,-1,77,0,-2,-24,40,80,40,0
37,-64,80,0,34,0,43,46,2,1
41,0,83,0,42,4,41,41,0,0
37,0,77,0,-18,-11,40,95,54,0
43,0,81,0,42,-14,38,40,2,0
44,-2,92,0,44,0,48,48,0,0
45,0,88,-29,46,-241,42,41,0,0
56,0,98,0,46,8,42,51,10,1
46,0,87,0,46,6,41,41,0,0
50,-4,77,1,50,0,28,28,0,0
43,0,86,-2,42,-16,43,45,2,0
43,-3,86,0,42,-20,42,44,2,0
43,0,86,0,44,19,42,42,0,0
37,4,78,0,16,2,41,63,22,0
37,0,83,0,28,0,46,54,8,0
56,4,81,0,54,-3,25,27,2,0
45,0,79,0,46,8,33,32,0,0
49,2,88,-1,50,1,39,39,0,0
55,0,79,0,18,-28,23,61,38,1
79,0,84,-1,-40,8,4,125,120,1
56,0,92,0,54,-15,36,38,2,0
37,-2,104,0,20,-30,67,83,16,0
37,-1,75,0,18,-18,38,57,18,0
44,1,89,0,42,-26,45,48,2,0
44,4,93,0,44,16,50,50,0,0
37,0,106,-5,36,0,69,70,2,0
44,-13,82,0,44,0,38,38,0,0
56,0,79,0,56,11,23,22,0,0
56,0,95,-7,42,11,40,54,14,1
37,0,77,0,28,-10,40,48,8,0
52,1,84,0,52,0,33,33,0,0
48,-1,85,0,46,-7,37,39,2,0
37,0,81,0,36,-13,44,45,2,0
55,0,93,0,2,0,38,91,52,1
56,1,81,0,-6,14,25,88,64,1
36,0,81,0,36,0,45,45,0,0
44,-26,88,0,44,0,44,44,0,0
44,0,85,4,44,0,41,41,0,0
46,0,85,0,46,4,39,39,0,0
51,0,89,3,52,7,38,37,0,0
52,3,82,0,52,0,29,30,0,0
52,5,88,0,52,0,37,37,0,0
45,-1,81,-6,44,-12,36,37,2,0
37,0,74,0,30,2,37,43,6,0
53,0,82,0,52,-9,29,30,2,0
57,-1,88,0,56,0,31,31,0,0
41,3,82,0,42,5,41,41,0,0
43,0,89,0,42,-13,46,48,2,0
37,0,83,0,0,13,47,83,36,0
46,0,100,0,44,-13,54,56,2,0
55,-1,86,0,54,-11,31,32,2,0
37,1,80,0,8,11,43,72,30,0
56,0,97,0,50,-29,41,48,6,1
48,4,106,0,46,0,58,60,2,0
46,5,83,0,46,23,37,36,0,0
44,-2,97,5,44,6,53,53,0,0
55,0,95,-7,54,0,40,41,2,0
43,0,81,-6,42,0,38,40,2,0
41,1,83,-1,38,0,42,44,2,0
37,0,92,-2,18,7,55,74,20,0
52,0,83,0,52,-3,30,31,0,0
37,0,80,3,6,-20,43,75,32,0
37,0,107,0,28,-18,70,78,8,0
41,3,84,0,42,13,43,43,0,0
52,1,87,1,52,0,35,35,0,0
55,0,93,3,44,-1,37,49,12,1
51,-1,86,-4,52,-4,35,35,0,0
44,0,81,0,42,-10,38,40,2,0
42,0,88,-6,42,0,46,46,0,0
37,0,104,0,16,-6,67,89,22,0
39,0,83,2,38,0,45,44,0,0
45,5,80,0,44,0,35,36,2,0
37,0,81,0,20,-2,44,60,16,0
47,0,81,-2,46,0,34,34,0,0
48,-2,84,0,46,-3,36,38,2,0
48,5,93,-4,46,0,46,47,2,0
37,0,80,0,34,26,43,46,2,0
38,1,90,0,8,9,52,82,30,0
46,1,78,0,46,10,32,32,0,0
56,0,91,0,2,4,35,88,54,1
41,0,81,0,42,30,41,40,0,0
43,0,83,2,42,-5,39,41,2,0
38,-4,79,0,38,0,41,41,0,0
53,0,77,1,54,13,25,23,0,0
46,0,77,0,46,15,32,31,0,0
44,4,81,8,42,-12,38,40,2,0
37,0,77,3,36,16,41,41,0,0
49,1,88,0,50,6,39,39,0,0
56,-1,78,-3,6,-9,22,73,50,1
41,0,81,0,42,12,39,39,0,0
42,4,81,0,42,0,39,40,2,0
56,4,97,-1,50,-2,40,48,8,1
55,-1,95,0,50,0,40,46,6,1
37,0,79,0,10,-30,43,69,26,0
38,0,92,0,24,3,54,69,14,0
39,0,79,5,38,0,40,41,0,0
58,0,96,-5,56,0,38,39,2,0
56,0,97,6,46,0,41,51,10,1
47,-1,88,0,46,0,42,42,0,0
47,4,88,0,46,0,41,41,0,0
48,3,78,0,46,0,30,32,2,0
37,0,90,-4,36,0,52,53,2,0
41,0,81,-1,38,-5,40,42,2,0
37,0,78,0,30,1,41,47,6,0
41,-4,86,-1,38,-13,45,47,2,0
42,-5,77,0,42,0,35,35,0,0
52,-1,80,0,52,0,27,28,0,0
44,0,81,0,42,-12,37,39,2,0
37,0,95,-1,12,-29,58,82,24,0
43,-1,79,0,42,-18,35,37,2,0
45,-2,86,0,44,-20,40,42,2,0
56,0,92,0,54,4,36,38,2,0
106,0,108,7,70,0,2,38,36,1
44,0,86,0,42,-4,42,44,2,0
41,-2,77,0,38,-30,36,38,2,0
42,-1,77,0,42,0,35,36,2,0
43,0,85,0,44,20,42,41,0,0
45,0,83,0,46,7,37,36,0,0
56,0,76,0,-12,-1,20,89,68,1
56,-2,98,-3,38,-1,42,59,18,1
48,0,81,-4,46,0,33,35,2,0
58,-3,84,0,56,0,26,27,2,0
37,0,95,0,10,0,58,85,28,0
41,1,79,0,42,11,38,38,0,0
37,0,105,0,30,-3,68,74,6,0
52,-1,79,0,52,0,27,27,0,0
39,-2,77,0,38,0,38,39,0,0
45,0,76,0,46,8,31,30,0,0
44,-36,91,0,2,0,47,88,42,1
44,-2,77,0,44,4,33,33,0,0
50,-5,106,0,50,0,57,57,0,0
46,3,81,0,46,0,34,34,0,0
44,0,81,1,44,16,37,37,0,0
55,0,76,0,-14,-1,21,92,70,1
49,2,86,0,50,0,37,37,0,0
37,-1,79,0,24,-6,42,55,14,0
56,0,78,2,8,-27,22,70,48,1
45,0,83,0,44,-17,37,39,2,0
45,0,86,0,44,-22,40,42,2,0
37,0,81,0,20,-3,44,60,16,0
49,2,84,0,50,22,35,35,0,0
37,0,77,5,-12,-16,41,90,50,0
56,0,97,0,52,30,41,46,4,1
45,-44,79,2,0,0,34,79,44,1
55,-4,77,0,26,0,22,52,30,1
49,0,86,0,50,16,38,37,0,0
44,-1,82,0,42,-29,38,41,2,0
81,0,84,0,-20,5,4,105,102,1
56,5,79,0,56,5,23,23,0,0
39,-1,97,0,38,0,58,59,0,0
39,1,76,3,38,0,37,37,0,0
44,3,81,0,44,11,37,37,0,0
46,0,88,0,46,2,42,41,0,0
45,0,89,1,44,0,44,45,0,0
83,0,86,0,-2,21,4,89,86,1
56,3,99,5,46,0,43,52,10,1
76,0,81,-1,-42,-22,5,125,120,1
37,0,77,0,-10,-26,41,88,46,0
49,2,95,0,50,23,47,46,0,0
47,1,85,1,46,0,38,39,0,0
41,2,77,0,42,18,36,36,0,0
45,-3,79,0,46,23,33,32,0,0
37,0,82,0,34,-9,45,48,2,0
39,4,85,0,38,0,46,46,0,0
56,2,81,0,54,-17,25,26,2,0
38,0,93,0,30,5,55,62,8,0
49,0,76,-3,46,-5,27,30,2,0
55,0,78,0,6,-6,23,73,50,1
37,0,95,0,18,0,58,77,18,0
43,0,95,-1,42,-12,52,54,2,0
38,-5,78,0,38,0,40,39,0,0
51,0,82,-1,50,-3,31,33,2,0
46,0,85,-3,46,-3,39,39,0,0
43,-1,77,0,42,-10,34,36,2,0
37,-1,104,0,24,1,67,80,14,0
45,0,86,0,46,28,41,40,0,0
56,0,91,0,0,-8,35,91,56,1
47,-2,81,0,46,0,34,35,0,0
37,0,81,0,10,-25,45,71,26,0
37,0,79,3,10,-8,42,69,26,0
40,0,76,2,38,0,36,37,2,0
44,0,81,0,44,19,37,37,0,0
37,0,104,0,26,4,67,78,12,0
41,0,86,0,38,-10,46,48,2,0
47,5,87,-1,46,0,40,41,0,0
41,0,88,0,42,26,48,47,0,0
52,-4,88,0,52,0,36,36,0,0
46,4,78,0,46,1,32,32,0,0
46,4,93,0,46,3,48,47,0,0
56,0,77,0,-14,26,21,92,72,1
46,0,81,4,46,0,34,34,0,0
55,0,96,0,52,9,41,44,4,1
37,0,90,0,30,12,53,59,6,0
55,1,76,-2,-14,31,21,92,70,1
43,0,88,-2,44,25,45,44,0,0
45,-5,88,0,46,14,43,42,0,0
56,0,78,0,42,-18,22,37,14,1
102,4,103,2,70,-3,1,33,32,1
82,4,86,0,-40,4,4,128,124,1
49,0,95,0,46,-5,47,49,2,0
56,0,77,0,-20,17,21,97,76,1
56,0,96,0,50,-12,40,47,6,1
104,1,106,1,72,7,1,33,32,1
39,-3,81,3,38,0,42,43,0,0
37,0,104,0,36,-19,67,68,2,0
84,0,88,0,-2,-13,3,90,88,1
57,5,86,0,56,0,30,30,0,0
37,0,76,0,36,14,39,40,2,0
55,0,76,-2,-22,-5,21,99,78,1
51,1,102,0,52,7,51,50,0,0
37,0,77,0,8,15,40,69,30,0
37,0,104,-2,18,-6,67,86,20,0
43,-4,83,0,42,-18,39,41,2,0
44,0,87,-6,42,-8,43,46,2,0
55,0,96,-4,50,0,41,47,6,1
55,0,79,0,18,-8,23,61,38,1
45,1,83,0,44,0,39,39,0,0
37,0,76,0,38,29,38,37,0,0
55,-2,87,1,54,0,32,33,0,0
43,0,106,0,44,27,62,62,0,0
50,-2,85,0,50,0,36,36,0,0
37,0,78,0,18,-2,41,60,18,0
37,0,78,0,16,1,41,63,22,0
82,0,86,-2,-40,1,4,128,124,1
37,0,77,0,16,-16,41,62,22,0
55,-1,77,0,26,-14,22,52,30,1
56,2,97,0,54,0,40,42,2,0
56,0,77,0,20,8,22,57,36,1
55,5,77,0,-22,0,21,100,78,1
37,-2,79,0,36,0,42,43,0,0
59,0,84,0,56,-5,25,27,2,0
55,2,95,-2,50,0,41,46,6,1
44,1,79,0,44,1,35,35,0,0
56,0,95,0,42,24,40,54,14,1
40,-3,83,0,38,-1,42,44,2,0
48,-1,80,0,46,-1,32,34,2,0
37,0,104,6,28,0,67,76,8,0
56,0,86,-7,54,-30,30,32,2,0
41,3,81,0,38,-23,39,42,2,0
37,0,76,0,28,15,39,47,8,0
46,5,83,0,44,-23,37,39,2,0
79,1963,88,0,44,0,9,44,34,1
37,0,76,0,36,-29,39,40,2,0
45,0,77,-2,44,-3,32,33,0,0
37,0,75,1,20,-4,38,54,16,0
55,0,87,4,54,0,32,33,0,0
53,3,88,0,54,3,35,34,0,0
37,0,78,0,10,-7,41,68,26,0
37,0,80,0,2,-7,43,77,34,0
44,0,97,2,44,2,53,53,0,0
46,5,81,0,46,16,35,35,0,0
85,0,88,-1,2,-4,3,86,82,1
37,-1,82,-3,36,-26,45,46,2,0
41,1,83,0,42,6,42,42,0,0
41,4,83,5,38,-4,42,44,2,0
45,0,93,0,44,-1,48,50,2,0
51,0,84,0,52,18,33,33,0,0
52,1,81,0,52,0,28,29,0,0
41,1,75,0,42,4,34,34,0,0
51,0,90,0,50,-19,38,41,2,0
37,0,83,1,8,-1,47,75,28,0
37,0,82,0,16,13,45,66,22,0
37,0,76,0,24,11,39,52,14,0
44,5,88,-2,44,9,44,44,0,0
46,0,81,2,46,6,35,34,0,0
46,0,80,0,46,14,34,34,0,0
42,2,79,0,42,0,38,38,0,0
46,0,80,0,46,1,34,34,0,0
42,-4,106,0,42,0,63,64,2,0
46,-3,88,2,46,0,41,41,0,0
49,3,83,0,50,5,34,34,0,0
56,0,95,-4,54,-29,40,41,2,0
61,2,111,0,60,-1,50,52,2,0
37,5,77,0,36,0,40,41,2,0
37,0,76,8,20,0,39,55,16,0
101,0,102,0,72,2,1,29,28,1
48,0,78,0,46,-13,30,32,2,0
56,0,96,0,50,1,40,47,6,1
56,5,81,0,-20,0,25,102,76,1
51,0,90,0,52,14,38,38,0,0
39,5,77,0,38,0,39,39,0,0
45,-2,86,0,44,-16,40,42,2,0
51,0,81,0,52,0,30,30,0,0
37,0,95,0,8,-29,58,87,30,0
45,-1,88,-1,44,12,43,44,2,0
46,1,78,0,46,0,32,32,0,0
37,0,93,-7,12,0,56,81,24,0
39,-4,86,0,38,0,48,48,0,0
37,0,80,0,18,-27,43,62,18,0
39,-5,82,4,38,0,43,43,0,0
44,0,76,0,42,-17,32,34,2,0
37,-1,104,0,16,-26,67,88,22,0
66,3,113,0,64,0,47,48,2,0
56,0,95,5,52,0,40,44,4,1
37,0,93,0,12,19,56,81,24,0
52,0,88,8,52,-2,36,37,0,0
52,0,84,5,52,3,32,32,0,0
37,0,93,1,26,1,55,67,12,0
37,0,78,0,20,-4,41,57,16,0
41,1,78,0,42,2,37,37,0,0
56,0,76,0,-12,8,20,89,68,1
83,-1,86,-3,-4,0,3,92,88,1
56,2,81,8,-4,0,25,86,62,1
48,-4,84,0,46,0,37,38,2,0
37,0,79,0,10,8,42,68,26,0
56,0,96,1,46,0,40,50,10,1
37,0,95,0,24,12,58,72,14,0
52,-2,83,0,52,-1,31,32,0,0
41,0,84,0,42,20,44,43,0,0
37,0,80,-4,34,-2,43,46,2,0
55,0,95,0,50,-5,40,46,6,1
79,0,83,5,-40,14,5,125,120,1
55,2,84,0,54,0,30,30,0,0
44,-3,83,0,44,1,39,39,0,0
49,0,84,0,50,1,35,35,0,0
37,0,79,0,2,15,42,76,34,0
81,0,84,0,-12,30,3,97,94,1
37,0,82,0,18,-3,45,64,18,0
42,-2,86,0,42,0,44,44,0,0
56,0,97,-1,52,11,41,45,4,1
37,0,79,0,6,-5,42,74,32,0
37,0,90,4,36,0,53,54,2,0
37,0,79,0,24,-4,43,56,14,0
48,5,86,0,46,0,38,39,2,0
37,0,79,0,6,-19,43,74,32,0
47,0,84,-6,46,0,37,38,0,0
52,0,79,-1,52,0,28,28,0,0
55,0,82,0,-42,-15,26,126,100,1
46,1,83,0,46,0,37,37,0,0
42,3,79,0,42,0,36,37,2,0
94,-38,107,0,68,-12,13,40,26,1
48,-5,95,0,46,0,47,49,2,0
79,0,83,0,-42,24,4,127,122,1
48,0,83,3,46,0,35,37,2,0
37,0,96,0,16,-27,59,81,22,0
55,0,77,0,26,0,21,51,30,1
51,0,87,-3,52,2,36,35,0,0
37,0,81,1,10,0,45,71,26,0
51,0,77,0,52,14,26,25,0,0
40,0,89,1,38,0,49,50,2,0
37,-4,76,0,38,15,39,37,0,0
56,0,77,0,-20,9,21,97,76,1
37,0,79,1,-6,0,42,86,44,0
45,-5,88,0,44,-18,42,44,2,0
49,0,81,2,46,-11,33,35,2,0
52,0,83,0,54,31,30,28,0,0
45,0,85,0,44,12,41,41,0,0
39,5,86,0,38,0,47,47,0,0
43,0,83,0,42,-10,40,42,2,0
37,0,76,0,26,8,39,50,10,0
49,-1,78,0,46,-24,29,32,2,0
45,0,76,0,44,-20,31,32,2,0
55,0,82,0,54,-2,26,28,2,0
48,-2,77,0,46,-2,29,31,2,0
44,4,77,0,44,22,34,34,0,0
50,0,106,1,50,0,56,57,0,0
37,2,76,0,20,0,39,55,16,0
37,-1,91,0,6,0,53,86,32,0
41,0,81,0,42,29,41,40,0,0
37,0,76,0,30,5,39,45,6,0
52,-4,86,0,52,-1,33,34,0,0
56,0,85,0,56,12,29,28,0,0
37,-4,77,0,20,0,41,57,16,0
37,-4,76,0,28,0,39,47,8,0
43,0,85,0,42,-18,42,44,2,0
37,0,104,0,18,15,67,86,18,0
41,0,76,0,42,12,35,34,0,0
45,0,88,-1,46,-7,42,41,0,0
56,0,77,0,0,14,21,77,56,1
56,0,76,0,-4,58,20,81,62,1
56,0,95,0,42,-5,40,54,14,1
41,0,100,0,42,11,59,59,0,0
37,0,79,7,16,14,42,63,22,0
41,0,86,0,42,9,46,45,0,0
37,0,76,0,30,-12,39,45,6,0
56,-1,98,5,46,-14,42,51,10,1
45,-4,81,0,46,1,35,34,0,0
55,0,96,0,52,27,41,44,4,1
103,-4,104,0,72,12,1,32,30,1
46,0,89,2,44,-22,43,45,2,0
55,0,81,0,56,25,25,24,0,0
46,0,88,1,46,5,42,41,0,0
46,0,81,0,46,13,35,35,0,0
51,0,86,0,50,-7,35,37,2,0
56,0,76,0,-6,31,20,84,64,1
46,5,82,-2,46,0,36,35,0,0
50,-1,87,1,50,0,37,38,0,0
37,0,79,0,36,7,43,43,0,0
53,0,81,0,52,-29,28,30,2,0
56,1,81,0,54,-18,25,26,2,0
37,0,81,6,-2,0,44,84,40,0
56,0,83,0,56,0,26,26,0,0
55,0,96,0,42,-10,41,55,14,1
50,0,108,7,50,0,58,58,0,0
49,0,86,0,50,22,38,37,0,0
45,1,85,6,44,0,40,41,2,0
37,0,75,0,28,18,38,46,8,0
37,0,80,0,38,13,43,41,0,0
37,0,76,1,26,8,39,50,12,0
47,0,87,-1,46,-2,40,41,0,0
41,0,89,-2,38,-14,48,50,2,0
47,0,95,-6,46,0,48,48,0,0
42,1,77,-1,42,0,35,35,0,0
37,0,106,0,34,-6,69,72,4,0
45,0,83,0,46,19,37,36,0,0
55,0,92,0,10,9,37,82,46,1
37,0,80,0,6,-11,43,75,32,0
56,0,97,7,50,-3,41,48,6,1
44,1,85,6,42,-19,41,44,2,0
49,0,106,-2,46,-17,57,59,2,0
46,-1,77,-3,44,-36,32,34,2,0
37,0,75,-6,24,0,38,52,14,0
43,5,96,0,42,0,53,55,2,0
44,1,83,0,44,17,39,39,0,0
45,-2,79,0,46,25,34,33,0,0
55,0,90,0,54,-3,34,35,2,0
45,-3,85,0,44,0,40,41,2,0
53,0,81,0,54,61,27,26,0,0
37,0,76,-1,30,-3,39,45,6,0
46,1,88,3,46,18,42,41,0,0
54,1,91,0,54,0,37,37,0,0
46,-1,86,0,46,0,40,40,0,0
51,-1,83,0,50,-1,32,34,2,0
55,0,78,-1,0,0,23,78,56,1
45,-1,76,0,44,-21,31,32,2,0
56,0,77,0,-18,-9,21,95,74,1
46,-1,84,-1,46,-1,38,38,0,0
56,-3,97,0,44,-24,41,53,12,1
37,0,75,0,30,17,38,44,6,0
37,0,90,0,30,-11,53,59,6,0
37,0,77,1,36,9,40,41,0,0
39,-1,76,0,38,0,36,37,0,0
41,3,83,1,38,-6,42,44,2,0
48,0,90,0,46,0,41,43,2,0
55,0,79,0,12,5,23,66,42,1
37,0,80,0,34,7,43,46,2,0
49,1,86,0,46,-17,38,40,2,0
44,0,86,0,44,19,42,42,0,0
41,0,81,0,42,3,40,40,0,0
37,0,105,1,20,-6,68,84,16,0
41,0,78,3,38,-19,37,39,2,0
37,0,82,0,34,29,45,48,2,0
37,0,80,0,36,6,43,44,2,0
37,-1,106,0,34,-15,68,72,4,0
56,0,78,0,8,-17,22,70,48,1
85,-1,89,0,2,-1,4,86,82,1
58,1,83,0,56,0,26,26,0,0
51,0,84,2,50,-22,33,35,2,0
45,-5,77,0,44,0,32,33,2,0
44,0,85,0,44,19,41,41,0,0
37,0,80,0,30,-14,43,49,6,0
41,0,83,0,42,25,42,41,0,0
37,-1,107,-8,26,0,70,81,12,0
37,0,78,0,8,6,41,70,30,0
55,4,74,-16,-2,5,19,76,58,1
39,0,79,5,38,0,41,41,0,0
45,0,79,1,46,22,34,33,0,0
56,0,77,0,-6,18,21,85,64,1
37,0,82,0,-4,-11,45,87,42,0
44,5,84,-3,42,-10,41,43,2,0
55,-2,96,0,52,-7,41,44,4,1
45,-1,83,-1,44,-2,38,39,0,0
57,92,80,0,34,0,23,46,24,1
46,0,84,-1,46,14,39,38,0,0
49,0,86,0,50,32,37,37,0,0
56,0,95,8,52,0,40,44,4,1
56,0,96,0,54,-18,40,42,2,0
37,0,81,6,28,0,45,53,8,0
49,1,77,0,46,-6,29,31,2,0
43,-2,81,-3,42,-5,37,39,2,0
57,0,83,-1,56,0,26,26,0,0
51,0,88,4,52,6,36,36,0,0
107,1,108,1,72,10,1,36,34,1
49,0,77,0,50,2,28,28,0,0
43,0,79,0,44,18,36,35,0,0
78,4,83,5,-42,-17,4,126,122,1
56,4,95,0,46,4,39,49,10,1
56,0,97,0,46,25,41,51,10,1
37,0,77,0,-20,-24,41,98,58,0
55,0,77,0,18,-13,22,59,38,1
37,0,78,0,16,13,42,63,22,0
55,0,99,0,50,13,43,49,6,1
45,-1,77,-3,44,-5,32,33,0,0
49,5,87,0,50,4,38,38,0,0
56,0,98,0,50,-27,42,49,6,1
43,0,76,0,44,28,33,32,0,0
55,-5,79,0,26,0,23,53,30,1
37,0,76,0,26,-24,40,50,10,0
43,0,79,3,42,-8,35,37,2,0
37,0,106,0,34,-24,69,72,4,0
37,0,79,0,12,24,42,66,24,0
39,-1,80,-1,38,0,41,41,0,0
37,0,83,0,16,4,46,67,22,0
55,-3,99,0,50,1,43,49,6,1
37,0,78,0,2,16,41,75,34,0
55,0,91,-3,-4,6,35,96,60,1
43,0,87,0,44,15,44,43,0,0
37,0,81,4,-2,0,44,84,40,0
51,5,78,0,50,-8,27,29,2,0
37,0,79,-1,0,0,42,79,36,0
41,0,77,0,42,5,36,36,0,0
55,1,95,-3,50,0,40,46,6,1
54,0,88,5,54,0,34,33,0,0
37,-66,77,0,20,0,40,57,16,1
46,0,81,0,44,-29,35,37,2,0
43,0,88,0,44,18,44,44,0,0
49,0,83,-3,46,-13,34,37,2,0
42,3,80,-1,42,0,38,39,2,0
53,0,79,0,52,-4,26,27,2,0
39,-3,83,4,38,0,44,44,0,0
37,0,76,0,26,11,39,50,12,0
37,0,76,0,20,-15,39,55,16,0
88,-39,107,0,64,-11,19,42,24,1
49,-1,84,0,46,-28,36,38,2,0
58,4,82,3,56,0,24,25,0,0
46,0,86,1,46,7,40,39,0,0
37,0,106,-2,30,0,69,75,6,0
38,0,86,0,38,8,48,47,0,0
43,5,78,-1,42,0,35,37,2,0
55,0,79,0,12,-1,23,66,42,1
58,5,84,0,56,0,26,27,2,0
52,3,81,1,52,0,29,30,0,0
55,0,95,0,36,-30,40,59,20,1
77,-1,81,0,-40,0,4,123,118,1
59,0,86,0,60,24,28,27,0,0
39,1,83,-1,38,0,44,44,0,0
55,-3,85,0,54,0,31,31,0,0
37,0,78,0,-4,2,41,83,42,0
45,0,76,0,44,-2,31,32,2,0
55,0,76,-2,-12,-13,21,89,68,1
37,2,106,-1,36,0,69,70,0,0
55,0,77,0,54,0,22,23,0,0
38,0,86,0,36,-19,48,50,2,0
52,-3,84,0,52,0,32,32,0,0
55,0,96,7,44,0,41,52,12,1
56,5,98,4,50,9,42,49,6,1
55,0,92,-3,46,0,36,45,8,1
37,0,94,0,10,16,57,84,28,0
54,1,81,-2,54,0,26,26,0,0
56,0,97,1,54,0,40,42,2,0
46,1,87,1,46,0,41,41,0,0
55,0,78,0,44,0,23,34,12,1
56,0,77,0,-10,18,21,87,66,1
37,0,79,0,12,-8,43,66,24,0
45,-3,77,0,46,21,31,30,0,0
42,-5,106,0,42,0,64,64,0,0
42,0,78,-18,42,0,36,37,2,0
56,0,86,0,56,23,31,30,0,0
42,4,107,5,42,0,65,66,0,0
45,0,86,-1,46,23,40,39,0,0
48,0,95,0,46,-1,47,49,2,0
38,1,93,0,28,1,55,64,10,0
56,0,86,0,54,-12,30,32,2,0
40,-2,76,-2,38,0,36,37,2,0
37,2,77,0,28,0,40,48,8,0
43,0,82,0,44,24,39,38,0,0
44,-1,81,-1,42,-30,37,39,2,0
43,0,88,-7,42,0,45,47,2,0
43,-2,86,0,44,10,42,42,0,0
37,0,77,0,34,-23,40,43,2,0
37,0,78,0,-6,-3,41,86,44,0
55,0,79,0,18,-12,23,61,38,1
53,-3,85,0,52,-27,32,33,2,0
47,0,108,5,46,0,61,62,0,0
56,0,76,0,-12,9,20,89,68,1
37,0,77,0,16,6,40,61,22,0
51,1,77,0,50,0,26,28,2,0
55,0,95,0,44,-17,40,51,12,1
55,0,82,2,-10,0,26,92,66,1
54,6,79,0,42,0,25,37,12,1
41,1,75,0,42,8,34,34,0,0
42,1,82,0,42,0,39,41,2,0
37,0,77,0,-6,0,41,85,44,0
43,0,79,7,42,0,36,38,2,0
44,0,87,0,44,11,43,43,0,0
37,0,81,0,24,-5,45,58,14,0
43,-5,86,0,44,16,43,42,0,0
37,-1,80,-1,36,0,43,44,0,0
55,0,82,0,-36,-17,26,118,92,1
41,-2,83,0,42,1,42,42,0,0
43,0,80,-2,42,-2,37,39,2,0
55,0,96,2,42,-3,41,55,14,1
55,-2,79,0,54,-3,23,24,2,0
43,0,81,4,44,22,37,37,0,0
56,0,96,-2,50,-5,40,47,6,1
37,0,96,0,18,0,59,78,18,0
105,0,106,-1,70,-1,1,36,36,1
55,0,79,0,16,-9,23,63,40,1
37,0,94,0,16,15,57,79,22,0
37,-5,104,0,38,0,67,66,0,0
56,-3,86,0,56,3,31,30,0,0
56,-1,98,0,46,0,42,51,10,1
37,0,77,0,38,9,39,38,0,0
106,0,108,3,70,0,2,38,36,1
47,-2,78,-1,46,0,31,32,0,0
56,4,78,0,16,-2,22,63,40,1
37,0,104,-5,24,0,67,81,14,0
56,0,79,0,16,29,23,63,40,1
37,-1,75,0,36,-13,37,39,2,0
107,-5,108,-3,72,4,1,36,34,1
45,0,85,3,46,19,40,39,0,0
37,0,80,0,24,-14,43,57,14,0
49,0,84,-1,50,18,36,35,0,0
56,0,92,0,54,-2,36,38,2,0
37,0,80,2,34,0,43,46,2,0
51,0,81,0,50,-27,29,32,2,0
49,0,83,0,50,13,34,34,0,0
56,0,81,0,-14,2,25,97,72,1
37,0,75,0,34,10,38,41,4,0
37,0,78,0,-2,-27,42,81,40,0
43,0,84,-1,42,-4,41,43,2,0
45,0,81,0,46,16,36,35,0,0
37,0,74,0,34,1,37,41,4,0
56,0,97,-3,52,0,41,45,4,1
81,-3,85,0,-40,4,4,126,122,1
37,0,79,0,8,11,42,71,28,0
55,0,77,0,-28,-9,22,106,84,1
53,-1,81,0,54,1,28,26,0,0
44,-2,77,0,44,1,34,34,0,0
49,2,95,-4,50,0,46,46,0,0
56,0,78,-4,6,0,22,73,50,1
40,0,86,0,38,-5,46,48,2,0
43,0,87,0,42,-19,44,46,2,0
44,5,86,0,44,14,43,42,0,0
53,5,80,0,52,0,27,28,2,0
80,0,84,3,-24,6,4,110,106,1
38,2,105,0,38,22,67,66,0,0
85,0,88,-1,2,-3,3,86,82,1
37,0,107,-5,36,0,69,71,2,0
102,0,102,-5,70,-3,1,33,32,1
55,0,77,0,-28,-26,22,106,84,1
55,8,95,0,50,0,41,46,6,1
56,1,77,0,10,8,22,67,46,1
47,5,77,0,46,0,30,31,0,0
44,0,80,0,44,9,36,36,0,0
56,0,97,1,44,-3,41,53,12,1
56,0,108,1,54,-12,52,53,2,0
46,5,79,0,46,19,33,32,0,0
37,0,77,0,8,28,40,69,30,0
49,0,90,0,50,10,42,41,0,0
37,0,82,-1,38,11,45,43,0,0
46,2,86,0,46,10,41,40,0,0
46,0,86,0,46,7,41,40,0,0
48,-2,81,-1,46,0,33,34,2,0
55,0,93,0,54,2,38,39,0,0
43,2,102,0,42,0,60,61,2,0
39,0,93,2,34,1,55,60,6,0
44,0,81,0,42,-27,38,40,2,0
37,1,81,0,36,-5,43,44,2,0
46,0,78,-5,46,0,32,32,0,0
45,0,86,3,46,12,41,40,0,0
56,0,77,0,18,0,22,59,38,1
46,1,86,4,46,-1,40,39,0,0
45,0,79,-2,44,-11,33,35,2,0
52,-5,87,0,52,-2,35,35,0,0
101,0,102,0,70,-15,1,32,32,1
56,0,86,0,54,-30,29,32,2,0
56,0,77,0,18,15,22,59,38,1
44,0,87,0,42,-17,43,46,2,0
55,0,95,-6,50,0,40,46,6,1
46,0,88,1,44,-20,43,44,2,0
42,0,79,-1,42,-2,37,37,0,0
56,-2,96,-3,52,0,40,44,4,1
46,0,90,0,46,-1,43,43,0,0
37,0,77,0,34,-4,40,43,2,0
45,-1,109,0,44,0,65,66,0,0
39,0,81,1,38,0,41,42,0,0
37,0,106,5,30,-31,69,75,6,0
55,0,95,0,42,-10,40,54,14,1
45,0,79,0,44,0,33,35,2,0
42,-5,86,0,42,0,45,45,0,0
40,0,81,0,38,0,41,42,2,0
37,0,80,0,36,4,43,44,2,0
56,0,97,3,50,-11,41,48,6,1
51,0,77,0,52,10,26,25,0,0
56,0,96,0,52,-10,40,44,4,1
85,0,89,1,6,20,4,84,80,1
56,1,81,0,-6,0,25,88,64,1
41,1,76,0,38,-25,35,37,2,0
45,0,79,-7,44,-23,33,35,2,0
37,0,76,-6,34,1,39,42,2,0
42,0,77,8,42,0,34,35,2,0
50,-1,106,0,50,0,56,57,0,0
49,0,85,2,50,0,36,36,0,0
46,0,81,0,44,-27,35,37,2,0
37,0,97,6,36,0,59,60,2,0
49,1,85,0,50,22,36,36,0,0
45,-1,82,0,44,-19,37,38,2,0
56,0,81,0,-6,-5,25,88,64,1
46,0,83,2,46,0,37,37,0,0
56,0,95,0,54,14,39,41,2,0
37,0,96,3,24,0,59,73,14,0
49,0,78,0,50,29,29,29,0,0
54,-1,81,-1,54,0,28,27,0,0
55,-3,98,0,44,-24,42,54,12,1
46,5,79,0,46,15,33,32,0,0
102,0,104,5,70,-2,2,34,32,1
47,-5,79,-7,46,0,32,32,0,0
39,-2,86,0,38,0,47,48,0,0
56,0,98,0,44,-2,42,54,12,1
45,0,83,-1,44,-13,37,39,2,0
39,-1,76,-2,38,-4,36,37,0,0
37,0,76,1,26,10,39,50,12,0
41,-5,81,0,42,8,40,39,0,0
55,0,98,0,52,-20,42,46,4,1
37,0,83,0,34,4,46,50,4,0
43,0,75,0,42,-9,32,34,2,0
42,0,80,0,42,-1,38,39,0,0
52,0,86,0,54,27,33,32,0,0
59,0,86,-1,56,-11,28,30,2,0
37,0,92,0,12,0,54,79,24,0
43,-4,83,0,42,-1,40,41,2,0
37,0,77,0,30,26,40,46,6,0
37,1,79,-4,36,-6,42,43,2,0
37,0,93,0,8,-2,55,85,30,0
44,1,86,1,44,1,42,42,0,0
42,1,88,0,42,0,46,47,2,0
38,-1,83,0,38,5,45,44,0,0
56,0,77,0,24,2,22,54,32,1
45,0,88,1,44,2,43,44,2,0
46,-4,88,0,46,0,41,41,0,0
49,1,84,0,46,-5,35,37,2,0
46,0,86,0,46,10,41,40,0,0
55,0,93,0,10,-22,37,82,46,1
48,-2,110,0,46,-2,62,64,2,0
56,1,86,0,56,12,30,29,0,0
56,4,98,0,46,3,42,51,10,1
41,4,81,0,42,2,39,39,0,0
55,0,79,0,16,3,23,63,40,1
49,0,95,0,46,-3,47,49,2,0
37,-1,79,7,16,0,42,63,22,0
44,0,82,3,44,0,38,38,0,0
56,0,97,0,54,10,41,43,2,0
41,0,79,2,42,2,38,38,0,0
44,0,82,0,44,7,38,38,0,0
56,0,82,0,54,-6,26,28,2,0
47,-3,83,-1,46,-1,36,37,0,0
106,3,108,2,72,5,1,35,34,1
44,0,89,0,42,-26,45,48,2,0
55,-1,98,0,50,-11,42,49,6,1
52,3,84,0,52,0,32,33,0,0
37,0,76,0,20,-30,40,55,16,0
37,0,98,-1,30,3,61,67,6,0
46,0,83,-6,46,6,37,36,0,0
37,0,77,0,18,2,40,59,18,0
40,1,76,1,38,0,35,37,2,0
56,0,83,0,56,5,26,26,0,0
37,0,105,1,30,-10,68,74,6,0
56,0,95,1,46,-6,40,49,10,1
37,0,75,0,18,-27,38,57,18,0
56,-1,97,-7,46,0,41,50,10,1
37,0,76,0,38,3,38,37,0,0
41,0,89,0,38,-6,48,50,2,0
44,1,77,7,44,0,33,34,0,0
44,2,79,-3,44,1,35,35,0,0
37,0,80,-1,8,0,43,72,28,0
45,0,82,0,44,-12,37,38,2,0
49,0,77,0,50,19,28,28,0,0
37,0,76,1,28,-4,39,47,8,0
44,4,83,0,42,-22,39,41,2,0
43,-4,86,0,42,-9,43,45,2,0
51,0,107,-1,50,0,56,58,2,0
46,0,85,2,46,7,39,39,0,0
46,4,87,7,46,7,41,41,0,0
38,4,76,0,38,8,38,37,0,0
41,0,84,0,42,2,43,43,0,0
55,0,95,0,38,-8,40,57,16,1
45,0,80,0,44,-12,35,36,2,0
40,-3,80,2,38,0,40,41,2,0
56,0,95,0,54,-13,40,41,2,0
53,-3,87,0,54,3,34,33,0,0
78,0,83,8,-46,0,4,129,124,1
48,-5,76,-1,46,-7,28,30,2,0
48,-1,86,0,46,-6,38,40,2,0
37,0,99,0,30,9,61,68,6,0
37,0,82,0,20,22,45,61,16,0
56,0,79,-3,6,-9,24,74,50,1
81,0,85,2,-12,0,4,98,94,1
38,0,81,0,38,4,43,42,0,0
37,0,76,-2,38,14,39,37,0,0
37,0,97,0,36,-2,60,61,2,0
37,0,104,0,20,5,67,84,16,0
41,1,108,0,38,0,67,69,2,0
55,-5,79,-13,-2,0,24,81,58,1
37,0,77,0,18,-25,40,59,18,0
82,-2,86,-1,-40,0,5,128,124,1
55,-4,81,0,54,0,25,26,2,0
46,0,83,0,44,-24,37,39,2,0
66,3,113,0,68,13,46,45,0,0
45,0,86,0,44,-4,40,42,2,0
44,0,100,0,44,0,56,56,0,0
46,0,77,2,46,0,31,30,0,0
37,0,76,0,38,23,38,37,0,0
84,2,86,-2,-4,0,3,92,88,1
37,-4,77,-5,38,7,39,38,0,0
42,0,79,0,42,-1,37,37,0,0
37,0,76,-1,28,-23,39,47,8,0
46,1,87,0,44,-21,41,43,2,0
40,4,85,-1,38,0,45,46,2,0
42,5,86,0,42,1,45,45,0,0
42,5,76,0,42,0,33,34,2,0
56,0,92,0,50,9,36,43,6,1
39,1,97,0,38,0,58,59,0,0
38,0,86,0,38,11,48,47,0,0
55,0,77,2,-20,0,21,97,76,1
37,0,76,4,26,-1,39,50,10,0
41,11,78,0,42,31,37,37,0,0
51,-4,84,0,52,0,33,32,0,0
41,0,79,-1,38,-1,39,41,2,0
56,0,95,0,54,-3,40,41,2,0
44,0,85,-2,42,-27,41,44,2,0
45,-1,93,0,44,0,49,50,0,0
49,0,86,0,46,-7,37,39,2,0
82,0,86,0,-10,7,3,96,92,1
43,1,76,0,42,-1,33,35,2,0
37,0,80,1,20,0,43,59,16,0
37,0,95,0,8,-19,58,87,30,0
80,-1,84,-2,-40,4,4,125,122,1
37,0,76,-4,28,-10,39,47,8,0
37,0,80,0,34,-19,43,46,4,0
46,0,88,0,44,-24,43,44,2,0
37,0,101,0,28,-3,64,73,8,0
55,0,77,0,10,-27,22,67,46,1
38,0,83,-1,38,0,44,44,0,0
55,0,77,0,2,-9,22,75,52,1
37,0,75,-2,30,0,38,44,6,0
37,0,77,0,2,-28,40,74,34,0
38,-2,83,0,38,6,45,44,0,0
85,0,88,-4,2,0,3,85,82,1
51,0,80,0,52,17,29,28,0,0
72,6,76,3,-42,-4,4,119,116,1
42,0,75,0,42,0,33,34,0,0
53,0,87,1,52,-6,34,35,2,0
55,0,96,-1,52,23,41,44,4,1
38,0,79,0,38,0,41,41,0,0
102,-1,103,0,72,21,1,31,30,1
39,-1,79,-3,38,-5,41,41,0,0
38,5,77,0,38,0,39,39,0,0
50,2,81,0,50,0,30,32,2,0
38,0,82,0,36,-21,44,46,2,0
37,0,99,-2,28,0,61,70,8,0
43,3,88,0,42,0,44,46,2,0
37,0,76,-7,36,0,39,39,0,0
42,-4,83,0,42,0,41,41,0,0
47,-3,89,0,46,0,42,42,0,0
48,0,82,-1,46,0,34,35,2,0
44,4,86,3,42,-6,42,44,2,0
40,-1,89,0,38,0,49,50,2,0
44,0,83,0,44,17,40,39,0,0
49,0,107,0,50,2,58,58,0,0
44,0,81,-1,42,-30,37,39,2,0
41,0,83,0,42,6,42,42,0,0
37,0,76,0,28,-5,40,48,8,0
37,0,79,0,28,3,43,51,8,0
54,-4,81,0,54,0,28,27,0,0
37,0,104,0,26,22,66,78,12,0
68,0,111,-6,68,0,43,44,0,0
42,3,81,0,42,0,40,40,0,0
37,0,77,0,26,0,40,51,10,0
49,0,81,0,50,13,32,32,0,0
47,3,82,-1,46,0,34,35,0,0
56,0,108,0,54,-3,52,53,2,0
49,1,81,0,46,-16,33,35,2,0
45,-2,81,0,44,0,36,37,2,0
43,0,76,0,44,19,33,32,0,0
37,0,78,0,6,6,41,73,32,0
53,0,88,6,52,-5,35,36,2,0
50,0,87,-1,50,0,37,38,0,0
37,0,76,26,24,0,39,53,14,0
51,-5,84,0,50,-5,34,35,2,0
54,1,87,0,54,0,33,33,0,0
41,3,76,0,42,7,34,34,0,0
46,5,86,0,46,3,41,40,0,0
37,0,77,0,6,-2,40,72,32,0
54,0,104,0,54,0,50,49,0,0
51,0,81,0,52,5,29,29,0,0
46,-4,86,-3,46,0,41,40,0,0
44,1,77,0,42,-28,34,36,2,0
49,3,77,0,50,4,28,28,0,0
44,1,88,0,44,8,45,44,0,0
38,0,92,0,12,2,54,79,24,0
41,0,80,5,42,0,39,39,0,0
37,0,76,1,34,0,39,43,4,0
48,0,89,1,46,0,41,42,2,0
37,0,108,-4,36,0,72,72,0,0
37,0,82,0,36,7,45,46,2,0
51,0,84,0,50,-13,34,35,2,0
45,2,80,0,44,-5,35,36,2,0
38,0,81,0,36,-29,43,45,2,0
44,0,83,0,44,21,39,39,0,0
37,0,81,-5,30,0,45,50,6,0
46,1,76,0,44,-25,30,32,2,0
38,5,81,0,38,1,42,42,0,0
37,-5,76,0,20,0,40,55,16,0
37,0,78,0,-4,8,41,83,42,0
37,0,83,8,10,18,47,73,26,0
39,1,75,0,38,0,36,36,0,0
51,0,86,-1,52,11,35,35,0,0
45,0,79,6,46,3,33,32,0,0
53,0,85,0,52,-21,32,33,2,0
37,0,103,0,20,24,66,82,16,0
68,0,110,-7,68,0,42,43,0,0
43,0,82,-7,42,-7,39,41,2,0
37,-4,80,0,20,2,43,59,16,0
46,0,86,0,44,-17,41,42,2,0
49,2,106,0,50,4,56,57,0,0
37,0,80,0,36,8,43,44,2,0
37,0,79,0,10,31,42,68,26,0
37,0,104,1,26,11,67,78,12,0
54,1,81,-5,54,0,27,26,0,0
37,0,80,0,38,30,43,41,0,0
37,0,78,-1,2,-3,41,75,34,0
39,-3,107,0,38,0,68,68,0,0
44,1,85,0,44,4,41,41,0,0
45,0,83,2,46,18,37,36,0,0
45,-5,106,0,44,0,62,62,0,0
37,0,109,0,36,-8,71,73,2,0
37,0,76,111,20,0,40,55,16,0
48,0,78,0,50,22,30,29,0,0
39,1,81,-4,38,0,41,42,0,0
37,0,81,2,36,-1,43,44,2,0
41,3,86,0,42,13,45,45,0,0
52,0,81,-5,52,0,29,30,0,0
44,0,83,-4,44,1,39,39,0,0
53,4,83,0,52,-7,30,31,2,0
56,0,83,0,56,8,27,26,0,0
45,1,76,0,44,-2,31,32,2,0
45,5,108,0,46,27,62,61,0,0
43,0,79,4,42,0,35,37,2,0
37,0,96,0,38,31,59,57,0,0
37,0,79,-5,34,0,42,46,4,0
55,0,93,3,54,0,37,39,2,0
53,0,88,5,54,1,34,33,0,0
64,0,110,0,64,0,46,46,0,0
40,0,84,-7,38,0,45,46,2,0
43,4,79,0,42,0,37,38,2,0
48,0,78,0,50,31,30,29,0,0
42,5,76,0,42,1,34,34,0,0
53,0,80,0,52,-30,27,28,2,0
49,-2,77,-2,46,-21,29,31,2,0
47,0,90,4,46,0,43,43,0,0
37,0,77,-3,34,0,40,43,2,0
37,1,108,0,36,0,71,72,0,0
37,-1,100,0,28,0,63,71,8,0
49,-2,85,0,46,-27,36,39,2,0
53,0,83,0,52,-10,30,32,2,0
46,2,86,0,46,3,40,39,0,0
44,4,80,0,44,13,36,36,0,0
43,0,89,0,44,22,46,45,0,0
54,-4,90,-2,54,-3,36,36,0,0
41,0,106,0,42,16,64,64,0,0
37,0,77,-1,36,-41,41,41,0,0
55,0,96,-1,54,-2,41,42,2,0
56,1,91,0,56,12,35,34,0,0
37,0,79,0,16,-1,43,64,22,0
50,1,77,0,50,0,27,28,0,0
37,0,81,0,8,-24,44,73,28,0
53,4,83,0,54,2,29,28,0,0
51,0,88,8,52,6,36,36,0,0
47,-1,79,3,46,0,32,32,0,0
37,-1,80,0,18,0,43,62,18,0
39,5,79,0,38,0,40,40,0,0
38,1,83,0,38,13,45,44,0,0
46,3,78,0,46,5,32,32,0,0
49,0,95,0,50,6,47,46,0,0
46,0,88,1,46,3,41,41,0,0
59,0,86,0,56,-2,27,29,2,0
37,0,83,0,34,-2,46,49,2,0
51,0,81,-4,52,2,30,30,0,0
44,5,79,0,44,13,35,35,0,0
37,-2,81,0,38,10,43,42,0,0
44,0,86,-3,44,0,43,42,0,0
37,0,80,0,20,-16,43,59,16,0
43,0,86,0,44,22,43,42,0,0
51,-3,102,0,52,0,51,50,0,0
56,0,108,6,54,-16,52,53,2,0
55,-1,82,0,54,-8,26,28,2,0
