6,0,2,1,0,3,0,1,1,1,1,1,0,2,2,0,0,0,1,0,3,1,1,1,0,0,0,0,4,0,0,0,0,0,0,diaporthe-stem-canker
4,0,2,1,0,2,0,2,0,2,1,1,0,2,2,0,0,0,1,0,3,1,1,1,0,0,0,0,4,0,0,0,0,0,0,diaporthe-stem-canker
4,0,0,1,0,2,2,1,0,1,1,1,0,2,2,0,0,0,1,0,0,3,0,0,0,2,1,0,4,0,0,0,0,0,0,charcoal-rot
3,0,0,2,0,2,2,1,0,2,1,1,0,2,2,0,0,0,1,0,0,3,0,0,0,2,1,0,4,0,0,0,0,0,0,charcoal-rot
5,0,0,2,1,2,2,1,0,2,1,1,0,2,2,0,0,0,1,0,0,3,0,0,0,2,1,0,4,0,0,0,0,0,0,charcoal-rot
1,1,2,0,0,1,1,2,0,2,1,0,0,2,2,0,0,0,1,0,1,1,0,1,0,0,0,3,4,0,0,0,0,0,0,rhizoctonia-root-rot
2,1,2,0,0,1,1,2,0,2,1,0,0,2,2,0,0,0,1,0,1,1,0,1,0,0,0,3,4,0,0,0,0,0,0,rhizoctonia-root-rot
2,1,2,2,?,3,1,?,?,?,1,1,0,2,2,0,0,0,1,?,2,2,?,0,0,0,0,?,?,?,?,?,?,?,1,phytophthora-rot
3,1,1,1,?,0,1,?,?,?,1,1,0,2,2,0,0,0,1,?,3,2,?,0,0,0,0,?,?,?,?,?,?,?,1,phytophthora-rot
2,1,2,0,0,1,1,2,0,0,1,1,0,2,2,0,0,0,1,0,1,2,0,0,0,0,0,3,4,0,0,0,0,0,0,phytophthora-rot
3,1,1,1,?,1,1,?,?,?,1,1,0,2,2,0,0,0,1,?,3,2,?,0,0,0,0,?,?,?,?,?,?,?,1,phytophthora-rot
2,1,2,2,?,1,1,?,?,?,1,1,?,?,?,?,?,?,1,?,1,2,?,0,0,0,0,?,?,?,?,?,?,?,1,phytophthora-rot
1,1,2,0,0,0,1,2,1,0,1,1,0,2,2,0,0,0,1,0,2,2,0,0,0,0,0,3,4,0,0,0,0,0,0,phytophthora-rot
3,1,2,1,?,2,1,?,?,?,1,1,?,?,?,?,?,?,1,?,2,2,?,0,0,0,0,?,?,?,?,?,?,?,1,phytophthora-rot
3,1,2,1,?,3,1,?,?,?,1,1,?,?,?,?,?,?,1,?,3,2,?,0,0,0,0,?,?,?,?,?,?,?,1,phytophthora-rot
3,1,1,0,0,2,1,2,1,2,1,1,0,2,2,0,0,0,1,0,2,2,0,0,0,0,0,3,4,0,0,0,0,0,0,phytophthora-rot
3,1,2,2,?,2,1,?,?,?,1,1,?,?,?,?,?,?,1,?,3,2,?,0,0,0,0,?,?,?,?,?,?,?,1,phytophthora-rot
4,0,0,1,0,3,3,1,1,0,0,1,0,2,2,0,0,0,1,0,0,0,0,0,0,1,0,0,0,0,0,0,0,0,0,brown-stem-rot
4,0,0,1,0,3,2,1,0,2,0,1,0,2,2,0,0,0,1,0,0,0,0,0,0,1,0,0,0,0,0,0,0,0,0,brown-stem-rot
4,0,0,1,0,1,2,1,1,2,0,1,0,2,2,0,0,0,1,0,0,0,0,0,0,1,0,0,0,0,0,0,0,0,0,brown-stem-rot
4,0,0,1,0,1,2,1,0,0,0,1,0,2,2,0,0,0,1,0,0,0,0,0,0,1,0,0,0,0,0,0,0,0,0,brown-stem-rot
3,0,0,1,0,3,2,1,0,0,0,1,0,2,2,0,0,0,1,0,0,0,0,0,0,1,0,0,0,0,0,0,0,0,0,brown-stem-rot
6,1,0,1,0,1,1,1,1,2,0,1,0,2,2,0,0,1,0,0,0,0,0,0,0,0,0,0,0,0,0,0,0,0,0,powdery-mildew
5,1,0,1,0,1,1,1,0,1,0,1,0,2,2,0,0,1,0,0,0,0,0,0,0,0,0,0,0,0,0,0,0,0,0,powdery-mildew
1,1,0,1,0,1,1,1,2,0,0,1,0,2,2,0,0,1,0,0,0,0,0,0,0,0,0,0,0,0,0,0,0,0,0,powdery-mildew
4,1,2,0,0,1,2,1,0,1,0,1,2,0,1,0,0,2,0,0,0,0,0,0,0,0,0,0,0,1,1,0,0,0,0,downy-mildew
5,1,2,1,0,3,2,1,0,1,0,1,1,0,1,0,0,2,0,0,0,0,0,0,0,0,0,0,0,1,1,0,0,0,0,downy-mildew
4,0,2,1,0,2,3,2,1,1,0,1,2,0,1,0,0,0,1,0,0,3,1,1,0,0,0,0,0,0,0,0,0,0,0,brown-spot
2,1,2,1,0,2,3,1,0,2,0,1,2,0,1,0,0,0,0,0,0,0,0,0,0,0,0,0,0,0,0,0,0,0,0,brown-spot
2,1,1,1,1,0,0,1,1,0,0,1,2,0,1,0,0,0,0,0,0,0,0,0,0,0,0,0,0,0,0,0,0,0,0,brown-spot
3,1,2,1,0,3,1,1,0,2,0,1,2,0,1,0,0,0,1,0,3,1,1,0,0,0,0,0,0,0,0,0,0,0,0,brown-spot
3,0,2,1,0,3,3,2,2,0,0,1,2,0,1,0,0,0,1,0,0,3,1,1,0,0,0,0,0,0,0,0,0,0,0,brown-spot
2,0,2,1,0,2,2,1,0,1,0,1,2,0,1,0,0,0,1,0,3,1,1,0,0,0,0,0,0,0,0,0,0,0,0,brown-spot
3,0,2,1,0,3,1,1,0,0,0,1,2,0,1,1,0,0,0,0,0,0,0,0,0,0,0,0,0,0,0,0,0,0,0,brown-spot
3,1,2,1,0,3,1,1,0,2,0,1,2,0,1,1,0,0,1,0,3,1,1,0,0,0,0,0,0,0,0,0,0,0,0,brown-spot
2,1,2,1,0,3,3,2,2,2,0,1,2,0,1,1,0,0,0,0,0,0,0,0,0,0,0,0,0,0,0,0,0,0,0,brown-spot
5,1,2,1,0,3,3,2,0,2,0,1,2,0,1,0,0,0,1,0,0,3,1,1,0,0,0,0,0,0,0,0,0,0,0,brown-spot
4,0,2,1,1,0,3,1,1,1,0,1,2,0,0,1,0,0,0,0,0,0,0,0,0,0,0,0,0,0,0,0,0,0,0,bacterial-blight
2,0,1,1,0,3,1,0,0,0,0,1,1,0,0,1,0,0,0,0,0,0,0,0,0,0,0,0,0,0,0,0,0,0,0,bacterial-blight
4,1,2,2,1,2,1,1,1,2,0,1,2,0,0,1,0,0,0,0,0,0,0,0,0,0,0,0,0,0,0,0,0,0,0,bacterial-blight
4,0,1,1,1,1,3,0,0,1,0,1,1,1,0,1,0,0,0,0,0,0,0,0,0,0,0,0,0,1,1,1,1,0,0,bacterial-pustule
5,1,1,1,0,2,0,0,1,2,0,1,1,1,0,1,0,0,0,0,0,0,0,0,0,0,0,0,0,0,0,0,0,0,1,bacterial-pustule
3,0,2,1,1,3,3,0,1,1,0,0,0,2,2,0,0,0,0,0,0,3,0,0,0,0,0,0,0,1,0,1,0,0,0,purple-seed-stain
5,0,2,1,0,1,1,0,0,0,0,1,2,0,0,0,0,0,1,0,0,3,0,0,0,0,0,1,1,1,0,1,0,0,0,purple-seed-stain
4,0,2,1,0,0,0,0,1,1,0,0,0,2,2,0,0,0,1,0,0,3,0,0,0,0,0,0,0,1,0,1,0,0,0,purple-seed-stain
6,1,2,2,1,0,0,1,0,1,0,1,0,2,2,0,0,0,1,0,3,1,1,1,0,0,0,1,2,0,0,0,0,0,0,anthracnose
5,0,2,1,0,1,1,1,0,0,0,0,0,2,2,0,0,0,1,0,3,2,1,0,0,0,0,1,2,1,1,0,1,1,0,anthracnose
6,1,2,2,1,3,3,0,2,1,0,1,0,2,2,0,0,0,1,1,3,2,1,1,0,0,0,1,2,0,0,0,0,0,0,anthracnose
5,1,2,1,0,3,3,1,0,1,0,0,0,2,2,0,0,0,1,0,3,2,0,0,0,0,0,1,2,1,1,0,1,1,0,anthracnose
5,1,2,1,0,2,2,1,1,1,0,0,0,2,2,0,0,0,1,0,3,2,0,0,0,0,0,1,2,1,1,0,1,1,0,anthracnose
2,0,0,2,1,3,0,1,1,0,1,1,2,0,1,1,0,0,0,0,0,0,0,0,0,0,0,0,0,0,0,0,0,0,0,phyllosticta-leaf-spot
2,1,1,2,0,3,3,0,2,2,0,1,2,0,1,1,0,0,0,0,0,0,0,0,0,0,0,0,0,0,0,0,0,0,0,phyllosticta-leaf-spot
5,0,2,1,0,1,2,0,1,0,0,1,2,0,1,1,0,0,0,0,0,0,0,0,0,0,0,0,0,0,0,0,0,0,0,alternarialeaf-spot
5,0,2,2,0,1,1,0,1,1,0,1,2,0,1,0,0,0,0,0,0,0,0,0,0,0,0,0,0,0,0,0,0,0,0,alternarialeaf-spot
4,0,2,2,0,1,1,1,0,2,0,1,2,0,1,0,0,0,0,0,0,0,0,0,0,0,0,0,0,0,0,0,0,0,0,alternarialeaf-spot
5,1,2,1,0,3,3,0,1,2,0,1,2,0,1,1,0,0,0,0,0,0,0,0,0,0,0,0,0,0,0,0,0,0,0,alternarialeaf-spot
6,0,2,1,0,2,1,0,0,1,0,1,2,0,1,1,0,0,0,0,0,0,0,0,0,0,0,0,0,0,0,0,0,0,0,alternarialeaf-spot
5,0,2,1,0,0,3,0,0,0,0,1,2,0,1,0,0,0,0,0,0,0,0,0,0,0,0,0,0,0,0,0,0,0,0,alternarialeaf-spot
6,0,2,1,0,0,3,0,0,1,0,1,2,0,1,0,0,0,0,0,0,0,0,0,0,0,0,0,0,0,0,0,0,0,0,alternarialeaf-spot
5,1,2,2,0,2,1,1,0,2,0,1,2,0,1,0,0,0,0,0,0,0,0,0,0,0,0,0,0,0,0,0,0,0,0,alternarialeaf-spot
5,0,2,1,0,3,0,0,1,0,0,1,2,0,1,1,0,0,0,0,0,0,0,0,0,0,0,0,0,0,0,0,0,0,0,alternarialeaf-spot
6,0,2,1,0,1,2,0,1,1,0,1,2,0,1,1,0,0,0,0,0,0,0,0,0,0,0,0,0,0,0,0,0,0,0,alternarialeaf-spot
5,1,2,2,0,3,3,0,1,2,0,1,2,0,1,0,0,0,1,0,3,2,0,1,0,0,0,1,1,0,0,0,0,0,0,frog-eye-leaf-spot
4,0,2,1,0,0,1,1,1,0,0,1,2,0,1,0,0,0,0,0,0,0,0,0,0,0,0,0,0,0,0,0,0,0,0,frog-eye-leaf-spot
4,0,2,1,0,2,3,1,1,1,0,1,2,0,1,0,0,0,1,0,3,1,0,1,0,0,0,1,1,0,0,0,0,0,0,frog-eye-leaf-spot
4,1,1,2,0,1,1,0,2,2,1,1,2,0,1,0,0,0,0,0,0,0,0,0,0,0,0,0,0,0,0,0,0,0,0,frog-eye-leaf-spot
4,0,2,1,0,2,0,0,0,1,0,1,2,0,1,0,0,0,0,0,0,0,0,0,0,0,0,0,0,0,0,0,0,0,0,frog-eye-leaf-spot
5,1,2,1,0,1,2,1,0,2,0,1,2,0,1,0,0,0,0,0,0,0,0,0,0,0,0,0,0,0,0,0,0,0,0,frog-eye-leaf-spot
4,0,2,2,0,1,3,1,1,0,0,1,2,0,1,0,0,0,1,0,3,2,0,1,0,0,0,1,1,0,0,0,0,0,0,frog-eye-leaf-spot
5,0,2,1,0,1,2,0,0,0,0,1,2,0,1,0,0,0,1,0,3,2,0,1,0,0,0,1,1,0,0,0,0,0,0,frog-eye-leaf-spot
5,0,2,2,0,2,0,0,0,1,0,1,2,0,1,0,0,0,1,0,3,2,0,1,0,0,0,1,1,0,0,0,0,0,0,frog-eye-leaf-spot
5,1,2,1,0,2,3,0,1,2,0,1,2,0,1,0,0,0,1,0,3,2,0,1,0,0,0,1,1,0,0,0,0,0,0,frog-eye-leaf-spot
5,?,2,2,?,2,3,?,?,?,0,0,?,?,?,?,?,?,1,?,0,0,1,0,0,0,0,1,2,1,1,1,1,1,?,diaporthe-pod-&-stem-blight
5,0,2,2,?,2,3,?,?,0,0,0,?,?,?,?,?,?,1,?,0,0,1,0,0,0,0,1,2,1,1,1,1,1,?,diaporthe-pod-&-stem-blight
4,?,?,?,?,2,1,?,?,?,1,1,?,?,?,?,?,?,0,?,?,?,?,?,?,?,?,2,?,1,0,?,1,?,2,cyst-nematode
1,1,?,0,?,1,3,?,?,?,1,1,2,1,1,0,1,?,1,?,?,?,?,?,?,?,?,3,?,?,?,?,?,?,1,herbicide-injury
